# Timestamps in ns,Energies
3.038064800000000000e+07 1.688000000000000000e+04
5.166332240000000000e+08 3.634100000000000000e+04
6.720176880000000000e+08 3.366100000000000000e+04
1.344278120000000000e+09 5.721700000000000000e+04
1.364726792000000000e+09 3.924300000000000000e+04
1.501696104000000000e+09 3.521100000000000000e+04
1.515674712000000000e+09 2.792700000000000000e+04
1.674276392000000000e+09 3.117399999999999272e+04
1.688185448000000000e+09 2.205900000000000000e+04
1.778792040000000000e+09 2.416900000000000000e+04
1.830594120000000000e+09 2.056100000000000000e+04
2.228462664000000000e+09 3.759500000000000000e+04
2.243013688000000000e+09 2.679799999999999272e+04
2.360651096000000000e+09 2.678000000000000728e+04
2.874814568000000000e+09 4.306400000000000000e+04
3.234515592000000000e+09 5.191300000000000000e+04
3.341626232000000000e+09 4.131100000000000000e+04
3.494598488000000000e+09 4.084600000000000000e+04
3.662509800000000000e+09 3.495500000000000000e+04
3.777031064000000000e+09 3.045599999999999272e+04
4.171778312000000000e+09 4.213100000000000000e+04
4.221988440000000000e+09 3.558200000000000000e+04
4.406518696000000000e+09 3.531100000000000728e+04
4.462014920000000000e+09 2.854800000000000000e+04
4.462074840000000000e+09 5.136000000000003638e+03
5.117420296000000000e+09 5.094300000000000000e+04
5.180626344000000000e+09 3.931000000000000000e+04
5.180712088000000000e+09 1.401400000000000728e+04
5.191129896000000000e+09 2.216300000000000000e+04
5.314871128000000000e+09 2.627300000000000000e+04
5.420407928000000000e+09 2.617600000000000000e+04
5.527131400000000000e+09 2.633800000000000000e+04
5.810546280000000000e+09 3.556300000000000728e+04
6.580603336000000000e+09 5.737400000000000000e+04
6.580722872000000000e+09 2.913900000000000000e+04
6.586375112000000000e+09 2.800100000000000000e+04
6.971318536000000000e+09 4.527100000000000000e+04
6.992401224000000000e+09 3.224000000000000000e+04
7.002126296000000000e+09 2.198000000000000000e+04
7.002195480000000000e+09 5.575999999999996362e+03
7.440956952000000000e+09 4.369900000000000000e+04
7.756939944000000000e+09 4.629000000000000000e+04
7.877779240000000000e+09 3.726400000000000000e+04
7.877851000000000000e+09 1.046800000000000364e+04
8.730182408000000000e+09 6.313600000000000000e+04
8.799979880000000000e+09 4.076200000000000000e+04
8.973206120000000000e+09 4.145900000000000000e+04
9.249421384000000000e+09 4.641700000000000000e+04
9.302166248000000000e+09 3.313699999999999272e+04
1.027654663200000000e+10 6.905800000000000000e+04
1.069663935200000000e+10 6.809200000000000000e+04
1.069670188000000000e+10 1.355399999999999272e+04
1.074665943200000000e+10 3.804700000000000000e+04
1.075138629600000000e+10 2.541700000000000000e+04
1.086614018400000000e+10 2.897200000000000000e+04
1.123042730400000000e+10 4.030000000000000000e+04
1.123049095200000000e+10 8.856999999999996362e+03
1.141888292000000000e+10 3.364699999999999272e+04
1.188938178400000000e+10 4.620200000000000000e+04
1.190861125600000000e+10 3.521700000000000000e+04
1.199689484000000000e+10 2.956800000000000000e+04
1.207113509600000000e+10 2.665200000000000000e+04
1.211921770400000000e+10 2.381500000000000000e+04
1.249725932000000000e+10 3.575800000000000728e+04
1.257240304800000000e+10 3.433500000000000000e+04
1.275551364000000000e+10 3.471600000000000000e+04
1.283445032800000000e+10 2.791900000000000728e+04
1.291133098400000000e+10 2.535600000000000000e+04
1.324882173600000000e+10 3.645600000000000000e+04
1.329391240800000000e+10 2.872300000000000000e+04
1.348249135200000000e+10 3.229100000000000000e+04
1.379010360800000000e+10 4.224300000000000000e+04
1.379017831200000000e+10 1.184300000000000364e+04
1.405521183200000000e+10 3.635499999999999272e+04
1.459326194400000000e+10 5.522400000000000000e+04
1.459331728800000000e+10 9.205999999999996362e+03
1.480155943200000000e+10 4.091200000000000000e+04
1.504071816800000000e+10 4.112400000000000000e+04
1.513508788000000000e+10 3.287200000000000000e+04
1.535906040800000000e+10 4.112400000000000000e+04
1.537150016800000000e+10 2.772900000000000000e+04
1.547065346400000000e+10 2.527000000000000000e+04
1.551746549600000000e+10 2.225800000000000000e+04
1.565543362400000000e+10 2.464300000000000000e+04
1.590295743200000000e+10 3.327200000000000000e+04
1.618001773600000000e+10 4.065400000000000000e+04
1.633939600800000000e+10 3.701300000000000000e+04
1.664229740000000000e+10 4.233700000000000000e+04
1.692031396000000000e+10 4.342200000000000000e+04
1.714915464800000000e+10 4.172800000000000000e+04
1.721161687200000000e+10 3.433400000000000000e+04
1.795474364000000000e+10 6.297800000000000000e+04
1.808991820000000000e+10 4.653500000000000000e+04
1.818321423200000000e+10 3.743400000000000000e+04
1.821082247200000000e+10 2.680399999999999272e+04
1.821088847200000000e+10 6.059999999999996362e+03
1.835603928800000000e+10 2.628800000000000000e+04
1.842832818400000000e+10 2.407900000000000000e+04
1.845860956000000000e+10 2.074500000000000000e+04
1.850749997600000000e+10 1.889900000000000000e+04
1.850757229600000000e+10 4.462999999999992724e+03
1.881290208800000000e+10 3.059600000000000728e+04
1.887627207200000000e+10 2.378400000000000000e+04
1.890349640800000000e+10 1.964900000000000000e+04
1.963339165600000000e+10 4.896300000000000000e+04
1.963516220000000000e+10 3.671100000000000000e+04
2.020529986400000000e+10 5.289000000000000000e+04
2.038711652000000000e+10 4.382200000000000000e+04
2.066357580000000000e+10 4.610100000000000000e+04
2.066677472800000000e+10 3.289200000000000000e+04
2.073784084000000000e+10 2.759100000000000000e+04
2.126303957600000000e+10 4.447000000000000000e+04
2.144751252000000000e+10 4.280500000000000000e+04
2.164385589600000000e+10 3.836900000000000000e+04
2.170325053600000000e+10 2.931899999999999272e+04
2.170989724000000000e+10 2.216000000000000000e+04
2.178932477600000000e+10 2.176500000000000000e+04
2.205392439200000000e+10 3.032500000000000000e+04
2.240903615200000000e+10 4.159500000000000000e+04
2.257316213600000000e+10 3.841300000000000000e+04
2.268276469600000000e+10 3.352000000000000000e+04
2.301096045600000000e+10 3.907000000000000000e+04
2.307097159200000000e+10 3.134900000000000000e+04
2.326083125600000000e+10 3.409900000000000728e+04
2.365011776800000000e+10 4.474600000000000000e+04
2.373468088800000000e+10 3.672000000000000000e+04
2.387375076000000000e+10 3.435600000000000000e+04
2.448703244000000000e+10 5.875400000000000000e+04
2.496026757600000000e+10 5.693200000000000000e+04
2.502287018400000000e+10 3.996900000000000000e+04
2.517422968800000000e+10 3.952700000000000000e+04
2.522009184800000000e+10 2.935800000000000728e+04
2.536838340000000000e+10 3.207900000000000000e+04
2.565618813600000000e+10 3.738500000000000000e+04
2.600525109600000000e+10 4.597700000000000000e+04
2.629735082400000000e+10 4.548700000000000000e+04
2.678282741600000000e+10 5.201700000000000000e+04
2.678487416800000000e+10 3.527600000000000000e+04
2.692882263200000000e+10 3.408599999999999272e+04
2.696875504800000000e+10 2.833900000000000000e+04
2.701354988000000000e+10 2.441799999999999272e+04
2.713957103200000000e+10 2.539000000000000000e+04
2.713984754400000000e+10 2.110300000000000000e+04
2.724775674400000000e+10 2.150500000000000000e+04
2.753668786400000000e+10 3.035700000000000728e+04
2.753674210400000000e+10 3.702999999999992724e+03
2.770697756000000000e+10 3.138300000000000000e+04
2.797619610400000000e+10 3.637700000000000000e+04
2.812625032800000000e+10 3.393799999999999272e+04
2.833470234400000000e+10 3.438300000000000728e+04
2.864979264800000000e+10 4.335300000000000000e+04
2.932881215200000000e+10 5.921200000000000000e+04
2.933857269600000000e+10 3.738400000000000000e+04
2.940245583200000000e+10 3.243100000000000000e+04
2.972116380000000000e+10 4.181900000000000000e+04
2.972130224800000000e+10 2.807400000000000000e+04
2.975863272800000000e+10 2.424000000000000000e+04
3.014023146400000000e+10 3.725400000000000000e+04
3.016131973600000000e+10 2.975500000000000000e+04
3.016511924000000000e+10 2.166400000000000000e+04
3.051019692000000000e+10 3.464800000000000728e+04
3.051025540000000000e+10 6.903999999999992724e+03
3.052626047200000000e+10 2.354999999999999272e+04
3.060120984800000000e+10 2.369499999999999272e+04
3.113155135200000000e+10 4.390700000000000000e+04
3.138100703200000000e+10 4.116000000000000000e+04
3.165780357600000000e+10 4.721000000000000000e+04
3.165788442400000000e+10 1.730800000000000364e+04
3.191541244000000000e+10 3.911100000000000000e+04
3.208615492000000000e+10 4.158000000000000000e+04
3.266144621600000000e+10 5.567400000000000000e+04
3.266150208800000000e+10 9.533999999999992724e+03
3.294940036000000000e+10 4.938300000000000000e+04
3.296389186400000000e+10 3.609600000000000000e+04
3.326915421600000000e+10 3.756100000000000000e+04
3.326934120800000000e+10 2.715300000000000728e+04
3.342577466400000000e+10 3.241100000000000728e+04
3.355766090400000000e+10 2.897499999999999272e+04
3.383494690400000000e+10 3.883500000000000000e+04
3.398251618400000000e+10 3.465900000000000000e+04
3.404585880800000000e+10 2.712000000000000000e+04
3.416688188000000000e+10 2.738699999999999272e+04
3.426692304800000000e+10 2.696100000000000000e+04
3.445326912800000000e+10 2.865599999999999272e+04
3.458371565600000000e+10 2.981500000000000000e+04
3.492598013600000000e+10 4.289700000000000000e+04
3.526450031200000000e+10 4.964500000000000000e+04
3.543996162400000000e+10 4.395500000000000000e+04
3.544001997600000000e+10 7.984000000000003638e+03
3.549512800800000000e+10 2.892000000000000000e+04
3.597573047200000000e+10 5.108100000000000000e+04
3.597583040800000000e+10 2.042299999999999272e+04
3.599679877600000000e+10 2.568600000000000728e+04
3.615261816800000000e+10 3.009800000000000000e+04
3.637425279200000000e+10 3.340800000000000728e+04
3.638763613600000000e+10 2.428600000000000000e+04
3.652948519200000000e+10 2.691000000000000000e+04
3.658619194400000000e+10 2.541600000000000000e+04
3.683855632800000000e+10 3.092500000000000000e+04
3.689886928800000000e+10 2.536800000000000000e+04
3.689904898400000000e+10 1.703900000000000000e+04
3.723864181600000000e+10 3.470800000000000000e+04
3.758402276000000000e+10 4.424900000000000000e+04
3.775736308000000000e+10 4.222800000000000000e+04
3.775741421600000000e+10 4.195000000000003638e+03
3.778680989600000000e+10 2.643400000000000000e+04
3.796429658400000000e+10 3.089000000000000000e+04
3.818313949600000000e+10 3.576900000000000000e+04
3.821147548000000000e+10 2.798400000000000000e+04
3.854892309600000000e+10 3.807700000000000000e+04
3.862042394400000000e+10 3.155500000000000000e+04
3.874167384800000000e+10 2.981700000000000000e+04
3.891928300000000000e+10 3.251400000000000000e+04
3.900180744800000000e+10 2.715200000000000000e+04
3.901885437600000000e+10 2.168000000000000000e+04
3.963048991200000000e+10 4.909700000000000000e+04
3.968388250400000000e+10 4.027300000000000000e+04
3.968652205600000000e+10 2.311500000000000000e+04
3.985106800800000000e+10 2.895000000000000000e+04
4.068883183200000000e+10 6.216000000000000000e+04
4.094816797600000000e+10 5.249300000000000000e+04
4.102798728800000000e+10 3.845700000000000000e+04
4.123152114400000000e+10 4.096100000000000000e+04
4.145326210400000000e+10 4.324400000000000000e+04
4.154123452000000000e+10 3.406399999999999272e+04
4.155362016800000000e+10 2.342400000000000000e+04
4.176609165600000000e+10 3.132500000000000000e+04
4.201989722400000000e+10 3.555799999999999272e+04
4.213680080800000000e+10 3.273500000000000000e+04
4.213700789600000000e+10 2.200600000000000000e+04
4.216596535200000000e+10 2.049100000000000000e+04
4.243180375200000000e+10 2.915799999999999272e+04
4.243185669600000000e+10 2.592000000000007276e+03
4.243194180000000000e+10 6.213000000000003638e+03
4.266641999200000000e+10 3.126100000000000728e+04
4.278379063200000000e+10 2.865500000000000000e+04
4.300683058400000000e+10 3.329000000000000728e+04
4.349341728800000000e+10 5.370900000000000000e+04
4.402315476000000000e+10 6.790300000000000000e+04
4.450071519200000000e+10 5.990400000000000000e+04
4.456249026400000000e+10 4.154100000000000000e+04
4.459090772000000000e+10 2.975499999999999272e+04
4.467811394400000000e+10 3.023000000000000000e+04
4.473971087200000000e+10 2.471200000000000000e+04
4.510697524000000000e+10 4.092700000000000000e+04
4.537305989600000000e+10 4.141800000000000000e+04
4.562848420000000000e+10 4.171200000000000000e+04
4.565718690400000000e+10 3.233000000000000000e+04
4.593133488800000000e+10 3.596000000000000728e+04
4.593140242400000000e+10 9.991999999999992724e+03
4.611552276000000000e+10 3.377900000000000000e+04
4.627377482400000000e+10 3.322500000000000000e+04
4.670092887200000000e+10 4.348300000000000000e+04
4.684705909600000000e+10 4.150400000000000000e+04
4.701523637600000000e+10 4.181900000000000000e+04
4.722506650400000000e+10 3.855000000000000000e+04
4.729583308000000000e+10 3.289399999999999272e+04
4.739115674400000000e+10 2.956899999999999272e+04
4.766364519200000000e+10 3.636900000000000728e+04
4.774775903200000000e+10 2.919600000000000728e+04
4.803645122400000000e+10 3.628100000000000728e+04
4.825503386400000000e+10 3.662300000000000000e+04
4.838013485600000000e+10 3.771600000000000000e+04
4.855361917600000000e+10 3.347399999999999272e+04
4.858419269600000000e+10 2.728100000000000728e+04
4.903681813600000000e+10 4.244700000000000000e+04
4.912798855200000000e+10 3.555000000000000000e+04
4.932329639200000000e+10 3.393800000000000000e+04
4.958329900000000000e+10 4.088800000000000000e+04
4.962697888800000000e+10 3.025399999999999272e+04
4.962708397600000000e+10 1.515600000000000364e+04
4.998112975200000000e+10 3.857500000000000000e+04
5.001783613600000000e+10 2.763900000000000000e+04
5.012023309600000000e+10 2.980900000000000000e+04
5.035718296800000000e+10 3.352600000000000000e+04
5.035727397600000000e+10 1.347299999999999636e+04
5.037572306400000000e+10 2.113100000000000000e+04
5.042314244000000000e+10 1.976500000000000000e+04
5.060680820000000000e+10 2.525400000000000000e+04
5.098482532000000000e+10 3.886800000000000000e+04
5.148138706400000000e+10 5.905000000000000000e+04
5.150551434400000000e+10 3.588100000000000000e+04
5.151319592800000000e+10 2.568000000000000000e+04
5.155852503200000000e+10 2.212299999999999272e+04
5.162335631200000000e+10 2.212600000000000000e+04
5.163862560800000000e+10 1.859300000000000000e+04
5.177804037600000000e+10 2.199200000000000000e+04
5.179239162400000000e+10 1.752800000000000364e+04
5.198545319200000000e+10 2.380600000000000728e+04
5.255147108000000000e+10 4.678900000000000000e+04
5.305460538400000000e+10 5.963700000000000000e+04
5.307294311200000000e+10 3.534700000000000728e+04
5.328048204000000000e+10 4.012500000000000000e+04
5.338782260000000000e+10 3.424100000000000728e+04
5.357089888800000000e+10 3.379700000000000728e+04
5.378771232800000000e+10 3.814500000000000000e+04
5.391454836000000000e+10 3.365000000000000728e+04
5.403123260000000000e+10 2.982200000000000728e+04
5.407985274400000000e+10 2.598500000000000000e+04
5.447215420000000000e+10 3.850400000000000000e+04
5.470395685600000000e+10 3.851900000000000000e+04
5.478196591200000000e+10 3.285700000000000000e+04
5.485583597600000000e+10 2.861000000000000000e+04
5.508618471200000000e+10 3.316500000000000000e+04
5.525136047200000000e+10 3.281800000000000728e+04
5.568241863200000000e+10 4.343400000000000000e+04
5.568249424800000000e+10 1.424200000000000364e+04
5.580836220000000000e+10 3.512499999999999272e+04
5.633127842400000000e+10 5.185300000000000000e+04
5.675630079200000000e+10 5.719600000000000000e+04
5.705997234400000000e+10 4.948200000000000000e+04
5.712592298400000000e+10 4.046300000000000000e+04
5.734227087200000000e+10 3.891300000000000000e+04
5.746598004000000000e+10 3.462400000000000000e+04
5.765450354400000000e+10 3.795000000000000000e+04
5.765461957600000000e+10 6.522999999999996362e+03
5.789525093600000000e+10 3.439000000000000728e+04
5.801831976800000000e+10 3.363699999999999272e+04
5.831982045600000000e+10 3.994700000000000000e+04
5.840404413600000000e+10 3.152799999999999272e+04
5.870514640800000000e+10 3.971400000000000000e+04
5.888442858400000000e+10 3.593300000000000000e+04
5.928171804000000000e+10 4.649800000000000000e+04
5.951118463200000000e+10 4.945500000000000000e+04
5.992033583200000000e+10 5.393200000000000000e+04
5.992044444000000000e+10 2.342600000000000000e+04
6.001071522400000000e+10 3.233499999999999272e+04
6.001086199200000000e+10 2.127300000000000000e+04
6.007489908000000000e+10 2.308800000000000000e+04
6.007498164000000000e+10 7.881000000000007276e+03
6.011675245600000000e+10 1.860800000000000000e+04
6.047614674400000000e+10 3.131600000000000000e+04
6.057290912800000000e+10 2.944700000000000728e+04
6.066651220000000000e+10 2.715599999999999272e+04
6.071057008800000000e+10 2.377000000000000000e+04
6.084317898400000000e+10 2.442200000000000000e+04
6.148038631200000000e+10 4.856000000000000000e+04
6.148048520800000000e+10 1.703800000000000000e+04
6.164783824800000000e+10 3.676000000000000000e+04
6.196762295200000000e+10 4.450900000000000000e+04
6.201336068000000000e+10 3.047100000000000000e+04
6.228886920800000000e+10 3.769100000000000000e+04
6.228898477600000000e+10 8.061000000000007276e+03
6.229484564000000000e+10 2.296100000000000000e+04
6.343960517600000000e+10 7.152400000000000000e+04
6.343965165600000000e+10 6.515999999999992724e+03
6.377139346400000000e+10 5.478400000000000000e+04
6.391546844000000000e+10 4.744000000000000000e+04
6.396537765600000000e+10 3.142300000000000000e+04
6.426845320800000000e+10 4.279800000000000000e+04
6.495564352800000000e+10 6.095200000000000000e+04
6.555579093600000000e+10 7.082800000000000000e+04
6.587433925600000000e+10 5.245600000000000000e+04
6.588829432800000000e+10 3.780700000000000000e+04
6.596723440800000000e+10 3.463900000000000728e+04
6.599446263200000000e+10 2.491100000000000000e+04
6.599451972000000000e+10 2.964000000000007276e+03
6.624945402400000000e+10 3.474000000000000000e+04
6.641963829600000000e+10 3.219299999999999272e+04
6.653581895200000000e+10 2.985599999999999272e+04
6.661710735200000000e+10 2.716400000000000000e+04
6.661717986400000000e+10 7.834999999999996362e+03
6.698443762400000000e+10 3.594700000000000000e+04
6.718373871200000000e+10 3.751000000000000000e+04
6.718397034400000000e+10 2.632200000000000000e+04
6.773454516000000000e+10 5.000600000000000000e+04
6.775117716000000000e+10 3.389500000000000000e+04
6.775130208800000000e+10 1.933900000000000000e+04
6.785559508000000000e+10 2.834300000000000000e+04
6.804367964000000000e+10 3.281100000000000000e+04
6.804390861600000000e+10 2.180700000000000000e+04
6.817465213600000000e+10 2.573100000000000000e+04
6.824997703200000000e+10 2.350700000000000000e+04
6.846282037600000000e+10 2.947000000000000000e+04
6.878749256800000000e+10 4.257500000000000000e+04
6.894092906400000000e+10 3.549900000000000000e+04
6.895867336800000000e+10 2.832100000000000000e+04
6.896018053600000000e+10 1.879300000000000000e+04
6.914125701600000000e+10 2.677000000000000000e+04
6.928999778400000000e+10 2.847800000000000000e+04
6.941790487200000000e+10 2.733700000000000000e+04
6.951377172000000000e+10 2.685999999999999272e+04
6.968730354400000000e+10 2.863900000000000000e+04
6.976419444000000000e+10 2.771000000000000000e+04
6.976425978400000000e+10 5.608000000000000000e+03
6.988409503200000000e+10 2.519200000000000000e+04
6.998988320800000000e+10 2.566600000000000000e+04
6.998994674400000000e+10 4.724000000000003638e+03
7.023949213600000000e+10 2.966700000000000000e+04
7.023955951200000000e+10 8.023000000000000000e+03
7.139288367200000000e+10 6.797900000000000000e+04
7.158811551200000000e+10 5.226600000000000000e+04
7.158823325600000000e+10 2.315500000000000728e+04
7.160706975200000000e+10 2.701300000000000000e+04
7.160718615200000000e+10 6.076000000000000000e+03
7.176816298400000000e+10 2.811700000000000000e+04
7.227668160800000000e+10 5.075200000000000000e+04
7.267879450400000000e+10 5.335200000000000000e+04
7.290412072800000000e+10 4.253200000000000000e+04
7.290417231200000000e+10 5.616999999999996362e+03
7.341271148000000000e+10 5.724900000000000000e+04
7.341276269600000000e+10 7.272999999999996362e+03
7.382198655200000000e+10 5.053600000000000000e+04
7.382204125600000000e+10 9.693000000000003638e+03
7.395601210400000000e+10 3.979100000000000000e+04
7.397462962400000000e+10 2.952600000000000000e+04
7.453490434400000000e+10 4.741000000000000000e+04
7.464875904800000000e+10 3.992300000000000000e+04
7.468163826400000000e+10 3.136700000000000000e+04
7.524153973600000000e+10 5.004300000000000000e+04
7.534912048800000000e+10 3.834600000000000000e+04
7.596437316000000000e+10 5.497700000000000000e+04
7.693991960800000000e+10 7.918400000000000000e+04
7.695101396000000000e+10 4.317500000000000000e+04
7.695106544800000000e+10 5.516999999999996362e+03
7.745407156000000000e+10 5.275500000000000000e+04
7.784753197600000000e+10 6.335600000000000000e+04
7.785799692000000000e+10 3.451100000000000728e+04
7.877011119200000000e+10 6.263200000000000000e+04
7.881514786400000000e+10 4.150400000000000000e+04
7.926387184800000000e+10 5.784200000000000000e+04
7.949431114400000000e+10 4.481800000000000000e+04
7.955566879200000000e+10 3.586800000000000000e+04
7.965171450400000000e+10 3.169500000000000000e+04
7.971383992800000000e+10 2.560500000000000000e+04
7.998655015200000000e+10 3.741500000000000000e+04
7.998950090400000000e+10 2.413500000000000000e+04
8.001060344800000000e+10 2.008500000000000000e+04
8.007969007200000000e+10 2.056600000000000000e+04
8.025017652000000000e+10 2.436300000000000000e+04
8.070398858400000000e+10 4.649000000000000000e+04
8.109475663200000000e+10 4.897100000000000000e+04
8.111543407200000000e+10 3.269000000000000728e+04
8.121860418400000000e+10 3.063100000000000728e+04
8.154089128800000000e+10 4.208700000000000000e+04
8.161359276000000000e+10 3.107300000000000000e+04
8.170058207200000000e+10 2.798500000000000728e+04
8.170069479200000000e+10 1.462200000000000728e+04
8.170077829600000000e+10 4.989000000000007276e+03
8.195211741600000000e+10 2.934400000000000000e+04
8.221170311200000000e+10 3.756700000000000000e+04
8.234181133600000000e+10 3.364200000000000000e+04
8.237087325600000000e+10 2.560900000000000000e+04
8.258157215200000000e+10 3.158499999999999272e+04
8.263529538400000000e+10 2.540300000000000000e+04
8.295354364000000000e+10 3.601000000000000000e+04
8.300108221600000000e+10 2.849400000000000000e+04
8.343063618400000000e+10 4.354500000000000000e+04
8.343072154400000000e+10 1.550500000000000728e+04
8.372082096800000000e+10 3.907400000000000000e+04
8.402138914400000000e+10 4.616000000000000000e+04
8.402145301600000000e+10 1.141800000000000364e+04
8.464975055200000000e+10 5.977400000000000000e+04
8.477681034400000000e+10 4.378700000000000000e+04
8.493177764000000000e+10 4.166400000000000000e+04
8.493688413600000000e+10 2.712800000000000000e+04
8.530319594400000000e+10 3.914400000000000000e+04
8.577275892000000000e+10 5.089800000000000000e+04
8.589507802400000000e+10 4.159800000000000000e+04
8.591817282400000000e+10 3.116700000000000728e+04
8.596880151200000000e+10 2.735800000000000000e+04
8.604685042400000000e+10 2.476500000000000000e+04
8.607888986400000000e+10 2.039900000000000000e+04
8.607897298400000000e+10 7.498999999999992724e+03
8.626742786400000000e+10 2.470800000000000000e+04
8.638120612000000000e+10 2.392400000000000000e+04
8.705325864800000000e+10 5.691200000000000000e+04
8.719287013600000000e+10 4.356700000000000000e+04
8.721104730400000000e+10 3.033500000000000000e+04
8.761245314400000000e+10 4.301700000000000000e+04
8.769618586400000000e+10 3.579000000000000000e+04
8.777997050400000000e+10 3.132900000000000000e+04
8.783980229600000000e+10 2.631200000000000000e+04
8.787875855200000000e+10 2.211400000000000000e+04
8.792515485600000000e+10 1.985900000000000000e+04
8.810167770400000000e+10 2.398499999999999272e+04
8.821823596000000000e+10 2.514600000000000000e+04
8.833026101600000000e+10 2.629900000000000000e+04
8.863045364000000000e+10 3.328000000000000000e+04
8.867866109600000000e+10 2.805300000000000000e+04
8.869493469600000000e+10 2.089800000000000000e+04
8.872244690400000000e+10 1.838000000000000000e+04
8.876856716000000000e+10 1.768000000000000000e+04
8.899920338400000000e+10 2.648799999999999272e+04
8.907630892000000000e+10 2.328700000000000728e+04
