# Timestamps in ns,Energies
2.526698320000000000e+08 5.573700000000000000e+04
2.677260720000000000e+08 3.367500000000000728e+04
2.948860560000000000e+08 2.674500000000000000e+04
2.949433520000000000e+08 3.914999999999992724e+03
3.078711120000000000e+08 1.933200000000000000e+04
3.302790640000000000e+08 1.680500000000000000e+04
3.828602000000000000e+08 1.686399999999999636e+04
4.485402480000000000e+08 1.730699999999999636e+04
5.297113040000000000e+08 1.748200000000000000e+04
5.902645680000000000e+08 1.745099999999999272e+04
1.060670440000000000e+09 3.749500000000000000e+04
1.121290872000000000e+09 2.900800000000000000e+04
1.140301384000000000e+09 2.336000000000000000e+04
1.140409608000000000e+09 1.080199999999999272e+04
1.274460968000000000e+09 2.213500000000000000e+04
1.314142232000000000e+09 1.912900000000000000e+04
1.537796776000000000e+09 2.795600000000000000e+04
1.734894712000000000e+09 3.390900000000000728e+04
2.064034760000000000e+09 3.851300000000000000e+04
2.064084152000000000e+09 3.647000000000000000e+03
2.068023368000000000e+09 2.463200000000000000e+04
2.156858440000000000e+09 2.505500000000000728e+04
2.359184600000000000e+09 3.087000000000000728e+04
2.359265864000000000e+09 1.207000000000000000e+04
2.864807640000000000e+09 5.164600000000000000e+04
2.974531208000000000e+09 4.070800000000000000e+04
2.974587800000000000e+09 5.898000000000007276e+03
3.726616632000000000e+09 6.740700000000000000e+04
3.765854424000000000e+09 3.960900000000000000e+04
3.904936744000000000e+09 3.728800000000000000e+04
3.905105608000000000e+09 2.228100000000000000e+04
3.922053496000000000e+09 2.071300000000000728e+04
4.033689256000000000e+09 2.336500000000000000e+04
4.048956152000000000e+09 1.832000000000000000e+04
4.254219768000000000e+09 2.507900000000000000e+04
4.503447576000000000e+09 3.261400000000000728e+04
4.619726168000000000e+09 2.891400000000000728e+04
4.639361768000000000e+09 2.353000000000000000e+04
4.783798872000000000e+09 2.599399999999999272e+04
4.846802920000000000e+09 2.257300000000000000e+04
4.846877560000000000e+09 6.598999999999992724e+03
5.027942232000000000e+09 2.618900000000000000e+04
5.338171160000000000e+09 3.650700000000000000e+04
5.467039496000000000e+09 3.308000000000000000e+04
5.922627416000000000e+09 4.865000000000000000e+04
5.939369208000000000e+09 3.255000000000000000e+04
6.061304808000000000e+09 3.534900000000000000e+04
6.301668568000000000e+09 3.830400000000000000e+04
6.304320840000000000e+09 2.496100000000000000e+04
6.340684936000000000e+09 2.257800000000000000e+04
6.534415816000000000e+09 2.804100000000000000e+04
6.655032344000000000e+09 2.851200000000000000e+04
6.696532056000000000e+09 2.262000000000000000e+04
6.704796168000000000e+09 1.684799999999999272e+04
7.314751304000000000e+09 4.503300000000000000e+04
7.849132696000000000e+09 6.409500000000000000e+04
7.852437880000000000e+09 3.620000000000000728e+04
7.974579576000000000e+09 3.495900000000000000e+04
8.083332856000000000e+09 3.033000000000000000e+04
8.083524792000000000e+09 2.710100000000000000e+04
8.413478504000000000e+09 3.735500000000000000e+04
8.592361160000000000e+09 3.494200000000000728e+04
8.717550584000000000e+09 3.317000000000000000e+04
8.719008168000000000e+09 2.192400000000000728e+04
8.719085896000000000e+09 7.097999999999996362e+03
8.824356040000000000e+09 2.288600000000000000e+04
9.089568616000000000e+09 3.302400000000000000e+04
9.224454888000000000e+09 3.125299999999999272e+04
9.224506328000000000e+09 1.815000000000000000e+03
9.374428120000000000e+09 2.987300000000000000e+04
9.831341864000000000e+09 4.543000000000000000e+04
9.870809816000000000e+09 3.301900000000000000e+04
9.921666040000000000e+09 2.608099999999999272e+04
1.009884503200000000e+10 3.087900000000000728e+04
1.009892964000000000e+10 1.058200000000000364e+04
1.013278170400000000e+10 2.240800000000000000e+04
1.018224784800000000e+10 1.906700000000000000e+04
1.025428020000000000e+10 1.936000000000000000e+04
1.032613789600000000e+10 1.896500000000000000e+04
1.038604028000000000e+10 1.751799999999999636e+04
1.047420175200000000e+10 1.852900000000000000e+04
1.047426591200000000e+10 2.719000000000007276e+03
1.050056850400000000e+10 1.524000000000000364e+04
1.054962016800000000e+10 1.505800000000000364e+04
1.090533207200000000e+10 3.048700000000000728e+04
1.095835220000000000e+10 2.547800000000000000e+04
1.100872096800000000e+10 2.163200000000000000e+04
1.135848202400000000e+10 3.581300000000000000e+04
1.142251341600000000e+10 3.102800000000000000e+04
1.159616509600000000e+10 3.009199999999999272e+04
1.170203365600000000e+10 2.943100000000000000e+04
1.187866551200000000e+10 3.200700000000000728e+04
1.211257192800000000e+10 3.711800000000000000e+04
1.235409136800000000e+10 3.992600000000000000e+04
1.259708500000000000e+10 4.307100000000000000e+04
1.259727663200000000e+10 2.670200000000000000e+04
1.261814752800000000e+10 2.222600000000000000e+04
1.263512221600000000e+10 1.868000000000000000e+04
1.264750183200000000e+10 1.501599999999999636e+04
1.275108844000000000e+10 1.896000000000000000e+04
1.329122927200000000e+10 4.120300000000000000e+04
1.343629109600000000e+10 3.887400000000000000e+04
1.351136927200000000e+10 3.070199999999999272e+04
1.383995125600000000e+10 4.258700000000000000e+04
1.388977226400000000e+10 3.227200000000000728e+04
1.394064332000000000e+10 2.571300000000000000e+04
1.455939452000000000e+10 5.240400000000000000e+04
1.460194812000000000e+10 3.512100000000000000e+04
1.470597000800000000e+10 3.315600000000000000e+04
1.476617762400000000e+10 2.739199999999999272e+04
1.489876516000000000e+10 2.827300000000000000e+04
1.512450575200000000e+10 3.273300000000000000e+04
1.521583026400000000e+10 2.941300000000000000e+04
1.540893632800000000e+10 3.564600000000000000e+04
1.574981082400000000e+10 4.554400000000000000e+04
1.582465463200000000e+10 3.193000000000000000e+04
1.592453279200000000e+10 3.264699999999999272e+04
1.598071904800000000e+10 2.543999999999999272e+04
1.660909157600000000e+10 5.342600000000000000e+04
1.675394360800000000e+10 3.943600000000000000e+04
1.696254103200000000e+10 4.203000000000000000e+04
1.700718277600000000e+10 3.177200000000000000e+04
1.728010047200000000e+10 4.138500000000000000e+04
1.728277212000000000e+10 2.417700000000000000e+04
1.743457183200000000e+10 2.943100000000000000e+04
1.744736637600000000e+10 2.168000000000000000e+04
1.757776460000000000e+10 2.546000000000000000e+04
1.775445760800000000e+10 2.787799999999999272e+04
1.782054604000000000e+10 2.523000000000000000e+04
1.791663420000000000e+10 2.367200000000000000e+04
1.797819192800000000e+10 2.176500000000000000e+04
1.846315064800000000e+10 4.311400000000000000e+04
1.852856861600000000e+10 3.314700000000000000e+04
1.853077356000000000e+10 2.313100000000000000e+04
1.862627837600000000e+10 2.398900000000000728e+04
1.873459576800000000e+10 2.543100000000000000e+04
1.918426936800000000e+10 4.266300000000000000e+04
1.959255957600000000e+10 5.558400000000000000e+04
1.966062252000000000e+10 3.711900000000000000e+04
1.977250684000000000e+10 3.321399999999999272e+04
2.008868912800000000e+10 4.266300000000000000e+04
2.019467135200000000e+10 3.376699999999999272e+04
2.035356154400000000e+10 3.468800000000000728e+04
2.041378613600000000e+10 2.920600000000000000e+04
2.051587143200000000e+10 2.596600000000000000e+04
2.055630330400000000e+10 2.279399999999999272e+04
2.061252789600000000e+10 2.049000000000000000e+04
2.061261576800000000e+10 7.655999999999996362e+03
2.084971296800000000e+10 2.586900000000000000e+04
2.098929165600000000e+10 2.817500000000000728e+04
2.115967285600000000e+10 2.961400000000000000e+04
2.122204402400000000e+10 2.586300000000000000e+04
2.133871620000000000e+10 2.559400000000000000e+04
2.150469901600000000e+10 2.783800000000000000e+04
2.153722066400000000e+10 2.223900000000000000e+04
2.166499408800000000e+10 2.735999999999999272e+04
2.166512839200000000e+10 1.493900000000000364e+04
2.172026492000000000e+10 1.847900000000000000e+04
2.175468864800000000e+10 1.640800000000000000e+04
2.177781309600000000e+10 1.438000000000000728e+04
2.188647602400000000e+10 1.712000000000000000e+04
2.192765916000000000e+10 1.582499999999999272e+04
2.203331332000000000e+10 1.804200000000000000e+04
2.203337589600000000e+10 2.260000000000003638e+03
2.218262628000000000e+10 2.137000000000000000e+04
2.219920215200000000e+10 1.693599999999999636e+04
2.282242786400000000e+10 4.409900000000000000e+04
2.302066666400000000e+10 4.218500000000000000e+04
2.302075439200000000e+10 1.567100000000000000e+04
2.330042696800000000e+10 4.009600000000000000e+04
2.349650287200000000e+10 3.806100000000000000e+04
2.360524784800000000e+10 3.593699999999999272e+04
2.360534125600000000e+10 1.523300000000000364e+04
2.366088496800000000e+10 2.400000000000000000e+04
2.404309319200000000e+10 4.020700000000000000e+04
2.409091591200000000e+10 2.896999999999999272e+04
2.413254308000000000e+10 2.512700000000000000e+04
2.417727456800000000e+10 2.148900000000000000e+04
2.443656532000000000e+10 3.257500000000000000e+04
2.443663535200000000e+10 9.723999999999996362e+03
2.476863308000000000e+10 3.781200000000000000e+04
2.500842058400000000e+10 4.417200000000000000e+04
2.500857212000000000e+10 1.062300000000000364e+04
2.522880720800000000e+10 3.339100000000000000e+04
2.533682784800000000e+10 3.146900000000000728e+04
2.533691015200000000e+10 1.163700000000000000e+04
2.566080373600000000e+10 3.793700000000000000e+04
2.586979738400000000e+10 3.770200000000000000e+04
2.632013781600000000e+10 5.139300000000000000e+04
2.632018946400000000e+10 7.440999999999992724e+03
2.661466909600000000e+10 4.944300000000000000e+04
2.675778764000000000e+10 3.978000000000000000e+04
2.675789570400000000e+10 1.824400000000000000e+04
2.695257517600000000e+10 3.510500000000000728e+04
2.766188050400000000e+10 5.921700000000000000e+04
2.766193101600000000e+10 8.156000000000003638e+03
2.769071436000000000e+10 3.655100000000000000e+04
2.776943087200000000e+10 3.041399999999999272e+04
2.787648415200000000e+10 3.091600000000000000e+04
2.817478552800000000e+10 4.281400000000000000e+04
2.828981024800000000e+10 3.381100000000000728e+04
2.836124276000000000e+10 2.801999999999999272e+04
2.844061839200000000e+10 2.583200000000000000e+04
2.844806116000000000e+10 1.919600000000000728e+04
2.905183344800000000e+10 4.538500000000000000e+04
2.910882260000000000e+10 3.432900000000000000e+04
2.910894624800000000e+10 1.806299999999999272e+04
2.924529824800000000e+10 3.048200000000000000e+04
2.941851010400000000e+10 3.360200000000000000e+04
2.943601741600000000e+10 2.424800000000000000e+04
2.949377143200000000e+10 2.272000000000000000e+04
2.967233276000000000e+10 2.869000000000000000e+04
2.978548375200000000e+10 2.610600000000000000e+04
2.990214104800000000e+10 2.688599999999999272e+04
2.991214256800000000e+10 1.935400000000000000e+04
2.991221800800000000e+10 5.486000000000007276e+03
3.004332042400000000e+10 2.190200000000000000e+04
3.017576060000000000e+10 2.279999999999999272e+04
3.033063919200000000e+10 2.643399999999999272e+04
3.056650000800000000e+10 3.255500000000000000e+04
3.056655298400000000e+10 3.526000000000000000e+03
3.069186997600000000e+10 3.104800000000000000e+04
3.101656266400000000e+10 3.892000000000000000e+04
3.119548375200000000e+10 3.980500000000000000e+04
3.126138424800000000e+10 3.111800000000000000e+04
3.140196178400000000e+10 3.089399999999999272e+04
3.140219500000000000e+10 2.245600000000000000e+04
3.151131792800000000e+10 2.545800000000000000e+04
3.158382634400000000e+10 2.264100000000000728e+04
3.162925044000000000e+10 1.968200000000000728e+04
3.204888797600000000e+10 3.894200000000000000e+04
3.204912044000000000e+10 2.334899999999999272e+04
3.205465978400000000e+10 1.883600000000000000e+04
3.213598511200000000e+10 2.075100000000000000e+04
3.213605004000000000e+10 4.565999999999996362e+03
3.218004021600000000e+10 1.736000000000000000e+04
3.225080540000000000e+10 1.792800000000000000e+04
3.242771407200000000e+10 2.331100000000000000e+04
3.258880042400000000e+10 2.631600000000000000e+04
3.268113628000000000e+10 2.415100000000000000e+04
3.276831780000000000e+10 2.424000000000000000e+04
3.318086426400000000e+10 3.926900000000000000e+04
3.329089250400000000e+10 3.719500000000000000e+04
3.352169375200000000e+10 3.908700000000000000e+04
3.352535424800000000e+10 2.624300000000000000e+04
3.362116485600000000e+10 2.641800000000000000e+04
3.365296890400000000e+10 2.175300000000000000e+04
3.380057423200000000e+10 2.442400000000000000e+04
3.380065616800000000e+10 8.464000000000003638e+03
3.393795660000000000e+10 2.412100000000000000e+04
3.404559112800000000e+10 2.357099999999999272e+04
3.410104944800000000e+10 2.129200000000000000e+04
3.428059823200000000e+10 2.612200000000000728e+04
3.438668951200000000e+10 2.555200000000000000e+04
3.443706805600000000e+10 2.254400000000000000e+04
3.445640373600000000e+10 1.762399999999999636e+04
3.490898184800000000e+10 4.189800000000000000e+04
3.490917210400000000e+10 2.510700000000000000e+04
3.498292880800000000e+10 2.474800000000000000e+04
3.531570224800000000e+10 3.686400000000000000e+04
3.562364962400000000e+10 4.515100000000000000e+04
3.585420053600000000e+10 4.179200000000000000e+04
3.615861250400000000e+10 4.902500000000000000e+04
3.624277935200000000e+10 3.902400000000000000e+04
3.646321792800000000e+10 4.087900000000000000e+04
3.658711752800000000e+10 3.295800000000000000e+04
3.694752282400000000e+10 4.336100000000000000e+04
3.694763744800000000e+10 1.065500000000000364e+04
3.702884340000000000e+10 2.866900000000000728e+04
3.702893343200000000e+10 1.350300000000000728e+04
3.719941700000000000e+10 2.746199999999999272e+04
3.723211162400000000e+10 2.392100000000000000e+04
3.723267736800000000e+10 1.556599999999999272e+04
3.729026962400000000e+10 1.728100000000000000e+04
3.757417557600000000e+10 2.878700000000000000e+04
3.783104712800000000e+10 3.613899999999999272e+04
3.783110986400000000e+10 7.632999999999996362e+03
3.789771220000000000e+10 2.679700000000000000e+04
3.813827672800000000e+10 3.337700000000000000e+04
3.821206469600000000e+10 2.858200000000000000e+04
3.836759194400000000e+10 2.775000000000000000e+04
3.843477786400000000e+10 2.616000000000000000e+04
3.843487322400000000e+10 1.258799999999999272e+04
3.883373381600000000e+10 3.975000000000000000e+04
3.892944445600000000e+10 3.303100000000000000e+04
3.920022805600000000e+10 4.101600000000000000e+04
3.973651479200000000e+10 5.190700000000000000e+04
3.976712741600000000e+10 3.953000000000000000e+04
3.980928012000000000e+10 3.113200000000000000e+04
3.980940943200000000e+10 1.611700000000000000e+04
4.015289029600000000e+10 3.655100000000000000e+04
4.017040991200000000e+10 2.606400000000000000e+04
4.103694407200000000e+10 6.920200000000000000e+04
4.103699020000000000e+10 4.832999999999996362e+03
4.111039687200000000e+10 3.957600000000000000e+04
4.157440184800000000e+10 5.191300000000000000e+04
4.167182522400000000e+10 4.278800000000000000e+04
4.167190620000000000e+10 1.415100000000000364e+04
4.176072416800000000e+10 2.746199999999999272e+04
4.180482207200000000e+10 2.442500000000000000e+04
4.239296212000000000e+10 4.715500000000000000e+04
4.244028708000000000e+10 4.059100000000000000e+04
4.248857922400000000e+10 3.002400000000000000e+04
4.267968652000000000e+10 3.422900000000000000e+04
4.268411415200000000e+10 2.281499999999999272e+04
4.269390751200000000e+10 1.840000000000000000e+04
4.278096236000000000e+10 2.006500000000000000e+04
4.286480480800000000e+10 2.050400000000000000e+04
4.290655484000000000e+10 1.816100000000000000e+04
4.291084287200000000e+10 1.396199999999999636e+04
4.297703695200000000e+10 1.531000000000000000e+04
4.300805565600000000e+10 1.399800000000000728e+04
4.307304213600000000e+10 1.467299999999999272e+04
4.322743892000000000e+10 1.975900000000000000e+04
4.326074973600000000e+10 1.666599999999999636e+04
4.337118338400000000e+10 1.904000000000000000e+04
4.368187741600000000e+10 3.136500000000000000e+04
4.391741013600000000e+10 3.518399999999999272e+04
4.395396319200000000e+10 2.627800000000000728e+04
4.399653930400000000e+10 2.280900000000000000e+04
4.408289426400000000e+10 2.208900000000000000e+04
4.415566322400000000e+10 2.190700000000000000e+04
4.437469485600000000e+10 2.809500000000000000e+04
4.440944703200000000e+10 2.432000000000000000e+04
4.455393181600000000e+10 2.734199999999999272e+04
4.461053180000000000e+10 2.255100000000000000e+04
4.467399941600000000e+10 2.092400000000000000e+04
4.482675383200000000e+10 2.403199999999999272e+04
4.491609570400000000e+10 2.387300000000000000e+04
4.547062605600000000e+10 4.725600000000000000e+04
4.560371492000000000e+10 4.067300000000000000e+04
4.574208815200000000e+10 3.402500000000000000e+04
4.593456136800000000e+10 3.782800000000000000e+04
4.594552559200000000e+10 2.637399999999999272e+04
4.615153064800000000e+10 3.272399999999999272e+04
4.626136629600000000e+10 3.093500000000000000e+04
4.639842964000000000e+10 3.076900000000000000e+04
4.644179759200000000e+10 2.521400000000000000e+04
4.670336740000000000e+10 3.358100000000000000e+04
4.676078103200000000e+10 2.732700000000000000e+04
4.694192501600000000e+10 3.108500000000000000e+04
4.709296167200000000e+10 3.090700000000000000e+04
4.710595479200000000e+10 2.233000000000000000e+04
4.714886708000000000e+10 2.073800000000000000e+04
4.724671461600000000e+10 2.134700000000000000e+04
4.749159008800000000e+10 2.944500000000000000e+04
4.749164111200000000e+10 2.593000000000007276e+03
4.776251231200000000e+10 3.539300000000000728e+04
4.776257996000000000e+10 9.917999999999996362e+03
4.794911469600000000e+10 3.398700000000000000e+04
4.795560244000000000e+10 2.555300000000000000e+04
4.838782640800000000e+10 4.035300000000000000e+04
4.848514130400000000e+10 3.278400000000000000e+04
4.869802343200000000e+10 3.642800000000000000e+04
4.869808229600000000e+10 6.949000000000007276e+03
4.893535693600000000e+10 3.767600000000000000e+04
4.910837932000000000e+10 3.656700000000000000e+04
4.910844653600000000e+10 9.370000000000003638e+03
4.911904591200000000e+10 2.339200000000000000e+04
4.915976632800000000e+10 2.049000000000000000e+04
4.915989250400000000e+10 1.177400000000000364e+04
4.975498396000000000e+10 4.783800000000000000e+04
4.975503050400000000e+10 1.685000000000000000e+03
4.982629336800000000e+10 3.306599999999999272e+04
4.989086760800000000e+10 2.832199999999999272e+04
4.991681848800000000e+10 2.232000000000000000e+04
5.036076431200000000e+10 4.479000000000000000e+04
5.058154450400000000e+10 3.955300000000000000e+04
5.068193135200000000e+10 3.630800000000000000e+04
5.090551408800000000e+10 3.951500000000000000e+04
5.098037189600000000e+10 3.131300000000000000e+04
5.129822692000000000e+10 3.920100000000000000e+04
5.137247048800000000e+10 3.523200000000000000e+04
5.146671650400000000e+10 2.926800000000000728e+04
5.170274725600000000e+10 3.355099999999999272e+04
5.185317146400000000e+10 3.354500000000000000e+04
5.196600642400000000e+10 2.993600000000000728e+04
5.219604332000000000e+10 3.682800000000000000e+04
5.222282844000000000e+10 2.755300000000000728e+04
5.261413050400000000e+10 4.118700000000000000e+04
5.263244426400000000e+10 3.071900000000000000e+04
5.273513084000000000e+10 2.906600000000000000e+04
5.281444330400000000e+10 2.450200000000000000e+04
5.286560896800000000e+10 2.236000000000000000e+04
5.298058021600000000e+10 2.306100000000000000e+04
5.358564013600000000e+10 4.835500000000000000e+04
5.366525496800000000e+10 3.805800000000000000e+04
5.369859148000000000e+10 2.873599999999999272e+04
5.388322906400000000e+10 3.293299999999999272e+04
5.394683812000000000e+10 2.665999999999999272e+04
5.395633823200000000e+10 2.097000000000000000e+04
5.422555727200000000e+10 3.081500000000000000e+04
5.430720572000000000e+10 2.816200000000000728e+04
5.432191727200000000e+10 2.199700000000000000e+04
5.440397536800000000e+10 2.118300000000000000e+04
5.444417605600000000e+10 1.889100000000000000e+04
5.466916212000000000e+10 2.609800000000000000e+04
5.474480135200000000e+10 2.406200000000000000e+04
5.487272256800000000e+10 2.545900000000000000e+04
5.487293716000000000e+10 1.842100000000000000e+04
5.507679047200000000e+10 2.604599999999999272e+04
5.511435120800000000e+10 2.322500000000000000e+04
5.512699506400000000e+10 1.681000000000000728e+04
5.513499460000000000e+10 1.344599999999999636e+04
5.545010413600000000e+10 2.830000000000000000e+04
5.547224432800000000e+10 2.295700000000000000e+04
5.548464642400000000e+10 1.773800000000000000e+04
5.558445892000000000e+10 1.916800000000000000e+04
5.570243480800000000e+10 2.243300000000000000e+04
5.570636301600000000e+10 1.622699999999999272e+04
5.595224748000000000e+10 2.719000000000000728e+04
5.595233012000000000e+10 1.011900000000000728e+04
5.603940383200000000e+10 2.151700000000000000e+04
5.611000197600000000e+10 2.071200000000000000e+04
5.625136237600000000e+10 2.423799999999999272e+04
5.638187061600000000e+10 2.411099999999999272e+04
5.644493378400000000e+10 2.170400000000000000e+04
5.644503245600000000e+10 1.002100000000000728e+04
5.652260732000000000e+10 1.944000000000000000e+04
5.659746591200000000e+10 2.071100000000000728e+04
5.672460540000000000e+10 2.152400000000000000e+04
5.677787120800000000e+10 1.951900000000000000e+04
5.683210903200000000e+10 1.791499999999999636e+04
5.722704044000000000e+10 3.593099999999999272e+04
5.726524367200000000e+10 2.688200000000000000e+04
5.727066516000000000e+10 1.961900000000000000e+04
5.734541047200000000e+10 2.003400000000000000e+04
5.754654904800000000e+10 2.696000000000000000e+04
5.805561216800000000e+10 4.684800000000000000e+04
5.810087284000000000e+10 3.398000000000000000e+04
5.831227503200000000e+10 3.745000000000000000e+04
5.852376783200000000e+10 3.868700000000000000e+04
5.872464781600000000e+10 3.730900000000000000e+04
5.897961346400000000e+10 4.022400000000000000e+04
5.901901365600000000e+10 3.135000000000000728e+04
5.919363967200000000e+10 3.401900000000000000e+04
5.919381360800000000e+10 2.192000000000000000e+04
5.949212804000000000e+10 3.578100000000000000e+04
5.968302168800000000e+10 3.508200000000000728e+04
5.983898708000000000e+10 3.470900000000000000e+04
5.987299962400000000e+10 2.669500000000000000e+04
5.993234840800000000e+10 2.396900000000000000e+04
6.013281160800000000e+10 3.284000000000000000e+04
6.015114503200000000e+10 2.180900000000000000e+04
6.026050596000000000e+10 2.384000000000000728e+04
6.069534544800000000e+10 4.094500000000000000e+04
6.069543672800000000e+10 1.665800000000000728e+04
6.076655114400000000e+10 3.063200000000000000e+04
6.080366172000000000e+10 2.379000000000000000e+04
6.082554349600000000e+10 1.807200000000000000e+04
6.095059156000000000e+10 2.199300000000000000e+04
6.109049588000000000e+10 2.454500000000000000e+04
6.112605279200000000e+10 1.979400000000000000e+04
6.113060484000000000e+10 1.540900000000000000e+04
6.188923740000000000e+10 5.594400000000000000e+04
6.198911260000000000e+10 4.150300000000000000e+04
6.201697879200000000e+10 2.849900000000000000e+04
6.252694429600000000e+10 5.083400000000000000e+04
6.260531688800000000e+10 3.912100000000000000e+04
6.271641231200000000e+10 3.377900000000000728e+04
6.287393420000000000e+10 3.431700000000000000e+04
6.287402077600000000e+10 1.279900000000000364e+04
6.292711775200000000e+10 2.385600000000000000e+04
6.339328319200000000e+10 4.649700000000000000e+04
6.346717834400000000e+10 3.582100000000000728e+04
6.371266128800000000e+10 4.153900000000000000e+04
6.387535932000000000e+10 3.766200000000000000e+04
6.441589303200000000e+10 5.515500000000000000e+04
6.452127205600000000e+10 4.258300000000000000e+04
6.463152256800000000e+10 3.601600000000000000e+04
6.463167394400000000e+10 1.814100000000000000e+04
6.463185636000000000e+10 1.884000000000000728e+04
6.476625506400000000e+10 2.363400000000000000e+04
6.487827805600000000e+10 2.558400000000000000e+04
6.495194818400000000e+10 2.224600000000000000e+04
6.495207343200000000e+10 1.213000000000000364e+04
6.497316034400000000e+10 1.564200000000000000e+04
6.525856599200000000e+10 2.879100000000000000e+04
6.534182492000000000e+10 2.548900000000000000e+04
6.568262610400000000e+10 3.769600000000000000e+04
6.568268272800000000e+10 5.934999999999992724e+03
6.569660181600000000e+10 2.336300000000000000e+04
6.583529293600000000e+10 2.595600000000000728e+04
6.583535101600000000e+10 4.621999999999996362e+03
6.594216300000000000e+10 2.429700000000000000e+04
6.616303495200000000e+10 3.307300000000000728e+04
6.658501890400000000e+10 4.350000000000000000e+04
6.665578296800000000e+10 3.392099999999999272e+04
6.665583170400000000e+10 2.101000000000000000e+03
6.665589956000000000e+10 4.789000000000007276e+03
6.694957306400000000e+10 4.017000000000000000e+04
6.695235455200000000e+10 2.545100000000000000e+04
6.741308450400000000e+10 4.934400000000000000e+04
6.749181335200000000e+10 3.585800000000000000e+04
6.770134205600000000e+10 3.715100000000000000e+04
6.777921719200000000e+10 2.972100000000000000e+04
6.826430069600000000e+10 5.312800000000000000e+04
6.831544461600000000e+10 3.543300000000000000e+04
6.850831212000000000e+10 3.551400000000000000e+04
6.862033191200000000e+10 3.370700000000000728e+04
6.876227127200000000e+10 3.095400000000000728e+04
6.876236519200000000e+10 1.360099999999999272e+04
6.890210396000000000e+10 2.674899999999999272e+04
6.893562888800000000e+10 2.304200000000000000e+04
6.926851762400000000e+10 3.796600000000000000e+04
6.936985468000000000e+10 3.228800000000000000e+04
6.944201680800000000e+10 2.589200000000000000e+04
6.958915749600000000e+10 3.061400000000000728e+04
6.983017196000000000e+10 3.585300000000000000e+04
7.008467764000000000e+10 4.019600000000000000e+04
7.016357984800000000e+10 3.145300000000000728e+04
7.019656160800000000e+10 2.420900000000000000e+04
7.050716396000000000e+10 3.604700000000000000e+04
7.050732176800000000e+10 2.156900000000000000e+04
7.064763903200000000e+10 2.899100000000000000e+04
7.068216229600000000e+10 2.240000000000000000e+04
7.072600511200000000e+10 1.979800000000000000e+04
7.089426704800000000e+10 2.588200000000000000e+04
7.095098237600000000e+10 2.248300000000000000e+04
7.095110364000000000e+10 1.241400000000000364e+04
7.108913820000000000e+10 2.217500000000000000e+04
7.109479389600000000e+10 1.656999999999999636e+04
7.117568298400000000e+10 1.832100000000000000e+04
7.117623818400000000e+10 1.316100000000000728e+04
7.118178744800000000e+10 1.108200000000000728e+04
7.119436487200000000e+10 9.979999999999992724e+03
7.124161420000000000e+10 1.090300000000000728e+04
7.128185751200000000e+10 1.108799999999999272e+04
7.144653173600000000e+10 1.697100000000000000e+04
7.148651474400000000e+10 1.525000000000000728e+04
7.170171354400000000e+10 2.307299999999999272e+04
7.192004551200000000e+10 2.819300000000000728e+04
7.221495284000000000e+10 3.978100000000000000e+04
7.230718412000000000e+10 3.279500000000000000e+04
7.280391346400000000e+10 5.625800000000000000e+04
7.280415885600000000e+10 3.649000000000000000e+04
7.281647901600000000e+10 2.336200000000000000e+04
7.296607282400000000e+10 2.881400000000000000e+04
7.335081709600000000e+10 4.414400000000000000e+04
7.355482943200000000e+10 3.906400000000000000e+04
7.383322170400000000e+10 4.392500000000000000e+04
7.383630399200000000e+10 2.744100000000000000e+04
7.389420373600000000e+10 2.489800000000000000e+04
7.423441276000000000e+10 3.844000000000000000e+04
7.427175743200000000e+10 2.803300000000000000e+04
7.440266093600000000e+10 2.852100000000000000e+04
7.476669528800000000e+10 4.326700000000000000e+04
7.488277690400000000e+10 3.580100000000000000e+04
7.488283506400000000e+10 5.895999999999992724e+03
7.489035405600000000e+10 2.280100000000000000e+04
7.517458023200000000e+10 3.452599999999999272e+04
7.526853687200000000e+10 2.838599999999999272e+04
7.527769271200000000e+10 2.160000000000000000e+04
7.546777522400000000e+10 2.833899999999999272e+04
7.561550352800000000e+10 2.769500000000000000e+04
7.569217864800000000e+10 2.534200000000000000e+04
7.594069882400000000e+10 3.330900000000000000e+04
7.598779583200000000e+10 2.673200000000000000e+04
7.609454498400000000e+10 2.654300000000000000e+04
7.615572632800000000e+10 2.351899999999999272e+04
7.618434552800000000e+10 1.904100000000000000e+04
7.633454554400000000e+10 2.423900000000000000e+04
7.668650492000000000e+10 3.777700000000000000e+04
7.671047943200000000e+10 2.753100000000000000e+04
7.712154324000000000e+10 4.434400000000000000e+04
7.723988103200000000e+10 3.910300000000000000e+04
7.752136901600000000e+10 4.225200000000000000e+04
7.773343508000000000e+10 4.451800000000000000e+04
7.800036919200000000e+10 4.137700000000000000e+04
7.803815085600000000e+10 3.102799999999999272e+04
7.814686365600000000e+10 2.923500000000000000e+04
7.820668466400000000e+10 2.592299999999999272e+04
7.831740384800000000e+10 2.638700000000000000e+04
7.848785500000000000e+10 2.980799999999999272e+04
7.856889463200000000e+10 2.542400000000000000e+04
7.866396644000000000e+10 2.520099999999999272e+04
7.873658610400000000e+10 2.346100000000000000e+04
7.877424685600000000e+10 1.968200000000000000e+04
7.877436466400000000e+10 1.055200000000000364e+04
7.923612834400000000e+10 3.941500000000000000e+04
7.923637464800000000e+10 2.552699999999999272e+04
7.946388980000000000e+10 3.247200000000000000e+04
7.952723554400000000e+10 2.810800000000000000e+04
7.998605676000000000e+10 4.532000000000000000e+04
8.053521242400000000e+10 6.326500000000000000e+04
8.068385471200000000e+10 4.775100000000000000e+04
8.068401429600000000e+10 1.663199999999999636e+04
8.075635445600000000e+10 2.815000000000000000e+04
8.091037008800000000e+10 3.206300000000000000e+04
8.094140429600000000e+10 2.368000000000000000e+04
8.094163679200000000e+10 1.721700000000000000e+04
8.102394274400000000e+10 1.955600000000000000e+04
8.105065245600000000e+10 1.712600000000000000e+04
8.105231703200000000e+10 1.252100000000000364e+04
8.130468079200000000e+10 2.527200000000000000e+04
8.167628805600000000e+10 3.688000000000000000e+04
8.167634538400000000e+10 6.596000000000000000e+03
8.181377724000000000e+10 3.102200000000000000e+04
8.215628144800000000e+10 4.309000000000000000e+04
8.215638903200000000e+10 9.009999999999996362e+03
8.232144740000000000e+10 3.541300000000000000e+04
8.262620487200000000e+10 4.192000000000000000e+04
8.271968135200000000e+10 3.312900000000000000e+04
8.271973412000000000e+10 3.840000000000000000e+03
8.276493472800000000e+10 2.668200000000000000e+04
8.286291701600000000e+10 2.565100000000000000e+04
8.286297832800000000e+10 4.216999999999996362e+03
8.286762287200000000e+10 1.665900000000000000e+04
8.292672824800000000e+10 1.762600000000000000e+04
8.297368565600000000e+10 1.656999999999999272e+04
8.307849709600000000e+10 1.872100000000000000e+04
8.330319066400000000e+10 2.578800000000000000e+04
8.342139701600000000e+10 2.592300000000000728e+04
8.349920938400000000e+10 2.399200000000000000e+04
8.349930384800000000e+10 9.945999999999996362e+03
8.349947392800000000e+10 9.779000000000007276e+03
8.353721556000000000e+10 1.569000000000000000e+04
8.365965010400000000e+10 1.909600000000000000e+04
8.373577469600000000e+10 1.902700000000000000e+04
8.377705173600000000e+10 1.720899999999999272e+04
8.396746999200000000e+10 2.274400000000000728e+04
8.421019559200000000e+10 3.166200000000000000e+04
8.425821229600000000e+10 2.420000000000000000e+04
8.430538434400000000e+10 2.133900000000000000e+04
8.473773674400000000e+10 4.091700000000000000e+04
8.501514112800000000e+10 4.130900000000000000e+04
8.506362175200000000e+10 3.223099999999999272e+04
8.508991600800000000e+10 2.503100000000000000e+04
8.513088108000000000e+10 2.231600000000000000e+04
8.536074021600000000e+10 2.999700000000000000e+04
8.546558709600000000e+10 2.834200000000000728e+04
8.569738493600000000e+10 3.452300000000000728e+04
8.574635407200000000e+10 2.658300000000000000e+04
8.581549306400000000e+10 2.334600000000000728e+04
8.597218935200000000e+10 2.593300000000000728e+04
8.608440530400000000e+10 2.692600000000000000e+04
8.611985984800000000e+10 2.224800000000000000e+04
8.631547242400000000e+10 2.898299999999999272e+04
8.639935333600000000e+10 2.560100000000000000e+04
8.641935445600000000e+10 1.978200000000000000e+04
8.647949573600000000e+10 1.985000000000000000e+04
8.647959512800000000e+10 8.389000000000007276e+03
8.673678189600000000e+10 2.754300000000000000e+04
8.692796711200000000e+10 3.110199999999999272e+04
8.692801877600000000e+10 1.979999999999996362e+03
8.717308460000000000e+10 3.295600000000000000e+04
8.718288844000000000e+10 2.471200000000000000e+04
8.729673920800000000e+10 2.591700000000000728e+04
8.731049301600000000e+10 1.976000000000000000e+04
8.752204624800000000e+10 2.774800000000000000e+04
8.762263037600000000e+10 2.592000000000000000e+04
8.767364677600000000e+10 2.176400000000000728e+04
8.770328648800000000e+10 1.868300000000000000e+04
8.775207872800000000e+10 1.736900000000000000e+04
8.827068216800000000e+10 4.232700000000000000e+04
8.838075765600000000e+10 3.702100000000000000e+04
8.870489501600000000e+10 4.273600000000000000e+04
8.900408960800000000e+10 4.604500000000000000e+04
8.903862784800000000e+10 3.525300000000000000e+04
8.904347399200000000e+10 2.304100000000000000e+04
8.970753389600000000e+10 5.216200000000000000e+04
8.986854295200000000e+10 4.649700000000000000e+04
8.989225304800000000e+10 3.050100000000000000e+04
8.995202250400000000e+10 2.682400000000000000e+04
