# Timestamps in ns,Energies
2.186901600000000000e+07 1.310599999999999272e+04
7.197367200000000000e+07 1.296700000000000728e+04
1.633494640000000000e+08 1.499200000000000728e+04
2.121573200000000000e+08 1.424399999999999636e+04
2.446732720000000000e+08 1.321599999999999272e+04
3.310036240000000000e+08 1.503399999999999272e+04
3.564297200000000000e+08 1.288499999999999636e+04
3.765632880000000000e+08 1.136299999999999272e+04
4.555086960000000000e+08 1.334399999999999272e+04
5.402134800000000000e+08 1.481699999999999272e+04
6.325638320000000000e+08 1.632000000000000728e+04
6.368462320000000000e+08 1.252199999999999636e+04
8.618419120000000000e+08 1.992500000000000000e+04
1.150657848000000000e+09 3.091200000000000728e+04
1.388030264000000000e+09 3.538199999999999272e+04
1.388210328000000000e+09 2.264700000000000728e+04
1.512289240000000000e+09 2.786499999999999272e+04
1.702619496000000000e+09 3.027200000000000000e+04
1.955885096000000000e+09 3.813300000000000000e+04
1.959409592000000000e+09 2.508400000000000000e+04
1.973209208000000000e+09 2.096000000000000000e+04
2.016791480000000000e+09 1.873800000000000000e+04
2.136340760000000000e+09 2.191999999999999272e+04
2.270197016000000000e+09 2.351900000000000000e+04
2.349859112000000000e+09 2.239799999999999272e+04
2.390385896000000000e+09 1.971600000000000000e+04
2.391027928000000000e+09 1.410700000000000000e+04
2.397248072000000000e+09 1.201900000000000364e+04
2.447552888000000000e+09 1.308199999999999272e+04
2.495371912000000000e+09 1.313599999999999636e+04
2.528290376000000000e+09 1.239200000000000000e+04
2.550656808000000000e+09 1.106699999999999636e+04
2.604685976000000000e+09 1.184900000000000000e+04
2.609899000000000000e+09 9.310999999999992724e+03
2.713883560000000000e+09 1.303100000000000364e+04
2.889842104000000000e+09 1.843999999999999272e+04
3.104598184000000000e+09 2.576700000000000000e+04
3.128629848000000000e+09 1.994100000000000000e+04
3.412636760000000000e+09 2.993600000000000000e+04
3.412791496000000000e+09 1.795500000000000000e+04
3.558405512000000000e+09 2.653700000000000000e+04
3.582336104000000000e+09 1.978500000000000000e+04
3.629866920000000000e+09 1.910500000000000000e+04
3.651896264000000000e+09 1.560500000000000000e+04
3.736533064000000000e+09 1.741100000000000000e+04
3.736632056000000000e+09 7.625999999999992724e+03
3.768530728000000000e+09 1.373099999999999636e+04
3.813054008000000000e+09 1.350700000000000364e+04
3.814382136000000000e+09 1.021500000000000364e+04
3.824396616000000000e+09 9.167000000000007276e+03
3.838858008000000000e+09 8.490000000000007276e+03
3.847681848000000000e+09 7.355000000000000000e+03
3.889217560000000000e+09 8.440999999999996362e+03
3.911120920000000000e+09 7.908999999999996362e+03
3.967262136000000000e+09 9.216000000000000000e+03
4.002468408000000000e+09 9.049000000000007276e+03
4.055363816000000000e+09 9.947000000000000000e+03
4.311441000000000000e+09 1.944100000000000000e+04
4.350721240000000000e+09 1.704300000000000000e+04
4.357149352000000000e+09 1.300099999999999272e+04
4.483639048000000000e+09 1.710799999999999636e+04
4.524937256000000000e+09 1.575299999999999636e+04
4.549147032000000000e+09 1.390799999999999636e+04
4.564412744000000000e+09 1.154300000000000364e+04
4.663022296000000000e+09 1.481400000000000364e+04
4.678709832000000000e+09 1.224000000000000728e+04
4.697280760000000000e+09 1.084600000000000364e+04
4.883424936000000000e+09 1.821100000000000000e+04
4.946928200000000000e+09 1.699300000000000000e+04
5.007066184000000000e+09 1.666400000000000000e+04
5.160315448000000000e+09 2.080000000000000000e+04
5.249674088000000000e+09 2.059600000000000000e+04
5.258463368000000000e+09 1.513600000000000364e+04
5.296954312000000000e+09 1.478899999999999272e+04
5.420190136000000000e+09 1.784800000000000000e+04
5.458588552000000000e+09 1.617300000000000000e+04
5.782085208000000000e+09 2.811800000000000000e+04
5.889340120000000000e+09 2.769600000000000000e+04
5.956994248000000000e+09 2.319200000000000728e+04
6.000854280000000000e+09 2.039300000000000000e+04
6.053814824000000000e+09 1.846600000000000000e+04
6.069750376000000000e+09 1.556800000000000728e+04
6.072737864000000000e+09 1.189299999999999272e+04
6.092384152000000000e+09 1.120300000000000000e+04
6.092476472000000000e+09 3.544000000000003638e+03
6.262376616000000000e+09 1.690700000000000000e+04
6.428681720000000000e+09 2.266400000000000000e+04
6.482597912000000000e+09 1.989100000000000000e+04
6.595110552000000000e+09 2.156900000000000000e+04
6.669928984000000000e+09 1.982900000000000000e+04
6.893537704000000000e+09 2.765600000000000000e+04
7.065362072000000000e+09 2.912700000000000728e+04
7.095695752000000000e+09 2.355900000000000000e+04
7.102656792000000000e+09 1.704299999999999272e+04
7.220020104000000000e+09 1.983800000000000000e+04
7.281613000000000000e+09 1.908000000000000000e+04
7.505922296000000000e+09 2.617500000000000000e+04
7.809014568000000000e+09 3.642400000000000000e+04
7.947396296000000000e+09 3.478000000000000000e+04
8.263067176000000000e+09 4.408900000000000000e+04
8.271021432000000000e+09 2.710500000000000000e+04
8.391753384000000000e+09 3.049100000000000000e+04
8.494415432000000000e+09 2.700900000000000000e+04
8.499111224000000000e+09 2.025000000000000000e+04
8.649522888000000000e+09 2.428900000000000728e+04
9.034184264000000000e+09 3.935100000000000000e+04
9.034688760000000000e+09 2.608000000000000000e+04
9.045716504000000000e+09 2.006600000000000000e+04
9.113670184000000000e+09 2.071300000000000000e+04
9.199825592000000000e+09 2.088000000000000000e+04
9.356898440000000000e+09 2.462499999999999272e+04
9.372411592000000000e+09 1.942100000000000000e+04
9.482198008000000000e+09 2.152200000000000000e+04
9.482291832000000000e+09 5.933000000000007276e+03
9.760470760000000000e+09 2.863999999999999272e+04
9.813256184000000000e+09 2.488000000000000000e+04
9.832817720000000000e+09 1.982700000000000000e+04
9.834380680000000000e+09 1.464099999999999272e+04
1.015375140000000000e+10 2.976699999999999272e+04
1.020505724000000000e+10 2.528899999999999272e+04
1.021190111200000000e+10 1.814100000000000000e+04
1.026374384800000000e+10 1.823200000000000000e+04
1.029160895200000000e+10 1.503199999999999636e+04
1.049168077600000000e+10 2.299200000000000000e+04
1.058163880800000000e+10 2.161600000000000728e+04
1.073987154400000000e+10 2.597900000000000000e+04
1.083121992800000000e+10 2.505800000000000000e+04
1.118438821600000000e+10 3.612400000000000000e+04
1.118445928800000000e+10 1.062999999999999636e+04
1.139629949600000000e+10 3.365499999999999272e+04
1.140081976800000000e+10 2.441700000000000000e+04
1.140888447200000000e+10 1.883200000000000000e+04
1.143176264800000000e+10 1.681900000000000364e+04
1.157110168800000000e+10 2.091399999999999272e+04
1.166357994400000000e+10 2.141600000000000000e+04
1.176032205600000000e+10 2.181300000000000000e+04
1.176076322400000000e+10 1.650399999999999272e+04
1.190272448800000000e+10 2.126100000000000000e+04
1.209076423200000000e+10 2.614400000000000000e+04
1.215825727200000000e+10 2.377800000000000000e+04
1.232355728800000000e+10 2.600500000000000000e+04
1.235195284000000000e+10 2.075200000000000000e+04
1.243999120800000000e+10 2.144400000000000000e+04
1.249631008800000000e+10 2.006500000000000000e+04
1.256541116000000000e+10 1.896500000000000000e+04
1.265125661600000000e+10 1.914200000000000000e+04
1.274129509600000000e+10 1.940200000000000000e+04
1.285297023200000000e+10 2.070800000000000000e+04
1.301889653600000000e+10 2.490300000000000728e+04
1.306452026400000000e+10 2.072000000000000000e+04
1.310196692000000000e+10 1.875700000000000000e+04
1.317507676000000000e+10 1.911100000000000000e+04
1.326958650400000000e+10 1.953200000000000000e+04
1.327121124000000000e+10 1.433200000000000728e+04
1.330286802400000000e+10 1.387500000000000364e+04
1.346548405600000000e+10 2.023200000000000000e+04
1.351076813600000000e+10 1.746600000000000000e+04
1.352496807200000000e+10 1.425700000000000364e+04
1.358958055200000000e+10 1.527200000000000000e+04
1.361995866400000000e+10 1.363299999999999636e+04
1.365162463200000000e+10 1.252100000000000000e+04
1.368004448800000000e+10 1.182199999999999272e+04
1.376093072800000000e+10 1.350500000000000000e+04
1.382323517600000000e+10 1.387100000000000000e+04
1.391395807200000000e+10 1.546399999999999272e+04
1.413953010400000000e+10 2.349000000000000000e+04
1.421823880800000000e+10 2.197700000000000000e+04
1.433675471200000000e+10 2.304300000000000000e+04
1.439909925600000000e+10 2.070400000000000000e+04
1.449302052000000000e+10 2.090400000000000000e+04
1.449766749600000000e+10 1.651800000000000728e+04
1.453471229600000000e+10 1.554400000000000728e+04
1.459463191200000000e+10 1.551300000000000000e+04
1.473990044000000000e+10 1.968000000000000000e+04
1.476414615200000000e+10 1.631000000000000000e+04
1.484188061600000000e+10 1.737800000000000000e+04
1.493155173600000000e+10 1.799399999999999636e+04
1.500160023200000000e+10 1.783500000000000364e+04
1.503843612000000000e+10 1.630599999999999272e+04
1.511757426400000000e+10 1.680100000000000364e+04
1.513737437600000000e+10 1.443600000000000728e+04
1.516825818400000000e+10 1.317000000000000000e+04
1.523654524000000000e+10 1.429599999999999272e+04
1.524325103200000000e+10 1.134100000000000000e+04
1.534030111200000000e+10 1.449600000000000728e+04
1.550519380000000000e+10 1.904100000000000000e+04
1.555705797600000000e+10 1.801000000000000000e+04
1.561152728800000000e+10 1.681200000000000000e+04
1.575261932000000000e+10 2.070500000000000000e+04
1.579985925600000000e+10 1.782600000000000000e+04
1.584290588000000000e+10 1.662000000000000728e+04
1.592854861600000000e+10 1.784000000000000000e+04
1.609777079200000000e+10 2.253300000000000000e+04
1.624228485600000000e+10 2.437000000000000000e+04
1.624717088800000000e+10 1.883400000000000000e+04
1.625151637600000000e+10 1.399200000000000000e+04
1.626850292000000000e+10 1.281900000000000000e+04
1.632099962400000000e+10 1.398099999999999636e+04
1.634371180000000000e+10 1.235200000000000728e+04
1.637746740000000000e+10 1.181099999999999272e+04
1.640089304800000000e+10 1.069499999999999272e+04
1.649267420000000000e+10 1.327100000000000728e+04
1.650218343200000000e+10 1.105199999999999272e+04
1.656452676000000000e+10 1.239500000000000000e+04
1.676799364000000000e+10 1.936800000000000000e+04
1.684223320800000000e+10 1.912000000000000000e+04
1.685519455200000000e+10 1.515500000000000000e+04
1.685683840800000000e+10 1.131200000000000728e+04
1.692166180000000000e+10 1.356999999999999272e+04
1.703177559200000000e+10 1.676400000000000000e+04
1.712635932000000000e+10 1.778800000000000728e+04
1.713474733600000000e+10 1.438600000000000000e+04
1.718151708000000000e+10 1.386600000000000000e+04
1.720512124000000000e+10 1.231299999999999272e+04
1.738432488800000000e+10 1.846100000000000000e+04
1.740978997600000000e+10 1.600100000000000000e+04
1.759867391200000000e+10 2.252100000000000000e+04
1.759875717600000000e+10 7.693000000000000000e+03
1.766097034400000000e+10 1.845800000000000000e+04
1.767470719200000000e+10 1.498199999999999272e+04
1.779247466400000000e+10 1.781700000000000000e+04
1.779822863200000000e+10 1.439900000000000000e+04
1.782479293600000000e+10 1.331200000000000728e+04
1.785858736800000000e+10 1.279500000000000728e+04
1.788100532000000000e+10 1.140399999999999636e+04
1.791800783200000000e+10 1.103600000000000364e+04
1.810666298400000000e+10 1.768299999999999636e+04
1.815365135200000000e+10 1.702600000000000000e+04
1.836904394400000000e+10 2.395000000000000000e+04
1.836911509600000000e+10 6.145000000000003638e+03
1.839665322400000000e+10 1.795800000000000000e+04
1.841327653600000000e+10 1.468200000000000728e+04
1.844253631200000000e+10 1.339999999999999272e+04
1.851030040800000000e+10 1.464000000000000364e+04
1.870436367200000000e+10 2.109300000000000000e+04
1.884621743200000000e+10 2.462299999999999272e+04
1.884646304800000000e+10 1.761400000000000000e+04
1.888302828000000000e+10 1.632500000000000000e+04
1.892964231200000000e+10 1.568499999999999272e+04
1.909944663200000000e+10 2.103300000000000000e+04
1.911048994400000000e+10 1.693300000000000728e+04
1.924951450400000000e+10 2.104000000000000000e+04
1.933260589600000000e+10 2.072800000000000000e+04
1.937334197600000000e+10 1.695100000000000000e+04
1.939089666400000000e+10 1.442199999999999636e+04
1.951957786400000000e+10 1.805100000000000000e+04
1.954978402400000000e+10 1.567099999999999272e+04
1.958118557600000000e+10 1.443200000000000364e+04
1.976754372000000000e+10 2.089000000000000000e+04
1.976774160800000000e+10 1.444199999999999272e+04
1.979622466400000000e+10 1.492199999999999272e+04
1.988511064800000000e+10 1.639400000000000364e+04
1.992954840800000000e+10 1.522500000000000728e+04
1.996622962400000000e+10 1.415400000000000364e+04
1.997640527200000000e+10 1.152599999999999272e+04
2.000812501600000000e+10 1.131699999999999272e+04
2.006535952800000000e+10 1.218300000000000000e+04
2.010023434400000000e+10 1.161299999999999272e+04
2.028523300000000000e+10 1.784700000000000000e+04
2.029903888800000000e+10 1.466100000000000364e+04
2.037807612000000000e+10 1.627400000000000364e+04
2.053857794400000000e+10 2.070999999999999272e+04
2.069508528800000000e+10 2.466499999999999272e+04
2.084771164000000000e+10 2.501900000000000728e+04
2.090355592800000000e+10 2.242700000000000000e+04
2.106274031200000000e+10 2.600300000000000000e+04
2.124181548000000000e+10 2.908700000000000000e+04
2.137926237600000000e+10 2.906400000000000000e+04
2.150348082400000000e+10 2.977500000000000000e+04
2.151853994400000000e+10 2.137100000000000000e+04
2.156928832800000000e+10 2.017100000000000000e+04
2.162790615200000000e+10 1.863100000000000000e+04
2.167143434400000000e+10 1.686399999999999636e+04
2.174685244000000000e+10 1.771400000000000000e+04
2.181151944800000000e+10 1.753600000000000000e+04
2.187071572000000000e+10 1.719099999999999272e+04
2.189862764000000000e+10 1.479800000000000364e+04
2.201215024800000000e+10 1.769400000000000000e+04
2.204084520800000000e+10 1.537900000000000364e+04
2.207828711200000000e+10 1.447400000000000000e+04
2.207843821600000000e+10 9.198000000000000000e+03
2.214005077600000000e+10 1.290500000000000728e+04
2.215246268000000000e+10 1.085300000000000728e+04
2.219242943200000000e+10 1.106100000000000000e+04
2.220681880800000000e+10 9.605999999999992724e+03
2.259807999200000000e+10 2.573700000000000000e+04
2.268260338400000000e+10 2.362100000000000000e+04
2.276644282400000000e+10 2.283200000000000000e+04
2.276653903200000000e+10 6.861000000000003638e+03
2.290260474400000000e+10 2.332800000000000000e+04
2.294593959200000000e+10 1.956200000000000000e+04
2.297806492000000000e+10 1.729800000000000000e+04
2.302961800800000000e+10 1.658599999999999636e+04
2.310546197600000000e+10 1.704600000000000000e+04
2.315228092000000000e+10 1.579199999999999272e+04
2.324132597600000000e+10 1.746400000000000000e+04
2.326895168800000000e+10 1.478999999999999636e+04
2.330142303200000000e+10 1.355300000000000364e+04
2.352995621600000000e+10 2.191600000000000728e+04
2.355193114400000000e+10 1.869700000000000000e+04
2.358832010400000000e+10 1.657700000000000000e+04
2.363188690400000000e+10 1.534600000000000728e+04
2.364197999200000000e+10 1.261699999999999272e+04
2.374111199200000000e+10 1.569499999999999636e+04
2.392959285600000000e+10 2.127900000000000000e+04
2.394373973600000000e+10 1.697200000000000000e+04
2.396715156000000000e+10 1.497399999999999636e+04
2.424441924000000000e+10 2.656400000000000000e+04
2.428996831200000000e+10 2.168000000000000000e+04
2.433607653600000000e+10 1.938800000000000000e+04
2.435180020000000000e+10 1.574399999999999636e+04
2.442179616800000000e+10 1.712800000000000000e+04
2.450036704800000000e+10 1.797599999999999636e+04
2.457609367200000000e+10 1.759500000000000000e+04
2.460206847200000000e+10 1.508799999999999272e+04
2.486176799200000000e+10 2.529899999999999272e+04
2.486946399200000000e+10 1.912000000000000000e+04
2.495154522400000000e+10 2.050700000000000000e+04
2.495360839200000000e+10 1.455799999999999636e+04
2.498958504800000000e+10 1.447100000000000364e+04
2.505749165600000000e+10 1.537299999999999636e+04
2.506330056800000000e+10 1.219899999999999272e+04
2.507804856800000000e+10 1.079299999999999272e+04
2.521701261600000000e+10 1.622500000000000728e+04
2.523969852000000000e+10 1.358800000000000728e+04
2.525513162400000000e+10 1.160600000000000000e+04
2.526032975200000000e+10 9.480000000000000000e+03
2.527029898400000000e+10 8.380999999999992724e+03
2.556292775200000000e+10 2.112800000000000000e+04
2.560612338400000000e+10 1.830400000000000728e+04
2.565027239200000000e+10 1.721800000000000000e+04
2.591614693600000000e+10 2.719999999999999272e+04
2.591620181600000000e+10 2.675000000000000000e+03
2.593575940000000000e+10 1.977200000000000728e+04
2.594118912800000000e+10 1.485900000000000364e+04
2.594130221600000000e+10 7.495999999999992724e+03
2.605909984800000000e+10 1.812600000000000000e+04
2.635539021600000000e+10 2.859000000000000728e+04
2.635556964000000000e+10 1.896100000000000000e+04
2.636641640800000000e+10 1.680200000000000000e+04
2.639189498400000000e+10 1.578899999999999636e+04
2.639611253600000000e+10 1.225199999999999636e+04
2.642431975200000000e+10 1.196099999999999272e+04
2.644129028000000000e+10 1.063400000000000728e+04
2.667597301600000000e+10 2.010400000000000000e+04
2.674250735200000000e+10 1.888200000000000000e+04
2.675942642400000000e+10 1.602600000000000000e+04
2.675951756000000000e+10 6.616000000000000000e+03
2.689849332000000000e+10 1.819799999999999272e+04
2.704440671200000000e+10 2.189800000000000000e+04
2.711644002400000000e+10 2.057800000000000000e+04
2.719487584800000000e+10 2.028200000000000728e+04
2.733208165600000000e+10 2.202500000000000000e+04
2.736276399200000000e+10 1.886900000000000000e+04
2.745720632800000000e+10 2.008800000000000000e+04
2.795309690400000000e+10 3.854000000000000000e+04
2.797663295200000000e+10 2.823000000000000000e+04
2.799316951200000000e+10 2.249499999999999272e+04
2.812268940000000000e+10 2.472500000000000000e+04
2.812285338400000000e+10 1.591500000000000000e+04
2.822459250400000000e+10 2.120900000000000000e+04
2.840983220000000000e+10 2.538600000000000000e+04
2.845557909600000000e+10 2.271199999999999272e+04
2.845564210400000000e+10 4.042000000000000000e+03
2.866687213600000000e+10 2.760400000000000728e+04
2.878305517600000000e+10 2.588500000000000000e+04
2.879376980000000000e+10 2.023200000000000000e+04
2.880871116000000000e+10 1.668900000000000728e+04
2.888814648800000000e+10 1.798900000000000000e+04
2.889928557600000000e+10 1.462299999999999636e+04
2.907772594400000000e+10 2.164300000000000000e+04
2.911810589600000000e+10 1.817600000000000000e+04
2.918327392800000000e+10 1.749700000000000000e+04
2.934955621600000000e+10 2.282400000000000000e+04
2.938167421600000000e+10 1.920800000000000000e+04
2.944848375200000000e+10 1.857900000000000000e+04
2.947777333600000000e+10 1.607700000000000000e+04
2.968728464800000000e+10 2.294500000000000000e+04
2.980910100000000000e+10 2.401300000000000000e+04
2.989589476000000000e+10 2.350700000000000000e+04
2.996643005600000000e+10 2.102899999999999272e+04
3.028623608800000000e+10 3.199300000000000000e+04
3.028752396000000000e+10 2.364100000000000000e+04
3.034274989600000000e+10 2.185000000000000000e+04
3.054860716000000000e+10 2.804599999999999272e+04
3.068787920800000000e+10 2.769900000000000000e+04
3.070002245600000000e+10 2.120100000000000000e+04
3.084134213600000000e+10 2.460900000000000000e+04
3.086845960800000000e+10 2.000100000000000728e+04
3.097013768800000000e+10 2.214200000000000000e+04
3.103913836000000000e+10 2.040000000000000000e+04
3.104038708000000000e+10 1.529700000000000728e+04
3.106877584800000000e+10 1.412600000000000000e+04
3.107536581600000000e+10 1.164000000000000000e+04
3.108338040800000000e+10 9.918999999999996362e+03
3.114207949600000000e+10 1.162099999999999272e+04
3.120595181600000000e+10 1.263600000000000728e+04
3.120606012000000000e+10 5.961999999999992724e+03
3.122185053600000000e+10 9.740999999999992724e+03
3.124848815200000000e+10 9.472000000000000000e+03
3.138017596000000000e+10 1.388400000000000000e+04
3.159421397600000000e+10 2.152700000000000000e+04
3.191872724000000000e+10 3.379700000000000000e+04
3.196649384800000000e+10 2.612200000000000000e+04
3.202188338400000000e+10 2.337800000000000000e+04
3.205027288800000000e+10 1.904000000000000000e+04
3.209541712800000000e+10 1.776800000000000000e+04
3.212363408800000000e+10 1.536800000000000364e+04
3.219115679200000000e+10 1.609800000000000000e+04
3.219641282400000000e+10 1.276899999999999636e+04
3.224501420000000000e+10 1.313900000000000364e+04
3.226226544800000000e+10 1.159899999999999636e+04
3.230079095200000000e+10 1.154300000000000728e+04
3.245389480800000000e+10 1.681800000000000000e+04
3.245484256800000000e+10 1.255100000000000728e+04
3.253060084000000000e+10 1.460200000000000728e+04
3.253703626400000000e+10 1.142500000000000000e+04
3.253724679200000000e+10 9.126000000000003638e+03
3.258250216800000000e+10 1.065299999999999636e+04
3.272140077600000000e+10 1.524399999999999636e+04
3.307202856800000000e+10 2.805700000000000000e+04
3.314952469600000000e+10 2.642800000000000000e+04
3.334434364000000000e+10 3.035000000000000000e+04
3.346637388000000000e+10 2.928900000000000000e+04
3.349871562400000000e+10 2.357400000000000000e+04
3.356411840800000000e+10 2.140100000000000000e+04
3.358652832800000000e+10 1.755200000000000364e+04
3.364255490400000000e+10 1.730700000000000000e+04
3.369752058400000000e+10 1.638299999999999272e+04
3.374338253600000000e+10 1.522100000000000728e+04
3.386517295200000000e+10 1.865100000000000000e+04
3.395030392800000000e+10 1.891700000000000000e+04
3.411626204000000000e+10 2.337700000000000000e+04
3.411940532000000000e+10 1.693199999999999272e+04
3.415551847200000000e+10 1.582099999999999636e+04
3.415622538400000000e+10 1.180900000000000728e+04
3.425573500000000000e+10 1.538100000000000000e+04
3.427876060000000000e+10 1.345300000000000000e+04
3.433104442400000000e+10 1.396399999999999636e+04
3.447683642400000000e+10 1.809800000000000000e+04
3.449182039200000000e+10 1.498400000000000000e+04
3.468979016800000000e+10 2.223400000000000000e+04
3.470946079200000000e+10 1.770500000000000364e+04
3.502160932000000000e+10 2.855700000000000728e+04
3.502246776800000000e+10 1.804799999999999636e+04
3.523198418400000000e+10 2.632299999999999272e+04
3.523250927200000000e+10 1.853300000000000000e+04
3.526317743200000000e+10 1.783999999999999272e+04
3.532297581600000000e+10 1.775300000000000000e+04
3.534357050400000000e+10 1.488000000000000000e+04
3.540589250400000000e+10 1.578499999999999272e+04
3.549217266400000000e+10 1.685500000000000000e+04
3.551556608800000000e+10 1.419199999999999636e+04
3.557180575200000000e+10 1.451900000000000000e+04
3.557198364000000000e+10 1.020499999999999636e+04
3.559586213600000000e+10 1.102500000000000000e+04
3.568878492000000000e+10 1.359599999999999636e+04
3.581513453600000000e+10 1.721700000000000000e+04
3.589850085600000000e+10 1.738800000000000000e+04
3.594569527200000000e+10 1.611200000000000364e+04
3.609420772000000000e+10 2.088800000000000000e+04
3.630474295200000000e+10 2.591200000000000000e+04
3.632039290400000000e+10 2.048400000000000000e+04
3.642883797600000000e+10 2.187000000000000728e+04
3.643448228000000000e+10 1.709799999999999636e+04
3.648811717600000000e+10 1.665600000000000000e+04
3.665063997600000000e+10 2.175200000000000000e+04
3.666906127200000000e+10 1.751400000000000000e+04
3.676853418400000000e+10 1.885600000000000000e+04
3.691655514400000000e+10 2.268800000000000000e+04
3.700170775200000000e+10 2.295200000000000000e+04
3.700182122400000000e+10 1.106600000000000000e+04
3.709716335200000000e+10 1.951000000000000000e+04
3.711338104800000000e+10 1.617600000000000000e+04
3.715811879200000000e+10 1.542599999999999272e+04
3.736610632800000000e+10 2.280500000000000000e+04
3.736618192800000000e+10 7.359999999999992724e+03
3.744206853600000000e+10 1.944000000000000000e+04
3.746719239200000000e+10 1.651400000000000000e+04
3.746732509600000000e+10 9.355000000000003638e+03
3.754615794400000000e+10 1.573600000000000728e+04
3.754630919200000000e+10 1.013299999999999272e+04
3.759449634400000000e+10 1.314600000000000000e+04
3.760334266400000000e+10 1.076899999999999272e+04
3.760745954400000000e+10 8.696999999999996362e+03
3.763466332000000000e+10 8.967999999999996362e+03
3.799137749600000000e+10 2.491900000000000000e+04
3.823363839200000000e+10 2.991100000000000000e+04
3.827387461600000000e+10 2.502900000000000000e+04
3.835488274400000000e+10 2.457000000000000000e+04
3.835496668000000000e+10 8.648000000000003638e+03
3.850161140000000000e+10 2.408300000000000000e+04
3.850170848800000000e+10 1.070599999999999272e+04
3.862716560800000000e+10 2.184900000000000000e+04
3.865964247200000000e+10 1.897000000000000000e+04
3.869306655200000000e+10 1.634100000000000000e+04
3.871053108000000000e+10 1.420400000000000364e+04
3.871960394400000000e+10 1.171000000000000364e+04
3.893483847200000000e+10 2.105700000000000000e+04
3.897057896800000000e+10 1.799200000000000000e+04
3.915104823200000000e+10 2.353800000000000000e+04
3.923155173600000000e+10 2.137000000000000000e+04
3.929046072800000000e+10 2.013400000000000000e+04
3.933803152800000000e+10 1.764099999999999636e+04
3.945170255200000000e+10 2.007900000000000000e+04
3.949689586400000000e+10 1.803400000000000000e+04
3.959338824800000000e+10 1.872000000000000000e+04
3.965285631200000000e+10 1.808100000000000000e+04
3.965309293600000000e+10 1.631200000000000000e+04
3.975335956000000000e+10 1.719200000000000000e+04
3.988764426400000000e+10 2.024200000000000000e+04
3.994763887200000000e+10 1.856200000000000000e+04
3.998618850400000000e+10 1.654300000000000000e+04
4.008964735200000000e+10 1.853600000000000000e+04
4.023437453600000000e+10 2.272200000000000000e+04
4.032335756000000000e+10 2.158200000000000000e+04
4.041977728800000000e+10 2.189300000000000000e+04
4.041986676000000000e+10 1.005700000000000364e+04
4.051323068000000000e+10 2.000900000000000000e+04
4.051814237600000000e+10 1.516099999999999636e+04
4.056138146400000000e+10 1.470400000000000000e+04
4.058258212000000000e+10 1.287300000000000728e+04
4.069972573600000000e+10 1.643499999999999636e+04
4.084274704800000000e+10 2.009400000000000000e+04
4.084287058400000000e+10 1.116499999999999272e+04
4.092397848800000000e+10 1.745600000000000000e+04
4.095110152800000000e+10 1.507800000000000000e+04
4.108477813600000000e+10 1.920400000000000000e+04
4.113849480800000000e+10 1.743400000000000000e+04
4.119361202400000000e+10 1.674799999999999636e+04
4.122339183200000000e+10 1.479899999999999272e+04
4.130217056800000000e+10 1.605499999999999272e+04
4.132747205600000000e+10 1.381099999999999272e+04
4.139815165600000000e+10 1.521600000000000364e+04
4.140653077600000000e+10 1.193499999999999272e+04
4.149388069600000000e+10 1.461400000000000728e+04
4.149522674400000000e+10 1.113600000000000728e+04
4.151753136800000000e+10 1.027300000000000000e+04
4.151940071200000000e+10 8.034000000000003638e+03
4.155908973600000000e+10 9.246000000000003638e+03
4.157820316000000000e+10 8.366999999999996362e+03
4.163866925600000000e+10 9.942000000000000000e+03
4.168214136800000000e+10 9.988000000000007276e+03
4.193113728800000000e+10 1.911200000000000000e+04
4.219426956000000000e+10 2.727900000000000000e+04
4.224445119200000000e+10 2.344400000000000000e+04
4.237803109600000000e+10 2.456599999999999272e+04
4.253452189600000000e+10 2.837700000000000000e+04
4.257548589600000000e+10 2.215599999999999272e+04
4.267717490400000000e+10 2.296100000000000000e+04
4.274532413600000000e+10 2.228200000000000000e+04
4.279029848800000000e+10 1.924300000000000000e+04
4.281406890400000000e+10 1.612299999999999272e+04
4.283810194400000000e+10 1.435999999999999636e+04
4.289459554400000000e+10 1.483999999999999636e+04
4.291117608800000000e+10 1.223599999999999636e+04
4.302487405600000000e+10 1.607999999999999272e+04
4.322512797600000000e+10 2.255800000000000000e+04
4.322998677600000000e+10 1.687999999999999636e+04
4.325052800800000000e+10 1.487999999999999636e+04
4.334195378400000000e+10 1.719099999999999636e+04
4.334302495200000000e+10 1.265600000000000000e+04
4.338864607200000000e+10 1.388900000000000364e+04
4.339900092000000000e+10 1.094300000000000000e+04
4.351126245600000000e+10 1.494000000000000000e+04
4.366076640800000000e+10 1.876300000000000000e+04
4.368297488800000000e+10 1.568199999999999636e+04
4.368383192800000000e+10 1.187900000000000000e+04
4.368398752800000000e+10 8.493999999999996362e+03
4.374642754400000000e+10 1.236999999999999636e+04
4.396911765600000000e+10 2.050400000000000000e+04
4.412647072800000000e+10 2.520000000000000000e+04
4.413544704800000000e+10 1.783000000000000364e+04
4.431696141600000000e+10 2.349700000000000000e+04
4.449242706400000000e+10 2.780800000000000000e+04
4.455126778400000000e+10 2.335000000000000000e+04
4.455984519200000000e+10 1.801400000000000000e+04
4.472271588000000000e+10 2.481700000000000000e+04
4.479994994400000000e+10 2.210800000000000000e+04
4.485334471200000000e+10 1.944000000000000000e+04
4.485351079200000000e+10 1.334000000000000364e+04
4.488801557600000000e+10 1.479400000000000364e+04
4.497126909600000000e+10 1.617800000000000364e+04
4.497917271200000000e+10 1.331899999999999636e+04
4.512549991200000000e+10 1.807400000000000728e+04
4.527937495200000000e+10 2.161800000000000000e+04
4.530047288800000000e+10 1.759500000000000000e+04
4.535089808800000000e+10 1.690500000000000000e+04
4.535454234400000000e+10 1.282700000000000000e+04
4.550884821600000000e+10 1.925700000000000000e+04
4.556980351200000000e+10 1.876900000000000000e+04
4.560892664800000000e+10 1.591199999999999272e+04
4.562904164000000000e+10 1.360800000000000728e+04
4.574315127200000000e+10 1.723100000000000364e+04
4.574324330400000000e+10 6.481000000000007276e+03
4.576013968800000000e+10 1.256999999999999636e+04
4.585717333600000000e+10 1.536499999999999272e+04
4.601939159200000000e+10 1.991900000000000000e+04
4.619386856800000000e+10 2.457000000000000000e+04
4.620470536800000000e+10 1.864400000000000000e+04
4.643358660000000000e+10 2.655000000000000728e+04
4.643374770400000000e+10 1.643000000000000728e+04
4.653201658400000000e+10 2.184100000000000000e+04
4.653639749600000000e+10 1.669699999999999272e+04
4.653652372000000000e+10 9.192000000000007276e+03
4.653674944800000000e+10 7.692000000000000000e+03
4.661430829600000000e+10 1.467499999999999636e+04
4.661439018400000000e+10 4.012000000000003638e+03
4.684938757600000000e+10 2.191300000000000000e+04
4.692837223200000000e+10 2.105499999999999272e+04
4.693964861600000000e+10 1.736500000000000000e+04
4.698783112800000000e+10 1.638399999999999272e+04
4.708514712800000000e+10 1.801000000000000000e+04
4.708531548000000000e+10 1.242799999999999272e+04
4.711731407200000000e+10 1.337700000000000000e+04
4.718616423200000000e+10 1.458600000000000728e+04
4.719621274400000000e+10 1.177899999999999636e+04
4.735607980000000000e+10 1.710799999999999636e+04
4.747651768800000000e+10 1.976000000000000000e+04
4.747658428000000000e+10 3.866999999999992724e+03
4.749120053600000000e+10 1.490299999999999636e+04
4.771835677600000000e+10 2.296100000000000000e+04
4.779439882400000000e+10 2.200000000000000000e+04
4.784387196000000000e+10 1.938500000000000000e+04
4.789877925600000000e+10 1.864500000000000000e+04
4.795720204000000000e+10 1.734100000000000000e+04
4.803621868000000000e+10 1.826600000000000000e+04
4.804018032800000000e+10 1.385399999999999636e+04
4.807686754400000000e+10 1.352799999999999636e+04
4.823947165600000000e+10 1.928400000000000000e+04
4.826981693600000000e+10 1.650100000000000000e+04
4.831887738400000000e+10 1.557599999999999636e+04
4.831894599200000000e+10 2.383000000000007276e+03
4.845812400800000000e+10 1.874700000000000000e+04
4.859226356000000000e+10 2.192400000000000000e+04
4.861736658400000000e+10 1.759199999999999636e+04
4.866617901600000000e+10 1.687200000000000728e+04
4.872188704800000000e+10 1.598000000000000000e+04
4.872728580000000000e+10 1.288000000000000728e+04
4.873691071200000000e+10 1.074500000000000728e+04
4.879793919200000000e+10 1.256700000000000000e+04
4.888254599200000000e+10 1.433600000000000000e+04
4.890861106400000000e+10 1.264800000000000728e+04
4.893529444000000000e+10 1.160100000000000000e+04
4.903972394400000000e+10 1.466299999999999272e+04
4.912848476000000000e+10 1.599199999999999636e+04
4.919204092000000000e+10 1.588000000000000364e+04
4.938355984800000000e+10 2.132000000000000728e+04
4.943955576800000000e+10 1.968400000000000000e+04
4.947312263200000000e+10 1.690600000000000000e+04
4.954234218400000000e+10 1.727999999999999636e+04
4.957496183200000000e+10 1.516700000000000728e+04
4.957545407200000000e+10 1.154300000000000364e+04
4.958478437600000000e+10 1.005300000000000364e+04
4.963054240800000000e+10 1.119099999999999272e+04
4.976645703200000000e+10 1.568299999999999636e+04
4.982669128800000000e+10 1.540300000000000728e+04
4.982976983200000000e+10 1.180699999999999272e+04
4.988983679200000000e+10 1.327100000000000000e+04
5.018446813600000000e+10 2.472600000000000000e+04
5.027214000800000000e+10 2.437700000000000000e+04
5.067545476000000000e+10 4.432800000000000000e+04
5.067553048800000000e+10 1.227700000000000728e+04
5.072831988000000000e+10 2.695500000000000000e+04
5.085004612000000000e+10 2.757700000000000000e+04
5.089735455200000000e+10 2.150000000000000000e+04
5.090456407200000000e+10 1.678599999999999272e+04
5.093674842400000000e+10 1.566599999999999636e+04
5.120371640800000000e+10 2.736100000000000000e+04
5.124989280800000000e+10 2.202700000000000000e+04
5.138148802400000000e+10 2.431999999999999272e+04
5.139037208800000000e+10 1.835700000000000000e+04
5.142036855200000000e+10 1.623900000000000728e+04
5.154648663200000000e+10 2.153000000000000000e+04
5.154654813600000000e+10 2.309999999999996362e+03
5.164902284000000000e+10 1.954700000000000000e+04
5.167468295200000000e+10 1.688800000000000364e+04
5.199289940000000000e+10 3.161699999999999272e+04
5.204659080800000000e+10 2.560900000000000000e+04
5.204742488800000000e+10 1.753099999999999272e+04
5.209364836000000000e+10 1.712800000000000000e+04
5.241743813600000000e+10 3.023800000000000000e+04
5.254724069600000000e+10 2.992800000000000000e+04
5.259632050400000000e+10 2.440399999999999272e+04
5.259703663200000000e+10 1.763700000000000364e+04
5.265856480800000000e+10 1.896300000000000000e+04
5.265863167200000000e+10 3.526999999999992724e+03
5.276497221600000000e+10 1.913200000000000000e+04
5.281304903200000000e+10 1.814399999999999636e+04
5.282835888800000000e+10 1.454300000000000000e+04
5.292169759200000000e+10 1.694199999999999636e+04
5.298466141600000000e+10 1.637900000000000728e+04
5.310400464800000000e+10 1.935500000000000000e+04
5.315171104800000000e+10 1.775300000000000000e+04
5.321832880800000000e+10 1.747499999999999636e+04
5.326226975200000000e+10 1.608100000000000728e+04
5.330376533600000000e+10 1.511099999999999636e+04
5.340227498400000000e+10 1.692000000000000000e+04
5.344524327200000000e+10 1.580100000000000000e+04
5.350888367200000000e+10 1.582600000000000000e+04
5.378431477600000000e+10 2.643899999999999272e+04
5.381126076000000000e+10 2.030200000000000000e+04
5.404171492000000000e+10 2.803700000000000000e+04
5.410311380000000000e+10 2.460200000000000000e+04
5.413317543200000000e+10 2.130400000000000000e+04
5.413905540000000000e+10 1.551300000000000364e+04
5.417500084000000000e+10 1.552800000000000364e+04
5.418196772000000000e+10 1.208100000000000000e+04
5.424196940000000000e+10 1.335399999999999636e+04
5.428267700000000000e+10 1.306499999999999272e+04
5.440702842400000000e+10 1.680100000000000000e+04
5.456158327200000000e+10 2.026200000000000000e+04
5.469356220000000000e+10 2.241499999999999272e+04
5.477051293600000000e+10 2.123200000000000000e+04
5.489332287200000000e+10 2.355099999999999272e+04
5.492258480800000000e+10 1.911100000000000000e+04
5.495387421600000000e+10 1.721200000000000000e+04
5.496478656800000000e+10 1.364999999999999636e+04
5.508099149600000000e+10 1.742500000000000000e+04
5.512444088800000000e+10 1.622599999999999636e+04
5.512462218400000000e+10 1.147699999999999272e+04
5.515198916000000000e+10 1.203900000000000000e+04
5.557722640800000000e+10 3.224200000000000000e+04
5.560943828000000000e+10 2.424800000000000000e+04
5.565728736800000000e+10 2.111600000000000000e+04
5.568501277600000000e+10 1.736200000000000000e+04
5.568519679200000000e+10 1.401700000000000728e+04
5.579689200800000000e+10 1.785700000000000000e+04
5.594667496800000000e+10 2.175200000000000000e+04
5.596642648800000000e+10 1.688000000000000000e+04
5.596800351200000000e+10 1.283200000000000364e+04
5.599121548000000000e+10 1.229100000000000364e+04
5.619013439200000000e+10 1.975500000000000000e+04
5.620197946400000000e+10 1.525099999999999272e+04
5.644932869600000000e+10 2.506900000000000000e+04
5.646746036000000000e+10 2.058500000000000000e+04
5.647404880800000000e+10 1.499499999999999272e+04
5.654575125600000000e+10 1.676799999999999272e+04
5.660749756000000000e+10 1.665600000000000728e+04
5.663504575200000000e+10 1.416900000000000364e+04
5.673759108000000000e+10 1.669200000000000000e+04
5.676320784800000000e+10 1.453600000000000364e+04
5.681686485600000000e+10 1.454399999999999272e+04
5.683698239200000000e+10 1.259900000000000000e+04
5.685261228000000000e+10 1.094300000000000000e+04
5.686394068000000000e+10 9.447000000000000000e+03
5.693410058400000000e+10 1.161000000000000728e+04
5.707650247200000000e+10 1.582299999999999636e+04
5.710482669600000000e+10 1.400399999999999636e+04
5.713052728800000000e+10 1.243899999999999636e+04
5.715885735200000000e+10 1.139700000000000000e+04
5.729244106400000000e+10 1.600000000000000000e+04
5.734976760800000000e+10 1.524700000000000728e+04
5.739622082400000000e+10 1.421700000000000728e+04
5.739645804000000000e+10 1.096300000000000000e+04
5.750258210400000000e+10 1.514599999999999272e+04
5.751271146400000000e+10 1.215200000000000728e+04
5.751279631200000000e+10 3.374000000000007276e+03
5.752740072800000000e+10 9.615999999999996362e+03
5.799924968800000000e+10 3.117399999999999272e+04
5.800578791200000000e+10 2.201099999999999272e+04
5.802385709600000000e+10 1.837100000000000000e+04
5.808256608800000000e+10 1.854100000000000000e+04
5.808931272800000000e+10 1.378500000000000364e+04
5.818528504800000000e+10 1.678400000000000364e+04
5.826640703200000000e+10 1.760100000000000000e+04
5.856498536800000000e+10 2.943000000000000000e+04
5.866875300000000000e+10 2.611499999999999272e+04
5.870566503200000000e+10 2.249200000000000000e+04
5.873838493600000000e+10 1.833800000000000000e+04
5.883514682400000000e+10 2.020500000000000728e+04
5.895894600800000000e+10 2.143600000000000000e+04
5.914930384800000000e+10 2.733600000000000000e+04
5.926559560800000000e+10 2.682000000000000000e+04
5.930149157600000000e+10 2.125500000000000000e+04
5.932536560800000000e+10 1.723400000000000000e+04
5.955232221600000000e+10 2.663000000000000728e+04
5.955795586400000000e+10 1.898499999999999272e+04
5.959689704800000000e+10 1.794799999999999636e+04
5.964228164000000000e+10 1.674599999999999272e+04
5.966204911200000000e+10 1.401800000000000364e+04
5.980645236000000000e+10 1.898400000000000000e+04
5.990771122400000000e+10 2.052800000000000000e+04
5.991944367200000000e+10 1.570199999999999636e+04
6.012185749600000000e+10 2.360000000000000000e+04
6.027645338400000000e+10 2.632700000000000000e+04
6.034519724000000000e+10 2.256600000000000000e+04
6.046907250400000000e+10 2.577700000000000000e+04
6.096201794400000000e+10 4.417700000000000000e+04
6.101521367200000000e+10 3.629000000000000000e+04
6.108444988000000000e+10 2.771100000000000000e+04
6.113169711200000000e+10 2.447200000000000000e+04
6.143998056800000000e+10 3.424699999999999272e+04
6.150881212000000000e+10 2.800900000000000000e+04
6.174750500000000000e+10 3.523900000000000000e+04
6.185616642400000000e+10 3.189499999999999272e+04
6.189490080800000000e+10 2.386400000000000000e+04
6.190147258400000000e+10 1.841900000000000000e+04
6.190866327200000000e+10 1.461600000000000000e+04
6.196091650400000000e+10 1.542100000000000000e+04
6.196389295200000000e+10 1.166900000000000728e+04
6.207216352800000000e+10 1.605200000000000728e+04
6.227374645600000000e+10 2.321700000000000000e+04
6.240667544800000000e+10 2.424000000000000000e+04
6.243997522400000000e+10 1.945900000000000000e+04
6.255935072800000000e+10 2.216900000000000000e+04
6.255951396000000000e+10 1.666800000000000728e+04
6.285570178400000000e+10 2.951400000000000000e+04
6.287772845600000000e+10 2.199900000000000000e+04
6.301591229600000000e+10 2.572799999999999272e+04
6.311794122400000000e+10 2.552000000000000000e+04
6.325006757600000000e+10 2.557100000000000000e+04
6.333110885600000000e+10 2.406500000000000728e+04
6.335573653600000000e+10 1.934400000000000000e+04
6.335582216800000000e+10 6.966999999999992724e+03
6.346116469600000000e+10 1.969900000000000000e+04
6.351601432800000000e+10 1.842500000000000000e+04
6.351624704800000000e+10 1.383600000000000364e+04
6.366422632800000000e+10 1.889800000000000000e+04
6.368591292000000000e+10 1.636500000000000364e+04
6.386733316000000000e+10 2.199300000000000000e+04
6.393074700000000000e+10 2.077600000000000000e+04
6.400211136800000000e+10 1.986500000000000728e+04
6.406242573600000000e+10 1.895100000000000000e+04
6.419687951200000000e+10 2.162000000000000000e+04
6.435254788000000000e+10 2.558300000000000000e+04
6.438999656800000000e+10 2.069300000000000000e+04
6.448328506400000000e+10 2.072800000000000000e+04
6.448343732000000000e+10 1.363899999999999272e+04
6.463552116000000000e+10 2.202800000000000000e+04
6.466744823200000000e+10 1.879100000000000000e+04
6.470041989600000000e+10 1.632099999999999272e+04
6.476794744800000000e+10 1.702100000000000000e+04
6.477533290400000000e+10 1.297200000000000000e+04
6.478667909600000000e+10 1.135499999999999272e+04
6.481028916000000000e+10 1.067499999999999272e+04
6.484187788000000000e+10 1.025500000000000000e+04
6.495814568800000000e+10 1.409899999999999636e+04
6.497991583200000000e+10 1.215600000000000000e+04
6.511660237600000000e+10 1.637700000000000000e+04
6.533979064800000000e+10 2.437100000000000000e+04
6.559541256800000000e+10 3.290500000000000728e+04
6.570488584800000000e+10 2.942200000000000000e+04
6.579383138400000000e+10 2.749000000000000000e+04
6.584677698400000000e+10 2.261400000000000000e+04
6.593280264800000000e+10 2.171000000000000000e+04
6.593286796000000000e+10 4.613999999999996362e+03
6.600774464800000000e+10 1.947799999999999272e+04
6.602467954400000000e+10 1.630499999999999636e+04
6.612866834400000000e+10 1.840600000000000000e+04
6.614688698400000000e+10 1.540599999999999636e+04
6.618289810400000000e+10 1.528700000000000364e+04
6.621445922400000000e+10 1.319300000000000728e+04
6.638056285600000000e+10 1.862400000000000000e+04
6.643676890400000000e+10 1.700800000000000000e+04
6.660698141600000000e+10 2.198900000000000000e+04
6.664851485600000000e+10 1.919300000000000000e+04
6.670239047200000000e+10 1.816400000000000000e+04
6.671320762400000000e+10 1.429599999999999636e+04
6.688453261600000000e+10 2.083999999999999272e+04
6.702356412000000000e+10 2.272500000000000000e+04
6.711028328800000000e+10 2.179300000000000000e+04
6.711936293600000000e+10 1.770799999999999272e+04
6.716658314400000000e+10 1.650399999999999272e+04
6.720235716000000000e+10 1.498000000000000728e+04
6.740090805600000000e+10 2.267500000000000000e+04
6.772772223200000000e+10 3.462000000000000728e+04
6.778206298400000000e+10 2.732900000000000000e+04
6.787637173600000000e+10 2.615600000000000000e+04
6.788090612000000000e+10 1.932400000000000000e+04
6.797953290400000000e+10 2.201399999999999272e+04
6.802068607200000000e+10 1.888000000000000000e+04
6.814783224800000000e+10 2.129700000000000000e+04
6.818997519200000000e+10 1.847200000000000000e+04
6.825941341600000000e+10 1.865600000000000000e+04
6.844601492000000000e+10 2.502300000000000728e+04
6.849970404000000000e+10 2.105700000000000000e+04
6.852147376800000000e+10 1.702599999999999272e+04
6.855140130400000000e+10 1.580399999999999636e+04
6.857242372000000000e+10 1.322800000000000364e+04
6.860984410400000000e+10 1.274099999999999272e+04
6.860992996000000000e+10 4.062000000000000000e+03
6.864067068000000000e+10 1.123900000000000728e+04
6.881398999200000000e+10 1.722600000000000000e+04
6.881777268000000000e+10 1.339800000000000364e+04
6.883757495200000000e+10 1.215300000000000000e+04
6.883774557600000000e+10 9.536999999999996362e+03
6.926853512800000000e+10 2.955899999999999272e+04
6.928596738400000000e+10 2.222900000000000000e+04
6.938693868000000000e+10 2.253500000000000000e+04
6.940021175200000000e+10 1.875300000000000000e+04
6.941238818400000000e+10 1.460999999999999272e+04
6.942885740000000000e+10 1.271899999999999272e+04
6.949194640800000000e+10 1.408400000000000728e+04
6.975601832800000000e+10 2.501700000000000000e+04
6.995039288800000000e+10 2.869000000000000728e+04
7.001789360800000000e+10 2.473199999999999272e+04
7.008356732000000000e+10 2.215100000000000728e+04
7.010570813600000000e+10 1.844000000000000000e+04
7.027074314400000000e+10 2.291400000000000000e+04
7.028109364000000000e+10 1.815300000000000000e+04
7.037430568800000000e+10 1.958400000000000000e+04
7.043515074400000000e+10 1.896300000000000000e+04
7.066442402400000000e+10 2.637000000000000728e+04
7.067363431200000000e+10 1.954500000000000000e+04
7.075604312800000000e+10 2.007800000000000000e+04
7.081220799200000000e+10 1.896300000000000000e+04
7.084421525600000000e+10 1.710500000000000000e+04
7.085720983200000000e+10 1.364599999999999272e+04
7.093876298400000000e+10 1.603800000000000364e+04
7.104714720800000000e+10 1.822200000000000000e+04
7.107045724000000000e+10 1.522400000000000364e+04
7.109820354400000000e+10 1.381800000000000000e+04
7.116180295200000000e+10 1.430900000000000728e+04
7.138885564000000000e+10 2.298499999999999272e+04
7.144375578400000000e+10 1.997300000000000000e+04
7.148697925600000000e+10 1.776600000000000000e+04
7.149831183200000000e+10 1.436499999999999272e+04
7.157719103200000000e+10 1.613100000000000000e+04
7.160576044000000000e+10 1.424900000000000000e+04
7.172036384800000000e+10 1.748299999999999636e+04
7.172322552800000000e+10 1.284000000000000728e+04
7.178453367200000000e+10 1.422600000000000728e+04
7.195986469600000000e+10 1.953900000000000000e+04
7.198405800800000000e+10 1.624200000000000000e+04
7.208513309600000000e+10 1.815700000000000000e+04
7.222023911200000000e+10 2.132800000000000000e+04
7.222030031200000000e+10 3.208000000000003638e+03
7.230177504800000000e+10 1.923500000000000000e+04
7.235477672800000000e+10 1.816200000000000000e+04
7.238385074400000000e+10 1.596700000000000728e+04
7.239136770400000000e+10 1.263399999999999636e+04
7.257849074400000000e+10 1.976000000000000000e+04
7.266701325600000000e+10 1.960600000000000000e+04
7.272778919200000000e+10 1.865600000000000000e+04
7.272790674400000000e+10 1.008299999999999272e+04
7.281762984800000000e+10 1.706900000000000000e+04
7.285352960800000000e+10 1.548900000000000000e+04
7.286566940000000000e+10 1.277100000000000000e+04
7.292464256800000000e+10 1.388600000000000728e+04
7.294339015200000000e+10 1.220699999999999636e+04
7.307283959200000000e+10 1.594499999999999636e+04
7.315017677600000000e+10 1.668799999999999272e+04
7.326285556000000000e+10 1.878700000000000000e+04
7.343715416800000000e+10 2.281800000000000000e+04
7.346316672800000000e+10 1.898700000000000000e+04
7.348369157600000000e+10 1.630799999999999272e+04
7.363091181600000000e+10 2.055500000000000000e+04
7.364665938400000000e+10 1.655999999999999636e+04
7.378749743200000000e+10 2.039200000000000000e+04
7.383938380000000000e+10 1.844100000000000000e+04
7.388813061600000000e+10 1.738700000000000000e+04
7.389143815200000000e+10 1.321599999999999636e+04
7.389198608800000000e+10 9.829999999999996362e+03
7.391980778400000000e+10 1.047100000000000364e+04
7.422668096800000000e+10 2.293000000000000000e+04
7.425116658400000000e+10 1.921000000000000000e+04
7.438339240800000000e+10 2.216900000000000000e+04
7.449667503200000000e+10 2.235200000000000000e+04
7.458552639200000000e+10 2.276400000000000000e+04
7.476606000800000000e+10 2.659700000000000000e+04
7.476613141600000000e+10 7.361999999999992724e+03
7.482871072800000000e+10 2.096100000000000000e+04
7.484868559200000000e+10 1.789700000000000000e+04
7.495803376800000000e+10 1.961700000000000000e+04
7.509096879200000000e+10 2.176000000000000000e+04
7.518964044000000000e+10 2.192500000000000000e+04
7.561361378400000000e+10 3.983100000000000000e+04
7.566819287200000000e+10 3.308200000000000000e+04
7.566836117600000000e+10 1.904700000000000000e+04
7.571664928800000000e+10 2.047000000000000000e+04
7.578127652000000000e+10 1.912200000000000000e+04
7.589081712800000000e+10 2.097900000000000000e+04
7.593436469600000000e+10 1.921200000000000000e+04
7.603125351200000000e+10 2.016100000000000000e+04
7.606581565600000000e+10 1.736400000000000000e+04
7.612116744800000000e+10 1.719300000000000000e+04
7.622033208800000000e+10 1.877300000000000000e+04
7.623436679200000000e+10 1.503000000000000728e+04
7.632355104800000000e+10 1.667600000000000000e+04
7.638160463200000000e+10 1.648900000000000000e+04
7.644555040800000000e+10 1.556999999999999272e+04
7.657166560800000000e+10 1.960000000000000000e+04
7.661506956000000000e+10 1.679300000000000000e+04
7.662559317600000000e+10 1.371400000000000000e+04
7.672325247200000000e+10 1.675099999999999636e+04
7.691356141600000000e+10 2.253100000000000000e+04
7.694031060000000000e+10 1.883200000000000000e+04
7.704810818400000000e+10 2.034900000000000000e+04
7.710172389600000000e+10 1.932100000000000000e+04
7.710852218400000000e+10 1.412199999999999636e+04
7.717277837600000000e+10 1.563599999999999272e+04
7.719035391200000000e+10 1.340399999999999272e+04
7.722370628000000000e+10 1.274699999999999272e+04
7.730492343200000000e+10 1.418200000000000000e+04
7.754939424800000000e+10 2.302300000000000000e+04
7.767667111200000000e+10 2.352900000000000000e+04
7.777576156000000000e+10 2.299000000000000000e+04
7.790005653600000000e+10 2.447000000000000000e+04
7.792412431200000000e+10 1.885499999999999272e+04
7.792578079200000000e+10 1.431799999999999636e+04
7.805733031200000000e+10 1.970500000000000000e+04
7.806423365600000000e+10 1.574900000000000728e+04
7.816855612000000000e+10 1.786599999999999636e+04
7.833992669600000000e+10 2.280900000000000000e+04
7.838257964000000000e+10 1.924300000000000000e+04
7.840316412000000000e+10 1.647000000000000364e+04
7.857883357600000000e+10 2.305700000000000000e+04
7.858562624800000000e+10 1.650200000000000728e+04
7.861033607200000000e+10 1.485699999999999272e+04
7.874582416800000000e+10 1.926800000000000000e+04
7.877280960800000000e+10 1.669199999999999272e+04
7.879345244000000000e+10 1.372199999999999636e+04
7.883182469600000000e+10 1.324900000000000000e+04
7.885100228000000000e+10 1.178000000000000000e+04
7.894635828000000000e+10 1.438400000000000000e+04
7.910660642400000000e+10 1.938900000000000000e+04
7.913885933600000000e+10 1.667799999999999272e+04
7.917354855200000000e+10 1.489600000000000364e+04
7.923650157600000000e+10 1.550999999999999636e+04
7.943425276000000000e+10 2.165700000000000000e+04
7.953226791200000000e+10 2.119800000000000000e+04
7.956335071200000000e+10 1.800400000000000000e+04
7.956846215200000000e+10 1.389600000000000364e+04
7.956863701600000000e+10 1.032199999999999636e+04
7.963447154400000000e+10 1.359199999999999272e+04
7.963662538400000000e+10 1.056300000000000728e+04
7.979411636000000000e+10 1.697899999999999636e+04
7.981966975200000000e+10 1.444200000000000364e+04
7.981975692000000000e+10 4.950000000000003638e+03
7.988252245600000000e+10 1.390400000000000000e+04
7.999379776800000000e+10 1.671199999999999636e+04
8.004783090400000000e+10 1.571300000000000000e+04
8.006235036000000000e+10 1.316899999999999272e+04
8.013826156000000000e+10 1.469699999999999636e+04
8.030858130400000000e+10 1.979900000000000000e+04
8.036432452000000000e+10 1.810400000000000000e+04
8.039203892000000000e+10 1.572600000000000000e+04
8.041327148000000000e+10 1.326300000000000728e+04
8.050244904800000000e+10 1.559300000000000364e+04
8.062911045600000000e+10 1.816699999999999636e+04
8.064333205600000000e+10 1.521600000000000728e+04
8.078243079200000000e+10 1.905600000000000000e+04
8.078253890400000000e+10 9.326000000000003638e+03
8.084013301600000000e+10 1.587200000000000364e+04
8.085630981600000000e+10 1.348999999999999636e+04
8.086165863200000000e+10 1.081400000000000000e+04
8.092501031200000000e+10 1.250399999999999636e+04
8.093048517600000000e+10 1.016399999999999636e+04
8.107666703200000000e+10 1.570399999999999636e+04
8.118821965600000000e+10 1.753700000000000000e+04
8.124201901600000000e+10 1.708000000000000000e+04
8.127489797600000000e+10 1.506200000000000364e+04
8.132951016800000000e+10 1.501700000000000364e+04
8.135043567200000000e+10 1.289299999999999636e+04
8.163408604000000000e+10 2.344900000000000000e+04
8.163418946400000000e+10 1.125299999999999636e+04
8.165877442400000000e+10 1.700199999999999272e+04
8.180104776800000000e+10 2.034700000000000000e+04
8.194100528800000000e+10 2.356900000000000000e+04
8.194796712800000000e+10 1.705000000000000000e+04
8.198628866400000000e+10 1.640900000000000000e+04
8.212014802400000000e+10 1.938700000000000000e+04
8.214030104800000000e+10 1.628800000000000000e+04
8.220278800800000000e+10 1.658000000000000000e+04
8.234386250400000000e+10 2.168000000000000000e+04
8.245692269600000000e+10 2.163600000000000000e+04
8.246386727200000000e+10 1.623300000000000000e+04
8.254473986400000000e+10 1.796900000000000728e+04
8.276572296800000000e+10 2.428600000000000000e+04
8.298716319200000000e+10 3.055700000000000000e+04
8.326601560800000000e+10 3.548699999999999272e+04
8.331515572000000000e+10 2.792200000000000000e+04
8.338855052000000000e+10 2.594099999999999272e+04
8.339531791200000000e+10 1.862300000000000000e+04
8.339548114400000000e+10 1.300100000000000728e+04
8.370453397600000000e+10 2.854299999999999272e+04
8.371207508000000000e+10 2.097900000000000000e+04
8.376092205600000000e+10 1.989500000000000728e+04
8.387385853600000000e+10 2.257100000000000000e+04
8.394834324000000000e+10 2.072599999999999272e+04
8.399479101600000000e+10 1.992300000000000000e+04
8.431890133600000000e+10 3.263799999999999272e+04
8.460869477600000000e+10 3.737000000000000000e+04
8.476028964000000000e+10 3.593399999999999272e+04
8.483887712800000000e+10 3.211900000000000000e+04
8.503115103200000000e+10 3.309300000000000000e+04
8.535139882400000000e+10 4.047300000000000000e+04
8.538259180000000000e+10 2.939300000000000000e+04
8.552595450400000000e+10 3.202900000000000000e+04
8.552825557600000000e+10 2.216700000000000000e+04
8.570632336800000000e+10 2.828500000000000728e+04
8.573263496800000000e+10 2.127600000000000000e+04
8.578240994400000000e+10 1.989800000000000000e+04
8.578246914400000000e+10 2.391999999999992724e+03
8.584299280800000000e+10 1.827600000000000000e+04
8.586667032800000000e+10 1.503199999999999636e+04
8.586769783200000000e+10 1.151200000000000000e+04
8.614121565600000000e+10 2.314999999999999272e+04
8.625094442400000000e+10 2.305400000000000000e+04
8.628733901600000000e+10 1.952400000000000000e+04
8.649610176800000000e+10 2.791200000000000000e+04
8.653660452000000000e+10 2.262900000000000000e+04
8.665206732000000000e+10 2.275400000000000000e+04
8.667729639200000000e+10 1.894300000000000000e+04
8.667735768800000000e+10 1.923000000000000000e+03
8.669387568800000000e+10 1.483199999999999636e+04
8.672072085600000000e+10 1.370499999999999636e+04
8.682695800800000000e+10 1.648800000000000000e+04
8.691857264800000000e+10 1.820800000000000000e+04
8.697441932000000000e+10 1.692399999999999636e+04
8.697449544800000000e+10 4.556000000000003638e+03
8.708172592800000000e+10 1.777800000000000000e+04
8.711264615200000000e+10 1.551400000000000000e+04
8.730527098400000000e+10 2.256100000000000000e+04
8.736015064800000000e+10 2.015900000000000000e+04
8.743221268000000000e+10 1.902600000000000000e+04
8.750024352800000000e+10 1.897700000000000000e+04
8.754592239200000000e+10 1.692100000000000000e+04
8.756505056800000000e+10 1.454299999999999272e+04
8.771377156000000000e+10 1.966800000000000000e+04
8.782517727200000000e+10 2.088000000000000000e+04
8.783012276000000000e+10 1.594699999999999636e+04
8.783023279200000000e+10 7.734000000000000000e+03
8.796053607200000000e+10 1.840700000000000000e+04
8.803542716000000000e+10 1.796300000000000000e+04
8.820604039200000000e+10 2.254199999999999272e+04
8.829722874400000000e+10 2.231300000000000000e+04
8.838401204000000000e+10 2.202400000000000000e+04
8.841823136800000000e+10 1.883500000000000000e+04
8.843986341600000000e+10 1.556699999999999272e+04
8.844257976800000000e+10 1.231200000000000000e+04
8.861758690400000000e+10 1.972500000000000000e+04
8.879651117600000000e+10 2.416000000000000000e+04
8.892437295200000000e+10 2.522300000000000000e+04
8.900361341600000000e+10 2.304000000000000000e+04
8.911588037600000000e+10 2.436800000000000000e+04
8.924780765600000000e+10 2.538600000000000000e+04
8.939401119200000000e+10 2.714400000000000000e+04
8.942570783200000000e+10 2.105900000000000000e+04
8.949310418400000000e+10 2.075200000000000000e+04
8.950925116000000000e+10 1.666899999999999636e+04
8.963968464800000000e+10 2.081800000000000000e+04
8.964050532000000000e+10 1.540200000000000364e+04
8.981907317600000000e+10 2.226800000000000000e+04
8.984413181600000000e+10 1.821100000000000728e+04
8.987115770400000000e+10 1.557399999999999636e+04
8.997195216800000000e+10 1.817700000000000000e+04
