# Timestamps in ns,Energies
8.994415200000000000e+07 3.112500000000000000e+04
1.902972240000000000e+08 2.975800000000000000e+04
2.432553680000000000e+08 2.360000000000000000e+04
3.331255920000000000e+08 2.449300000000000000e+04
3.698167120000000000e+08 1.963600000000000728e+04
4.256385040000000000e+08 1.895400000000000000e+04
5.822637200000000000e+08 2.313000000000000000e+04
6.348924080000000000e+08 2.025000000000000000e+04
7.774584880000000000e+08 2.336800000000000000e+04
8.374626000000000000e+08 2.211300000000000000e+04
9.813735280000000000e+08 2.367600000000000000e+04
1.057307576000000000e+09 2.359400000000000000e+04
1.235551688000000000e+09 2.698800000000000000e+04
1.235700312000000000e+09 1.589300000000000364e+04
1.345445352000000000e+09 2.247100000000000000e+04
1.522184856000000000e+09 2.842300000000000000e+04
1.522267800000000000e+09 1.012799999999999636e+04
1.607247192000000000e+09 2.151500000000000728e+04
1.656946200000000000e+09 1.979000000000000000e+04
1.839858888000000000e+09 2.643200000000000000e+04
2.057289736000000000e+09 3.046300000000000000e+04
2.078298904000000000e+09 2.472300000000000000e+04
2.240468984000000000e+09 2.712900000000000000e+04
2.452185784000000000e+09 3.320700000000000000e+04
2.500205224000000000e+09 2.561799999999999272e+04
2.500453512000000000e+09 1.906600000000000000e+04
2.570766152000000000e+09 2.001000000000000000e+04
2.585900424000000000e+09 1.574100000000000364e+04
2.687768232000000000e+09 1.848200000000000000e+04
3.245308776000000000e+09 4.395300000000000000e+04
3.282635752000000000e+09 3.163200000000000000e+04
3.549277928000000000e+09 3.812800000000000000e+04
3.595893976000000000e+09 3.238500000000000000e+04
3.768275880000000000e+09 3.283300000000000728e+04
3.797407000000000000e+09 2.560100000000000000e+04
3.800335640000000000e+09 1.723099999999999636e+04
3.833103688000000000e+09 1.710400000000000000e+04
3.835522440000000000e+09 1.292700000000000364e+04
3.848559208000000000e+09 1.142800000000000000e+04
3.986095464000000000e+09 1.771099999999999272e+04
4.240652408000000000e+09 2.666600000000000000e+04
4.297230920000000000e+09 2.290700000000000000e+04
4.488276216000000000e+09 2.772800000000000000e+04
4.488429064000000000e+09 1.782899999999999272e+04
4.488585656000000000e+09 1.096600000000000000e+04
4.620972024000000000e+09 2.087300000000000000e+04
4.695422696000000000e+09 2.072000000000000728e+04
5.032014152000000000e+09 3.351299999999999272e+04
5.160893576000000000e+09 3.123500000000000000e+04
5.164376328000000000e+09 2.142500000000000000e+04
5.185206888000000000e+09 1.865000000000000000e+04
5.185284216000000000e+09 2.199999999999992724e+03
5.185418248000000000e+09 5.211000000000007276e+03
5.212260824000000000e+09 1.400999999999999272e+04
5.215245240000000000e+09 1.090200000000000728e+04
5.427174088000000000e+09 2.008000000000000000e+04
5.526817688000000000e+09 2.097000000000000000e+04
5.806333224000000000e+09 3.066299999999999272e+04
5.874790168000000000e+09 2.840300000000000000e+04
5.957393656000000000e+09 2.398600000000000000e+04
6.050675880000000000e+09 2.387500000000000000e+04
6.136477512000000000e+09 2.256100000000000000e+04
6.341456696000000000e+09 2.787300000000000728e+04
6.611712456000000000e+09 3.462100000000000728e+04
6.665175192000000000e+09 2.865799999999999272e+04
6.690294072000000000e+09 2.246600000000000000e+04
6.950876056000000000e+09 3.209900000000000728e+04
7.041225352000000000e+09 2.811100000000000000e+04
7.061863896000000000e+09 2.264100000000000000e+04
7.102125832000000000e+09 1.954400000000000728e+04
7.140971384000000000e+09 1.759300000000000000e+04
7.156070552000000000e+09 1.470500000000000000e+04
7.372027800000000000e+09 2.271900000000000000e+04
7.372096328000000000e+09 5.569000000000000000e+03
7.475694696000000000e+09 2.216400000000000000e+04
7.492167192000000000e+09 1.752699999999999636e+04
7.503836872000000000e+09 1.425800000000000000e+04
7.735818840000000000e+09 2.418400000000000000e+04
7.735879192000000000e+09 3.763000000000000000e+03
7.738198760000000000e+09 1.560900000000000000e+04
7.828226104000000000e+09 1.886800000000000000e+04
7.861154520000000000e+09 1.641799999999999272e+04
7.996661544000000000e+09 2.093000000000000000e+04
8.114120680000000000e+09 2.096299999999999272e+04
8.168097304000000000e+09 1.927200000000000000e+04
8.298305368000000000e+09 2.209600000000000000e+04
8.298401272000000000e+09 9.357999999999996362e+03
8.548192728000000000e+09 2.840100000000000728e+04
8.548245880000000000e+09 1.948000000000007276e+03
8.582493784000000000e+09 2.048600000000000728e+04
8.582552440000000000e+09 2.033999999999992724e+03
8.622801624000000000e+09 1.764700000000000000e+04
8.662818936000000000e+09 1.653499999999999636e+04
8.673197160000000000e+09 1.370999999999999272e+04
8.703722344000000000e+09 1.269800000000000728e+04
8.791012920000000000e+09 1.477899999999999636e+04
8.991503496000000000e+09 2.185600000000000000e+04
9.072332056000000000e+09 2.050100000000000000e+04
9.096811048000000000e+09 1.702300000000000000e+04
9.154585912000000000e+09 1.730399999999999272e+04
9.200270360000000000e+09 1.630800000000000000e+04
9.233245144000000000e+09 1.451500000000000000e+04
9.306891640000000000e+09 1.532899999999999636e+04
9.354212952000000000e+09 1.487399999999999636e+04
9.526668248000000000e+09 2.050700000000000000e+04
9.600642408000000000e+09 1.919200000000000000e+04
9.619521864000000000e+09 1.637800000000000000e+04
9.628746696000000000e+09 1.284100000000000364e+04
9.697475240000000000e+09 1.441600000000000364e+04
9.785682056000000000e+09 1.624000000000000000e+04
9.795267768000000000e+09 1.298500000000000728e+04
9.808723816000000000e+09 1.112299999999999272e+04
1.013467024800000000e+10 2.665099999999999272e+04
1.013569844000000000e+10 1.871100000000000728e+04
1.020620248800000000e+10 1.918800000000000000e+04
1.022916349600000000e+10 1.619200000000000728e+04
1.026363039200000000e+10 1.488499999999999272e+04
1.037995996000000000e+10 1.788100000000000000e+04
1.056612053600000000e+10 2.401900000000000000e+04
1.070069728800000000e+10 2.500100000000000000e+04
1.070075866400000000e+10 4.413000000000000000e+03
1.072986784800000000e+10 1.966100000000000000e+04
1.090075573600000000e+10 2.408000000000000000e+04
1.102530800800000000e+10 2.555500000000000000e+04
1.109208618400000000e+10 2.148200000000000000e+04
1.122887396000000000e+10 2.426100000000000728e+04
1.131436418400000000e+10 2.323700000000000000e+04
1.146224898400000000e+10 2.680900000000000000e+04
1.155033693600000000e+10 2.378100000000000000e+04
1.157787314400000000e+10 1.938600000000000000e+04
1.163008047200000000e+10 1.826900000000000000e+04
1.167730512800000000e+10 1.697000000000000000e+04
1.175426426400000000e+10 1.761199999999999636e+04
1.175984661600000000e+10 1.398800000000000000e+04
1.183408320800000000e+10 1.538799999999999272e+04
1.187839304800000000e+10 1.460799999999999272e+04
1.203138381600000000e+10 1.961000000000000728e+04
1.205324362400000000e+10 1.592699999999999272e+04
1.209277711200000000e+10 1.475299999999999272e+04
1.218539661600000000e+10 1.663399999999999636e+04
1.218550684000000000e+10 8.923999999999996362e+03
1.228876160800000000e+10 1.659999999999999636e+04
1.237434535200000000e+10 1.770000000000000000e+04
1.238656092000000000e+10 1.414100000000000000e+04
1.250985098400000000e+10 1.744400000000000000e+04
1.251024437600000000e+10 1.296200000000000728e+04
1.261782421600000000e+10 1.723300000000000000e+04
1.263354818400000000e+10 1.379400000000000728e+04
1.275699340000000000e+10 1.805600000000000364e+04
1.279469775200000000e+10 1.568900000000000000e+04
1.283589308000000000e+10 1.449000000000000728e+04
1.289039015200000000e+10 1.488500000000000728e+04
1.291435847200000000e+10 1.297700000000000364e+04
1.297719709600000000e+10 1.363799999999999272e+04
1.301736074400000000e+10 1.304900000000000000e+04
1.309775125600000000e+10 1.460700000000000728e+04
1.317190228000000000e+10 1.508799999999999272e+04
1.332072068000000000e+10 1.959000000000000728e+04
1.344924148000000000e+10 2.161600000000000000e+04
1.355194306400000000e+10 2.231899999999999272e+04
1.364973101600000000e+10 2.255300000000000000e+04
1.368738460000000000e+10 2.056300000000000000e+04
1.369868240800000000e+10 1.473700000000000364e+04
1.369877455200000000e+10 5.553000000000000000e+03
1.387529538400000000e+10 2.040000000000000000e+04
1.394483319200000000e+10 1.932500000000000000e+04
1.407648906400000000e+10 2.280400000000000000e+04
1.407657898400000000e+10 9.123000000000003638e+03
1.421248632800000000e+10 2.176800000000000000e+04
1.430986127200000000e+10 2.254800000000000000e+04
1.435035968800000000e+10 1.976900000000000728e+04
1.453527365600000000e+10 2.511100000000000000e+04
1.465897308000000000e+10 2.559699999999999272e+04
1.469823312800000000e+10 2.094900000000000000e+04
1.485713200800000000e+10 2.520400000000000000e+04
1.489229687200000000e+10 2.049000000000000000e+04
1.511765912800000000e+10 2.758700000000000000e+04
1.515055180000000000e+10 2.255899999999999272e+04
1.518550464800000000e+10 1.944200000000000000e+04
1.522144248800000000e+10 1.714799999999999636e+04
1.540947600800000000e+10 2.462400000000000000e+04
1.547119765600000000e+10 2.176400000000000000e+04
1.555323224800000000e+10 2.075800000000000000e+04
1.566955098400000000e+10 2.272000000000000000e+04
1.568659012000000000e+10 1.744899999999999272e+04
1.579746581600000000e+10 2.049700000000000000e+04
1.580224784800000000e+10 1.613000000000000364e+04
1.581663048800000000e+10 1.321400000000000364e+04
1.592863765600000000e+10 1.690799999999999636e+04
1.600815852000000000e+10 1.729800000000000000e+04
1.600832930400000000e+10 1.187200000000000364e+04
1.630524532000000000e+10 2.673100000000000728e+04
1.630531412000000000e+10 7.517000000000007276e+03
1.634293164000000000e+10 2.000100000000000000e+04
1.634840852000000000e+10 1.513500000000000000e+04
1.636317285600000000e+10 1.346399999999999636e+04
1.636337525600000000e+10 1.108800000000000728e+04
1.646137826400000000e+10 1.433199999999999272e+04
1.669631069600000000e+10 2.420900000000000000e+04
1.676758021600000000e+10 2.089000000000000000e+04
1.692552666400000000e+10 2.504000000000000000e+04
1.705483786400000000e+10 2.499400000000000000e+04
1.706063084000000000e+10 1.955200000000000728e+04
1.708998799200000000e+10 1.686400000000000000e+04
1.717745821600000000e+10 1.856100000000000000e+04
1.720569964000000000e+10 1.584300000000000000e+04
1.736298967200000000e+10 2.225900000000000000e+04
1.773165541600000000e+10 3.528600000000000000e+04
1.776428460000000000e+10 2.625300000000000728e+04
1.779056519200000000e+10 2.155500000000000000e+04
1.779068048800000000e+10 1.137899999999999636e+04
1.788475474400000000e+10 2.066800000000000000e+04
1.802744650400000000e+10 2.301700000000000000e+04
1.807915104800000000e+10 2.010700000000000000e+04
1.809404618400000000e+10 1.586499999999999636e+04
1.834734780000000000e+10 2.664500000000000000e+04
1.842436250400000000e+10 2.408200000000000000e+04
1.871682223200000000e+10 3.309800000000000000e+04
1.875676559200000000e+10 2.688500000000000728e+04
1.878621533600000000e+10 2.195500000000000000e+04
1.900710415200000000e+10 3.005700000000000000e+04
1.920849381600000000e+10 3.089400000000000000e+04
1.924952084000000000e+10 2.545900000000000000e+04
1.930968047200000000e+10 2.369100000000000000e+04
1.936229484000000000e+10 2.037900000000000000e+04
1.937899295200000000e+10 1.626000000000000364e+04
1.946929639200000000e+10 1.891300000000000000e+04
1.953141296800000000e+10 1.815300000000000000e+04
1.956807071200000000e+10 1.586400000000000000e+04
1.962954416800000000e+10 1.634000000000000728e+04
2.003871330400000000e+10 3.256300000000000000e+04
2.003877543200000000e+10 7.468999999999992724e+03
2.009722663200000000e+10 2.536200000000000000e+04
2.009734018400000000e+10 1.382100000000000364e+04
2.010701255200000000e+10 1.605000000000000000e+04
2.014468768800000000e+10 1.528100000000000000e+04
2.015871919200000000e+10 1.321699999999999272e+04
2.042224359200000000e+10 2.369200000000000728e+04
2.047413559200000000e+10 2.168200000000000000e+04
2.052164589600000000e+10 1.854500000000000728e+04
2.059727776800000000e+10 1.941499999999999272e+04
2.060515520800000000e+10 1.479300000000000000e+04
2.066889517600000000e+10 1.580400000000000728e+04
2.070208170400000000e+10 1.419999999999999636e+04
2.085364952800000000e+10 1.912000000000000000e+04
2.093300293600000000e+10 1.950100000000000000e+04
2.100415568800000000e+10 1.865900000000000000e+04
2.110193216800000000e+10 1.982100000000000000e+04
2.110643608800000000e+10 1.526900000000000728e+04
2.115325344800000000e+10 1.484200000000000364e+04
2.115348604000000000e+10 1.125200000000000000e+04
2.116246423200000000e+10 9.948999999999996362e+03
2.124706781600000000e+10 1.312600000000000000e+04
2.133688735200000000e+10 1.505899999999999636e+04
2.133755629600000000e+10 1.107999999999999272e+04
2.182107272800000000e+10 3.576700000000000000e+04
2.182114400800000000e+10 9.831000000000000000e+03
2.189030916000000000e+10 2.518100000000000728e+04
2.208081693600000000e+10 3.113300000000000000e+04
2.218413674400000000e+10 2.563700000000000000e+04
2.218963402400000000e+10 1.952100000000000000e+04
2.219948560800000000e+10 1.637299999999999272e+04
2.230973007200000000e+10 1.997900000000000000e+04
2.237289096800000000e+10 1.912800000000000000e+04
2.239461004000000000e+10 1.567299999999999636e+04
2.241137656800000000e+10 1.357699999999999636e+04
2.241150583200000000e+10 7.392000000000007276e+03
2.248585210400000000e+10 1.364099999999999272e+04
2.257240672800000000e+10 1.551199999999999636e+04
2.259141237600000000e+10 1.288100000000000728e+04
2.265487901600000000e+10 1.407800000000000728e+04
2.265961141600000000e+10 1.106200000000000000e+04
2.275277544800000000e+10 1.397099999999999272e+04
2.287776060000000000e+10 1.726500000000000000e+04
2.287920087200000000e+10 1.277299999999999272e+04
2.298505516000000000e+10 1.651100000000000728e+04
2.308875604000000000e+10 1.798899999999999636e+04
2.313800677600000000e+10 1.650099999999999272e+04
2.315752210400000000e+10 1.424700000000000364e+04
2.322123724000000000e+10 1.441500000000000364e+04
2.323299130400000000e+10 1.211400000000000728e+04
2.334528773600000000e+10 1.580799999999999636e+04
2.340812896800000000e+10 1.554199999999999636e+04
2.343517076000000000e+10 1.388000000000000728e+04
2.350456631200000000e+10 1.487999999999999272e+04
2.351410255200000000e+10 1.188000000000000364e+04
2.361979890400000000e+10 1.518299999999999272e+04
2.365685876000000000e+10 1.390900000000000364e+04
2.369849250400000000e+10 1.324400000000000000e+04
2.370985927200000000e+10 1.094500000000000364e+04
2.378537151200000000e+10 1.313499999999999636e+04
2.388665024800000000e+10 1.552100000000000000e+04
2.409177692000000000e+10 2.205900000000000000e+04
2.415945613600000000e+10 1.935000000000000000e+04
2.416799485600000000e+10 1.551799999999999272e+04
2.460599295200000000e+10 3.485200000000000000e+04
2.465134960800000000e+10 2.988000000000000000e+04
2.477331570400000000e+10 2.735100000000000000e+04
2.477392108000000000e+10 1.944900000000000000e+04
2.477402639200000000e+10 1.103600000000000000e+04
2.500020639200000000e+10 2.683800000000000728e+04
2.523946375200000000e+10 3.171000000000000000e+04
2.526542034400000000e+10 2.416100000000000000e+04
2.526551533600000000e+10 1.028699999999999272e+04
2.529625095200000000e+10 1.775500000000000000e+04
2.541340496800000000e+10 2.040800000000000000e+04
2.546524565600000000e+10 1.965300000000000000e+04
2.569273234400000000e+10 2.646200000000000728e+04
2.574151548000000000e+10 2.296800000000000000e+04
2.584602149600000000e+10 2.395700000000000728e+04
2.592970271200000000e+10 2.272000000000000000e+04
2.597093607200000000e+10 1.946799999999999272e+04
2.625534759200000000e+10 3.058100000000000000e+04
2.630252426400000000e+10 2.423199999999999272e+04
2.636430842400000000e+10 2.207800000000000728e+04
2.638171901600000000e+10 1.841600000000000000e+04
2.639389676000000000e+10 1.459500000000000728e+04
2.645391716000000000e+10 1.552299999999999636e+04
2.650919871200000000e+10 1.522100000000000728e+04
2.670920818400000000e+10 2.277500000000000728e+04
2.678123722400000000e+10 2.151200000000000000e+04
2.681682055200000000e+10 1.872000000000000000e+04
2.693969824800000000e+10 2.078200000000000000e+04
2.719898405600000000e+10 3.031400000000000000e+04
2.726915703200000000e+10 2.511600000000000000e+04
2.726935376800000000e+10 1.907100000000000000e+04
2.742343087200000000e+10 2.408100000000000000e+04
2.743906167200000000e+10 1.822200000000000000e+04
2.746350226400000000e+10 1.600800000000000000e+04
2.749691893600000000e+10 1.489599999999999272e+04
2.755213738400000000e+10 1.514499999999999272e+04
2.760741117600000000e+10 1.509300000000000364e+04
2.762672789600000000e+10 1.242899999999999272e+04
2.768687812000000000e+10 1.367899999999999636e+04
2.780033360800000000e+10 1.643900000000000364e+04
2.792173279200000000e+10 1.844800000000000000e+04
2.792229613600000000e+10 1.405400000000000000e+04
2.797199104800000000e+10 1.521499999999999636e+04
2.803224079200000000e+10 1.478799999999999636e+04
2.824339543200000000e+10 2.181200000000000000e+04
2.889174117600000000e+10 4.936500000000000000e+04
2.899882580000000000e+10 3.932400000000000000e+04
2.901888498400000000e+10 2.974999999999999272e+04
2.905237384800000000e+10 2.338999999999999272e+04
2.912124970400000000e+10 2.211100000000000000e+04
2.915149407200000000e+10 1.865600000000000000e+04
2.920434464800000000e+10 1.817700000000000000e+04
2.920452740000000000e+10 1.294200000000000728e+04
2.937304877600000000e+10 2.046400000000000000e+04
2.947586144800000000e+10 2.199200000000000000e+04
2.948050599200000000e+10 1.614299999999999272e+04
2.948179810400000000e+10 1.233600000000000364e+04
2.952701527200000000e+10 1.378200000000000000e+04
2.952711320800000000e+10 5.588999999999992724e+03
2.967907818400000000e+10 1.742500000000000000e+04
2.970749684000000000e+10 1.503399999999999636e+04
2.989844506400000000e+10 2.177399999999999272e+04
3.000645197600000000e+10 2.233000000000000000e+04
3.028601085600000000e+10 3.432600000000000000e+04
3.046986133600000000e+10 3.176699999999999272e+04
3.048991332000000000e+10 2.633000000000000000e+04
3.048997919200000000e+10 5.495999999999992724e+03
3.080308154400000000e+10 3.436700000000000000e+04
3.105308685600000000e+10 3.850800000000000000e+04
3.108066138400000000e+10 2.993200000000000728e+04
3.144231039200000000e+10 4.391000000000000000e+04
3.158976316000000000e+10 3.596099999999999272e+04
3.169826448800000000e+10 3.392999999999999272e+04
3.178950002400000000e+10 2.969699999999999272e+04
3.188936002400000000e+10 2.770600000000000000e+04
3.189238546400000000e+10 1.871900000000000000e+04
3.200484583200000000e+10 2.246600000000000000e+04
3.205656064800000000e+10 2.049800000000000000e+04
3.220941258400000000e+10 2.488000000000000000e+04
3.221009039200000000e+10 1.725399999999999272e+04
3.243021381600000000e+10 2.557099999999999272e+04
3.272357604000000000e+10 3.579800000000000000e+04
3.281153668000000000e+10 3.043100000000000000e+04
3.281174101600000000e+10 2.333800000000000000e+04
3.306036517600000000e+10 3.146100000000000000e+04
3.319126624800000000e+10 3.103600000000000000e+04
3.319423032800000000e+10 2.121100000000000728e+04
3.320424434400000000e+10 1.703200000000000728e+04
3.321063309600000000e+10 1.389000000000000728e+04
3.321072368800000000e+10 5.170000000000000000e+03
3.330796442400000000e+10 1.649300000000000364e+04
3.332615308000000000e+10 1.377199999999999272e+04
3.358594524000000000e+10 2.418300000000000000e+04
3.363519399200000000e+10 2.110400000000000000e+04
3.374021586400000000e+10 2.288500000000000000e+04
3.377068900000000000e+10 1.864900000000000000e+04
3.379448898400000000e+10 1.551800000000000364e+04
3.393836023200000000e+10 1.996700000000000000e+04
3.407921930400000000e+10 2.404700000000000000e+04
3.426263482400000000e+10 2.677900000000000000e+04
3.444348791200000000e+10 2.992900000000000728e+04
3.456228476000000000e+10 2.782100000000000000e+04
3.467837120800000000e+10 2.870399999999999272e+04
3.473163668000000000e+10 2.328900000000000000e+04
3.473677461600000000e+10 1.817999999999999636e+04
3.486805346400000000e+10 2.169100000000000000e+04
3.499591519200000000e+10 2.494900000000000000e+04
3.522604917600000000e+10 3.198400000000000000e+04
3.526389044000000000e+10 2.437200000000000000e+04
3.526703152800000000e+10 1.752800000000000000e+04
3.552532951200000000e+10 2.809999999999999272e+04
3.558801852000000000e+10 2.606500000000000000e+04
3.575357144800000000e+10 2.936300000000000000e+04
3.575364072800000000e+10 7.145000000000007276e+03
3.598386213600000000e+10 3.134000000000000728e+04
3.598394688800000000e+10 1.171400000000000728e+04
3.601083661600000000e+10 2.060600000000000000e+04
3.601089426400000000e+10 2.515000000000000000e+03
3.616909746400000000e+10 2.463200000000000000e+04
3.616915295200000000e+10 1.789000000000007276e+03
3.620870244000000000e+10 1.992900000000000000e+04
3.624470757600000000e+10 1.737599999999999636e+04
3.628940386400000000e+10 1.612399999999999272e+04
3.637042365600000000e+10 1.715200000000000000e+04
3.637852592800000000e+10 1.365399999999999272e+04
3.654455797600000000e+10 1.996200000000000000e+04
3.658456024800000000e+10 1.680900000000000000e+04
3.672061642400000000e+10 2.026500000000000000e+04
3.672071372000000000e+10 8.559000000000007276e+03
3.691857298400000000e+10 2.439799999999999272e+04
3.692487084000000000e+10 1.809600000000000728e+04
3.695816722400000000e+10 1.591199999999999636e+04
3.713563735200000000e+10 2.271100000000000000e+04
3.727726823200000000e+10 2.376100000000000000e+04
3.728527640800000000e+10 1.802899999999999272e+04
3.728540850400000000e+10 1.053499999999999636e+04
3.730290023200000000e+10 1.283099999999999272e+04
3.730700908000000000e+10 1.030399999999999272e+04
3.733859557600000000e+10 1.093600000000000364e+04
3.737436074400000000e+10 1.087900000000000728e+04
3.744004186400000000e+10 1.208000000000000364e+04
3.744313914400000000e+10 9.368999999999996362e+03
3.749319552800000000e+10 1.057600000000000000e+04
3.749330796000000000e+10 4.591000000000003638e+03
3.751241716000000000e+10 8.360000000000000000e+03
3.762884754400000000e+10 1.259100000000000000e+04
3.774950279200000000e+10 1.595899999999999272e+04
3.776600173600000000e+10 1.283400000000000000e+04
3.783406421600000000e+10 1.440300000000000728e+04
3.795571720800000000e+10 1.728000000000000000e+04
3.795579152800000000e+10 4.165000000000007276e+03
3.810525514400000000e+10 1.930000000000000000e+04
3.817900170400000000e+10 1.948400000000000000e+04
3.817906584800000000e+10 3.421999999999992724e+03
3.819953282400000000e+10 1.512300000000000000e+04
3.867516725600000000e+10 3.570200000000000000e+04
3.867529376800000000e+10 1.872799999999999272e+04
3.867539197600000000e+10 8.795000000000007276e+03
3.899067648800000000e+10 3.589500000000000000e+04
3.907019338400000000e+10 3.019000000000000000e+04
3.947742284000000000e+10 4.711900000000000000e+04
3.953836319200000000e+10 3.224000000000000728e+04
3.958946861600000000e+10 2.664700000000000000e+04
3.959169010400000000e+10 1.914900000000000000e+04
3.961151575200000000e+10 1.652799999999999272e+04
3.980080247200000000e+10 2.453900000000000000e+04
3.990115781600000000e+10 2.377800000000000000e+04
3.997045940000000000e+10 2.165000000000000000e+04
4.005564487200000000e+10 2.115900000000000000e+04
4.017776744800000000e+10 2.291000000000000000e+04
4.017853287200000000e+10 1.722700000000000364e+04
4.017861172000000000e+10 5.507999999999992724e+03
4.036797895200000000e+10 2.406300000000000000e+04
4.036811944800000000e+10 1.329600000000000000e+04
4.044457876000000000e+10 1.909800000000000000e+04
4.062790975200000000e+10 2.494799999999999272e+04
4.074905124000000000e+10 2.463400000000000728e+04
4.074912869600000000e+10 8.776000000000003638e+03
4.089194407200000000e+10 2.513100000000000000e+04
4.091201980000000000e+10 1.869800000000000000e+04
4.097896760800000000e+10 1.901500000000000000e+04
4.104848696800000000e+10 1.937200000000000728e+04
4.112322772000000000e+10 1.818500000000000000e+04
4.116201333600000000e+10 1.690700000000000000e+04
4.119353757600000000e+10 1.449699999999999636e+04
4.134293408800000000e+10 1.934300000000000000e+04
4.153663498400000000e+10 2.471899999999999272e+04
4.160360130400000000e+10 2.298400000000000000e+04
4.165703352800000000e+10 1.990900000000000000e+04
4.171591527200000000e+10 1.920400000000000000e+04
4.173100005600000000e+10 1.551799999999999636e+04
4.173156808800000000e+10 1.086899999999999636e+04
4.179018271200000000e+10 1.331599999999999272e+04
4.196243104800000000e+10 1.953200000000000728e+04
4.200083512800000000e+10 1.677200000000000728e+04
4.211555356000000000e+10 1.960300000000000000e+04
4.234914829600000000e+10 2.733200000000000728e+04
4.234921247200000000e+10 5.949999999999996362e+03
4.236563503200000000e+10 1.921900000000000000e+04
4.251099810400000000e+10 2.242800000000000728e+04
4.253436052000000000e+10 1.860200000000000000e+04
4.253447989600000000e+10 1.084499999999999636e+04
4.275699196000000000e+10 2.388200000000000000e+04
4.315978586400000000e+10 4.143900000000000000e+04
4.317644704800000000e+10 2.795399999999999272e+04
4.317657855200000000e+10 1.614999999999999636e+04
4.319533444000000000e+10 1.826300000000000000e+04
4.351409839200000000e+10 3.378100000000000000e+04
4.352784738400000000e+10 2.303900000000000728e+04
4.356494189600000000e+10 2.025500000000000000e+04
4.372865066400000000e+10 2.464799999999999272e+04
4.379723464800000000e+10 2.429600000000000000e+04
4.382932196000000000e+10 1.968100000000000000e+04
4.388623442400000000e+10 1.862000000000000000e+04
4.394854301600000000e+10 1.824000000000000000e+04
4.394871160800000000e+10 1.219500000000000728e+04
4.395513810400000000e+10 1.111500000000000364e+04
4.399872407200000000e+10 1.219899999999999636e+04
4.423723026400000000e+10 2.184000000000000000e+04
4.437281415200000000e+10 2.371900000000000000e+04
4.440532512800000000e+10 1.936000000000000000e+04
4.440664597600000000e+10 1.433700000000000364e+04
4.450912208800000000e+10 1.827700000000000000e+04
4.461250776800000000e+10 1.943200000000000000e+04
4.484038901600000000e+10 2.818500000000000000e+04
4.487242436000000000e+10 2.292900000000000000e+04
4.501876424800000000e+10 2.488300000000000000e+04
4.507167354400000000e+10 2.320100000000000000e+04
4.511155013600000000e+10 1.863800000000000000e+04
4.526272874400000000e+10 2.346000000000000000e+04
4.540183599200000000e+10 2.569299999999999272e+04
4.576727693600000000e+10 3.660100000000000000e+04
4.598104101600000000e+10 3.785500000000000000e+04
4.602163104800000000e+10 2.906600000000000000e+04
4.611649170400000000e+10 2.818500000000000000e+04
4.613306546400000000e+10 2.097400000000000000e+04
4.631650199200000000e+10 2.988100000000000000e+04
4.632939236000000000e+10 2.088200000000000000e+04
4.640555287200000000e+10 2.034700000000000000e+04
4.640563989600000000e+10 7.723000000000000000e+03
4.647515018400000000e+10 1.780000000000000000e+04
4.664445285600000000e+10 2.218700000000000000e+04
4.680337605600000000e+10 2.687700000000000000e+04
4.680497317600000000e+10 1.796000000000000000e+04
4.681206407200000000e+10 1.429200000000000728e+04
4.686911559200000000e+10 1.609100000000000000e+04
4.689348335200000000e+10 1.392900000000000000e+04
4.711011295200000000e+10 2.293900000000000000e+04
4.711026653600000000e+10 1.348099999999999272e+04
4.715363976800000000e+10 1.645600000000000000e+04
4.715378728800000000e+10 1.115200000000000728e+04
4.720439026400000000e+10 1.383199999999999636e+04
4.753594751200000000e+10 2.874700000000000728e+04
4.760680412000000000e+10 2.509000000000000000e+04
4.773031821600000000e+10 2.679200000000000000e+04
4.774331892000000000e+10 1.998400000000000000e+04
4.774340660000000000e+10 8.275000000000000000e+03
4.776363528800000000e+10 1.431499999999999272e+04
4.779903264800000000e+10 1.386699999999999272e+04
4.798002247200000000e+10 2.027400000000000000e+04
4.798009127200000000e+10 4.611999999999996362e+03
4.807895655200000000e+10 1.977800000000000000e+04
4.818363904800000000e+10 2.044500000000000000e+04
4.825600263200000000e+10 1.999000000000000000e+04
4.850844208800000000e+10 2.796700000000000000e+04
4.853230679200000000e+10 2.281100000000000000e+04
4.869074199200000000e+10 2.728800000000000000e+04
4.869086194400000000e+10 6.930999999999996362e+03
4.881378725600000000e+10 2.397800000000000000e+04
4.881397530400000000e+10 1.577900000000000728e+04
4.886587900000000000e+10 1.748000000000000728e+04
4.888311495200000000e+10 1.471899999999999636e+04
4.898483477600000000e+10 1.751600000000000000e+04
4.902402159200000000e+10 1.538400000000000364e+04
4.908557712800000000e+10 1.588200000000000728e+04
4.917324016800000000e+10 1.760999999999999636e+04
4.918849426400000000e+10 1.406500000000000000e+04
4.937518882400000000e+10 2.164000000000000000e+04
4.959355362400000000e+10 2.663899999999999272e+04
4.961760034400000000e+10 2.156500000000000000e+04
4.964816983200000000e+10 1.853400000000000000e+04
4.984360810400000000e+10 2.476400000000000000e+04
5.001029996000000000e+10 2.918400000000000000e+04
5.005936591200000000e+10 2.500900000000000000e+04
5.007591036000000000e+10 1.820900000000000000e+04
5.019500092000000000e+10 2.149800000000000000e+04
5.028487072800000000e+10 2.127500000000000000e+04
5.040347890400000000e+10 2.284500000000000000e+04
5.062702266400000000e+10 2.943599999999999272e+04
5.068021978400000000e+10 2.472900000000000000e+04
5.068028149600000000e+10 4.481000000000007276e+03
5.075924236000000000e+10 2.179600000000000000e+04
5.086354927200000000e+10 2.247400000000000000e+04
5.088686207200000000e+10 1.766500000000000000e+04
5.120307557600000000e+10 3.185400000000000000e+04
5.122231021600000000e+10 2.405500000000000000e+04
5.138284181600000000e+10 2.752900000000000000e+04
5.142432916000000000e+10 2.153200000000000000e+04
5.153825394400000000e+10 2.325600000000000000e+04
5.171577527200000000e+10 2.883400000000000728e+04
5.175295954400000000e+10 2.233900000000000000e+04
5.182688346400000000e+10 2.146000000000000000e+04
5.196067420000000000e+10 2.426600000000000000e+04
5.204163429600000000e+10 2.325700000000000000e+04
5.210271031200000000e+10 2.095600000000000000e+04
5.219855932000000000e+10 2.115500000000000000e+04
5.219873570400000000e+10 1.478900000000000000e+04
5.225010604000000000e+10 1.600799999999999272e+04
5.228417306400000000e+10 1.505700000000000364e+04
5.232531408800000000e+10 1.424600000000000728e+04
5.242821671200000000e+10 1.698499999999999272e+04
5.247651637600000000e+10 1.563900000000000000e+04
5.247680983200000000e+10 1.144500000000000364e+04
5.261647130400000000e+10 1.736999999999999636e+04
5.272832552800000000e+10 1.921700000000000000e+04
5.277048058400000000e+10 1.689800000000000000e+04
5.286972556000000000e+10 1.873200000000000000e+04
5.297287866400000000e+10 2.076800000000000000e+04
5.300384029600000000e+10 1.745100000000000000e+04
5.301169565600000000e+10 1.340500000000000000e+04
5.327733938400000000e+10 2.520400000000000000e+04
5.362778346400000000e+10 3.832300000000000000e+04
5.374310205600000000e+10 3.473299999999999272e+04
5.379963346400000000e+10 2.727800000000000000e+04
5.381408399200000000e+10 1.961000000000000000e+04
5.393703581600000000e+10 2.392100000000000000e+04
5.397474381600000000e+10 1.856700000000000000e+04
5.404582538400000000e+10 1.852200000000000000e+04
5.406883749600000000e+10 1.592000000000000000e+04
5.417069476000000000e+10 1.807200000000000000e+04
5.424832919200000000e+10 1.833900000000000000e+04
5.424848708000000000e+10 1.166500000000000364e+04
5.454713914400000000e+10 2.787100000000000000e+04
5.464636572000000000e+10 2.588200000000000000e+04
5.470741615200000000e+10 2.232100000000000000e+04
5.480630437600000000e+10 2.344500000000000000e+04
5.492379877600000000e+10 2.409200000000000000e+04
5.492388932000000000e+10 9.460999999999992724e+03
5.493544087200000000e+10 1.612300000000000364e+04
5.503442308000000000e+10 1.912800000000000000e+04
5.568551135200000000e+10 4.567300000000000000e+04
5.574366988000000000e+10 3.510799999999999272e+04
5.574372991200000000e+10 7.239999999999992724e+03
5.578553333600000000e+10 2.630099999999999272e+04
5.605254514400000000e+10 3.596600000000000000e+04
5.611381002400000000e+10 2.870500000000000000e+04
5.619544309600000000e+10 2.505000000000000000e+04
5.621355284000000000e+10 2.055200000000000000e+04
5.624170504800000000e+10 1.592600000000000000e+04
5.625811799200000000e+10 1.371199999999999272e+04
5.629875676000000000e+10 1.341700000000000000e+04
5.640611981600000000e+10 1.635099999999999636e+04
5.641352223200000000e+10 1.303600000000000000e+04
5.650518426400000000e+10 1.551200000000000728e+04
5.667311416800000000e+10 2.132300000000000000e+04
5.670430976800000000e+10 1.736200000000000728e+04
5.674604928800000000e+10 1.629399999999999272e+04
5.678021351200000000e+10 1.422000000000000000e+04
5.682558151200000000e+10 1.403799999999999272e+04
5.695526957600000000e+10 1.770400000000000000e+04
5.697535052000000000e+10 1.484400000000000000e+04
5.699807048800000000e+10 1.306600000000000000e+04
5.702167069600000000e+10 1.190000000000000000e+04
5.704541852000000000e+10 1.091200000000000000e+04
5.740710776800000000e+10 2.617499999999999272e+04
5.747640004000000000e+10 2.317700000000000000e+04
5.747645916000000000e+10 3.934000000000003638e+03
5.748241647200000000e+10 1.608899999999999636e+04
5.748260173600000000e+10 1.205500000000000000e+04
5.754921981600000000e+10 1.520800000000000728e+04
5.773329428000000000e+10 2.120100000000000000e+04
5.773773493600000000e+10 1.643199999999999636e+04
5.775040424800000000e+10 1.400400000000000364e+04
5.778057669600000000e+10 1.301100000000000364e+04
5.786782663200000000e+10 1.531900000000000000e+04
5.823170164000000000e+10 3.034600000000000728e+04
5.825627002400000000e+10 2.443500000000000000e+04
5.828808621600000000e+10 1.971100000000000000e+04
5.829747133600000000e+10 1.592799999999999272e+04
5.832323338400000000e+10 1.460000000000000364e+04
5.833602469600000000e+10 1.220099999999999636e+04
5.850509341600000000e+10 1.865100000000000000e+04
5.850527010400000000e+10 1.513199999999999272e+04
5.856572423200000000e+10 1.501600000000000728e+04
5.860131834400000000e+10 1.427800000000000364e+04
5.862220141600000000e+10 1.221500000000000000e+04
5.869328773600000000e+10 1.367000000000000000e+04
5.894265911200000000e+10 2.230700000000000000e+04
5.898209104800000000e+10 1.946500000000000000e+04
5.910547922400000000e+10 2.244500000000000000e+04
5.917703903200000000e+10 2.112700000000000000e+04
5.936516980000000000e+10 2.665000000000000000e+04
5.940016901600000000e+10 2.121800000000000000e+04
5.940027941600000000e+10 1.134800000000000364e+04
5.961667690400000000e+10 2.596100000000000000e+04
5.972358152800000000e+10 2.417700000000000000e+04
5.978622032800000000e+10 2.238800000000000000e+04
5.988581584800000000e+10 2.292200000000000000e+04
5.991217434400000000e+10 1.887600000000000000e+04
6.001694413600000000e+10 2.035500000000000000e+04
6.028074916000000000e+10 2.929300000000000000e+04
6.043350020000000000e+10 3.182200000000000000e+04
6.064649245600000000e+10 3.480499999999999272e+04
6.064655517600000000e+10 7.754999999999996362e+03
6.065731375200000000e+10 2.114500000000000000e+04
6.065751924000000000e+10 1.615499999999999272e+04
6.066637087200000000e+10 1.365199999999999636e+04
6.076504832800000000e+10 1.740299999999999636e+04
6.078638156000000000e+10 1.494900000000000364e+04
6.087202866400000000e+10 1.655300000000000728e+04
6.095178600800000000e+10 1.733800000000000000e+04
6.103932114400000000e+10 1.822600000000000000e+04
6.159700572000000000e+10 4.507300000000000000e+04
6.172117226400000000e+10 3.731100000000000000e+04
6.173658399200000000e+10 2.559899999999999272e+04
6.193712994400000000e+10 3.314399999999999272e+04
6.193719525600000000e+10 7.525000000000000000e+03
6.208182247200000000e+10 2.905600000000000728e+04
6.208862733600000000e+10 2.112000000000000000e+04
6.221467135200000000e+10 2.481300000000000728e+04
6.228051381600000000e+10 2.216300000000000000e+04
6.239449970400000000e+10 2.237100000000000000e+04
6.240577429600000000e+10 1.815100000000000364e+04
6.241521741600000000e+10 1.429599999999999272e+04
6.249941776800000000e+10 1.654799999999999272e+04
6.266027392800000000e+10 2.120200000000000000e+04
6.268899152800000000e+10 1.853299999999999272e+04
6.268907874400000000e+10 6.496999999999996362e+03
6.294288279200000000e+10 2.620900000000000728e+04
6.295075826400000000e+10 1.886500000000000000e+04
6.308923154400000000e+10 2.282500000000000000e+04
6.346809692000000000e+10 3.629100000000000000e+04
6.354516144800000000e+10 3.138800000000000000e+04
6.380059912800000000e+10 3.894300000000000000e+04
6.380070210400000000e+10 1.821500000000000000e+04
6.393484676000000000e+10 3.178300000000000000e+04
6.396550351200000000e+10 2.374499999999999272e+04
6.402649156000000000e+10 2.127400000000000000e+04
6.425712968800000000e+10 2.795900000000000000e+04
6.428073311200000000e+10 2.298100000000000000e+04
6.434949148000000000e+10 2.207300000000000000e+04
6.442332818400000000e+10 2.080000000000000000e+04
6.446033335200000000e+10 1.830700000000000000e+04
6.462755463200000000e+10 2.376000000000000000e+04
6.475822903200000000e+10 2.445800000000000000e+04
6.486237173600000000e+10 2.447500000000000000e+04
6.486248487200000000e+10 1.208099999999999636e+04
6.486405669600000000e+10 1.385399999999999636e+04
6.503206325600000000e+10 2.126100000000000728e+04
6.503909031200000000e+10 1.676000000000000364e+04
6.523458208800000000e+10 2.328100000000000728e+04
6.525454660000000000e+10 1.880800000000000000e+04
6.530223234400000000e+10 1.756799999999999636e+04
6.530240720800000000e+10 1.255700000000000728e+04
6.545974095200000000e+10 2.012000000000000000e+04
6.550345988000000000e+10 1.778900000000000000e+04
6.550859829600000000e+10 1.368500000000000728e+04
6.557287676000000000e+10 1.498200000000000364e+04
6.558543557600000000e+10 1.224700000000000000e+04
6.561696644000000000e+10 1.183499999999999272e+04
6.582709634400000000e+10 1.936100000000000000e+04
6.585975935200000000e+10 1.697600000000000000e+04
6.586516559200000000e+10 1.311100000000000364e+04
6.596983893600000000e+10 1.641800000000000000e+04
6.612592066400000000e+10 2.094100000000000000e+04
6.616804794400000000e+10 1.909600000000000000e+04
6.630411375200000000e+10 2.209500000000000000e+04
6.647471730400000000e+10 2.499400000000000000e+04
6.656365244000000000e+10 2.496400000000000000e+04
6.659776242400000000e+10 2.039600000000000000e+04
6.663281295200000000e+10 1.804799999999999272e+04
6.668717047200000000e+10 1.710600000000000000e+04
6.673473877600000000e+10 1.635500000000000728e+04
6.673926847200000000e+10 1.247299999999999636e+04
6.680390738400000000e+10 1.406599999999999272e+04
6.685076920800000000e+10 1.371799999999999272e+04
6.685535751200000000e+10 1.064800000000000728e+04
6.699202023200000000e+10 1.604000000000000000e+04
6.725722940000000000e+10 2.561200000000000000e+04
6.734197615200000000e+10 2.480400000000000000e+04
6.741002536800000000e+10 2.217000000000000000e+04
6.744100098400000000e+10 1.820300000000000000e+04
6.762826776800000000e+10 2.472100000000000000e+04
6.764590477600000000e+10 1.952000000000000000e+04
6.774428970400000000e+10 2.080000000000000000e+04
6.782121872800000000e+10 2.025000000000000000e+04
6.796603876000000000e+10 2.361800000000000000e+04
6.804729890400000000e+10 2.336300000000000000e+04
6.845229442400000000e+10 3.746100000000000000e+04
6.848684223200000000e+10 2.892199999999999272e+04
6.852613800800000000e+10 2.451800000000000000e+04
6.855786768800000000e+10 1.984300000000000000e+04
6.876491536800000000e+10 2.813700000000000000e+04
6.890576885600000000e+10 2.782700000000000000e+04
6.910729304800000000e+10 3.411300000000000000e+04
6.949906450400000000e+10 4.569600000000000000e+04
6.949917405600000000e+10 2.183700000000000000e+04
6.981740226400000000e+10 4.236100000000000000e+04
7.006266567200000000e+10 4.056800000000000000e+04
7.025228861600000000e+10 4.103900000000000000e+04
7.032562199200000000e+10 3.292700000000000728e+04
7.032569850400000000e+10 1.049499999999999636e+04
7.033357831200000000e+10 1.967100000000000000e+04
7.049326874400000000e+10 2.465500000000000728e+04
7.049333837600000000e+10 6.850999999999996362e+03
7.065022216800000000e+10 2.816000000000000000e+04
7.073241869600000000e+10 2.484400000000000000e+04
7.075630469600000000e+10 1.949800000000000000e+04
7.079739527200000000e+10 1.765600000000000000e+04
7.087533128800000000e+10 1.824400000000000000e+04
7.102411295200000000e+10 2.288100000000000000e+04
7.102417908000000000e+10 4.839999999999996362e+03
7.105205204000000000e+10 1.696400000000000000e+04
7.159108338400000000e+10 4.391800000000000000e+04
7.165167892000000000e+10 3.080900000000000728e+04
7.169589562400000000e+10 2.600000000000000000e+04
7.174388559200000000e+10 2.304300000000000000e+04
7.177718282400000000e+10 1.867500000000000000e+04
7.180041114400000000e+10 1.632000000000000000e+04
7.194930877600000000e+10 2.192200000000000000e+04
7.195723724000000000e+10 1.617100000000000000e+04
7.201935258400000000e+10 1.661499999999999636e+04
7.203133450400000000e+10 1.377900000000000364e+04
7.231503096800000000e+10 2.753600000000000000e+04
7.272259808800000000e+10 4.135800000000000000e+04
7.282598045600000000e+10 3.739900000000000000e+04
7.321493164000000000e+10 4.496800000000000000e+04
7.337476847200000000e+10 3.966500000000000000e+04
7.380808509600000000e+10 5.349000000000000000e+04
7.385314912800000000e+10 3.509499999999999272e+04
7.385324744800000000e+10 1.584800000000000728e+04
7.391399247200000000e+10 2.557800000000000000e+04
7.395882386400000000e+10 2.320400000000000000e+04
7.397991887200000000e+10 1.852800000000000000e+04
7.405907016800000000e+10 1.913700000000000000e+04
7.422906522400000000e+10 2.479400000000000000e+04
7.423372482400000000e+10 1.738700000000000364e+04
7.432892740000000000e+10 2.022500000000000000e+04
7.440632188000000000e+10 1.887400000000000000e+04
7.458597612000000000e+10 2.464700000000000000e+04
7.458616781600000000e+10 1.633799999999999272e+04
7.459374834400000000e+10 1.452099999999999272e+04
7.463097951200000000e+10 1.431900000000000364e+04
7.481447591200000000e+10 2.113600000000000000e+04
7.539415280800000000e+10 4.645100000000000000e+04
7.539963122400000000e+10 3.125500000000000000e+04
7.558405879200000000e+10 3.361500000000000000e+04
7.558411005600000000e+10 3.267000000000003638e+03
7.560663884000000000e+10 2.370700000000000000e+04
7.563347045600000000e+10 1.984000000000000000e+04
7.564020050400000000e+10 1.600799999999999636e+04
7.577130972000000000e+10 2.119800000000000000e+04
7.586405474400000000e+10 2.120400000000000000e+04
7.602154674400000000e+10 2.528000000000000000e+04
7.605440898400000000e+10 1.929000000000000000e+04
7.606007072800000000e+10 1.510600000000000000e+04
7.608995276000000000e+10 1.432800000000000000e+04
7.617732834400000000e+10 1.632900000000000000e+04
7.617739274400000000e+10 2.588000000000007276e+03
7.618070116000000000e+10 1.150300000000000000e+04
7.621530092000000000e+10 1.189000000000000364e+04
7.645615626400000000e+10 2.125700000000000000e+04
7.652046285600000000e+10 1.950400000000000000e+04
7.652053309600000000e+10 4.682000000000000000e+03
7.676360592800000000e+10 2.844000000000000000e+04
7.676369544800000000e+10 1.025500000000000364e+04
7.678799149600000000e+10 1.834899999999999272e+04
7.696501423200000000e+10 2.467100000000000000e+04
7.696507028000000000e+10 1.923000000000007276e+03
7.698404288800000000e+10 1.876600000000000000e+04
7.698754000800000000e+10 1.354299999999999272e+04
7.711520093600000000e+10 1.776600000000000000e+04
7.717148908000000000e+10 1.722400000000000000e+04
7.719073208800000000e+10 1.414100000000000000e+04
7.721625069600000000e+10 1.280499999999999272e+04
7.754307143200000000e+10 2.609000000000000000e+04
7.756659680800000000e+10 2.175200000000000000e+04
7.791111672800000000e+10 3.417599999999999272e+04
7.791116748000000000e+10 2.967999999999996362e+03
7.847870364000000000e+10 4.999300000000000000e+04
7.852835000800000000e+10 3.855800000000000000e+04
7.856309250400000000e+10 2.847200000000000000e+04
7.864761546400000000e+10 2.632000000000000000e+04
7.864767556000000000e+10 4.524000000000007276e+03
7.866153852000000000e+10 1.838700000000000000e+04
7.867982376800000000e+10 1.588099999999999272e+04
7.880441583200000000e+10 1.963200000000000000e+04
7.909394629600000000e+10 3.137400000000000728e+04
7.914305584800000000e+10 2.482400000000000000e+04
7.916887064800000000e+10 2.177400000000000000e+04
7.933330264800000000e+10 2.447300000000000000e+04
7.934266920800000000e+10 1.870000000000000000e+04
7.940720132000000000e+10 1.957700000000000000e+04
7.949505632800000000e+10 1.937400000000000000e+04
7.957290496800000000e+10 1.944800000000000000e+04
7.963783090400000000e+10 1.853900000000000000e+04
7.963796725600000000e+10 1.086699999999999636e+04
7.969759746400000000e+10 1.578700000000000728e+04
7.984691914400000000e+10 2.065000000000000000e+04
7.985799765600000000e+10 1.504000000000000364e+04
8.002932437600000000e+10 2.233200000000000000e+04
8.006071060000000000e+10 1.814400000000000728e+04
8.030753581600000000e+10 2.716000000000000728e+04
8.030759677600000000e+10 4.932000000000003638e+03
8.042872800800000000e+10 2.497599999999999272e+04
8.050897560800000000e+10 2.337399999999999272e+04
8.050918175200000000e+10 2.270200000000000728e+04
8.052077122400000000e+10 1.374200000000000000e+04
8.057163343200000000e+10 1.484999999999999636e+04
8.087087788000000000e+10 2.778500000000000000e+04
8.087119700000000000e+10 2.056200000000000000e+04
8.113154618400000000e+10 2.973500000000000000e+04
8.113159752800000000e+10 2.119000000000007276e+03
8.125689890400000000e+10 2.808699999999999272e+04
8.136943426400000000e+10 2.780300000000000000e+04
8.152519765600000000e+10 2.968200000000000000e+04
8.177753850400000000e+10 3.649400000000000000e+04
8.182583896800000000e+10 2.791799999999999272e+04
8.210623264800000000e+10 3.949000000000000000e+04
8.237737802400000000e+10 4.171900000000000000e+04
8.244442335200000000e+10 3.096799999999999272e+04
8.250320095200000000e+10 2.659700000000000000e+04
8.262514346400000000e+10 2.587799999999999272e+04
8.287506298400000000e+10 3.767000000000000000e+04
8.295043901600000000e+10 2.900300000000000000e+04
8.305205640800000000e+10 2.736400000000000000e+04
8.315123527200000000e+10 2.578400000000000000e+04
8.326199778400000000e+10 2.494000000000000000e+04
8.330021664800000000e+10 2.151900000000000000e+04
8.336589156000000000e+10 2.080500000000000728e+04
8.337222508000000000e+10 1.528999999999999636e+04
8.354624400800000000e+10 2.304800000000000000e+04
8.364550412000000000e+10 2.184600000000000000e+04
8.365337336800000000e+10 1.698899999999999636e+04
8.366729554400000000e+10 1.390599999999999636e+04
8.371403853600000000e+10 1.477699999999999272e+04
8.374551031200000000e+10 1.351899999999999636e+04
8.379821048800000000e+10 1.357500000000000728e+04
8.386947850400000000e+10 1.461500000000000728e+04
8.387284652000000000e+10 1.124499999999999636e+04
8.394758965600000000e+10 1.363200000000000000e+04
8.424042570400000000e+10 2.455900000000000000e+04
8.424048573600000000e+10 4.075000000000007276e+03
8.446862194400000000e+10 2.867500000000000000e+04
8.464414333600000000e+10 3.064599999999999272e+04
8.479213412000000000e+10 3.141799999999999272e+04
8.511414394400000000e+10 4.116200000000000000e+04
8.519583460000000000e+10 3.279200000000000000e+04
8.521201090400000000e+10 2.561000000000000000e+04
8.548380504800000000e+10 3.387300000000000728e+04
8.561071405600000000e+10 3.406300000000000000e+04
8.563595620000000000e+10 2.381600000000000000e+04
8.564004816800000000e+10 1.834000000000000000e+04
8.564107420000000000e+10 1.359300000000000000e+04
8.567957215200000000e+10 1.440000000000000364e+04
8.573535514400000000e+10 1.532200000000000000e+04
8.578846351200000000e+10 1.525800000000000364e+04
8.586991429600000000e+10 1.620299999999999272e+04
8.618563701600000000e+10 2.823700000000000728e+04
8.659506375200000000e+10 4.376200000000000000e+04
8.661346263200000000e+10 3.136800000000000000e+04
8.664601194400000000e+10 2.393400000000000000e+04
8.667096999200000000e+10 2.024300000000000000e+04
8.682179290400000000e+10 2.376300000000000728e+04
8.686902199200000000e+10 2.093900000000000000e+04
8.689141709600000000e+10 1.800800000000000364e+04
8.691576882400000000e+10 1.506499999999999272e+04
8.701422223200000000e+10 1.791200000000000000e+04
8.701516088800000000e+10 1.310700000000000000e+04
8.703486445600000000e+10 1.220099999999999636e+04
8.729850565600000000e+10 2.308200000000000728e+04
8.737714357600000000e+10 2.180900000000000000e+04
8.741743527200000000e+10 1.863500000000000000e+04
8.752623664800000000e+10 2.117000000000000000e+04
8.759821900000000000e+10 1.969100000000000000e+04
8.771953749600000000e+10 2.188000000000000000e+04
8.775388748000000000e+10 1.827500000000000000e+04
8.782711549600000000e+10 1.841000000000000000e+04
8.793888424800000000e+10 2.024700000000000000e+04
8.809513773600000000e+10 2.411900000000000000e+04
8.817800204000000000e+10 2.340900000000000000e+04
8.825622952800000000e+10 2.119700000000000000e+04
8.832703098400000000e+10 2.096400000000000000e+04
8.845640287200000000e+10 2.229100000000000000e+04
8.865750837600000000e+10 3.041099999999999272e+04
8.871264263200000000e+10 2.383300000000000000e+04
8.902054672800000000e+10 3.404800000000000728e+04
8.902066063200000000e+10 1.851200000000000728e+04
8.921037386400000000e+10 3.151399999999999272e+04
8.930088540000000000e+10 2.719900000000000000e+04
8.933751831200000000e+10 2.253199999999999272e+04
8.935619861600000000e+10 1.848000000000000000e+04
8.966712688800000000e+10 3.313900000000000000e+04
8.966888202400000000e+10 2.184600000000000000e+04
8.985441898400000000e+10 2.881300000000000000e+04
8.985731312800000000e+10 2.079800000000000000e+04
8.993552482400000000e+10 2.152100000000000000e+04
8.995589500000000000e+10 1.683900000000000728e+04
