# Timestamps in ns,Energies
8.177630320000000000e+08 9.741300000000000000e+04
8.177696080000000000e+08 4.711999999999992724e+03
8.178137840000000000e+08 1.178899999999999636e+04
1.882018072000000000e+09 9.224600000000000000e+04
2.455100280000000000e+09 8.038499999999998545e+04
2.634650200000000000e+09 5.064900000000000000e+04
4.543313096000000000e+09 9.878900000000000000e+04
4.799808264000000000e+09 6.830500000000000000e+04
4.828010904000000000e+09 3.732400000000000000e+04
4.865437912000000000e+09 3.310100000000000000e+04
5.964075128000000000e+09 8.585900000000001455e+04
6.385143880000000000e+09 7.020500000000000000e+04
6.653976008000000000e+09 5.488400000000000000e+04
6.727280616000000000e+09 3.896600000000000000e+04
7.066290264000000000e+09 4.606800000000000000e+04
7.234803480000000000e+09 4.045300000000000000e+04
9.142408088000000000e+09 1.008850000000000000e+05
1.008775026400000000e+10 8.321000000000000000e+04
1.008790128800000000e+10 3.471799999999999272e+04
1.012114719200000000e+10 3.699100000000000000e+04
1.012778168800000000e+10 2.805200000000000000e+04
1.046291276000000000e+10 4.032100000000000000e+04
1.083273772000000000e+10 5.065800000000000000e+04
1.087096490400000000e+10 3.580300000000000000e+04
1.116496572000000000e+10 4.023900000000000000e+04
1.116510040800000000e+10 2.334800000000000000e+04
1.352079216800000000e+10 9.725600000000000000e+04
1.352085858400000000e+10 1.235299999999999636e+04
1.352091781600000000e+10 4.896000000000007276e+03
1.352092452000000000e+10 2.682999999999992724e+03
1.575289789600000000e+10 9.874800000000000000e+04
1.591262207200000000e+10 7.221600000000000000e+04
1.619031368800000000e+10 5.589700000000000000e+04
1.649966735200000000e+10 5.450900000000000000e+04
1.649973733600000000e+10 1.410700000000000364e+04
1.653536416800000000e+10 2.927399999999999272e+04
1.663652228000000000e+10 2.870400000000000000e+04
1.700098120800000000e+10 4.385100000000000000e+04
1.799819426400000000e+10 7.991300000000000000e+04
1.799824119200000000e+10 5.842999999999992724e+03
1.897388245600000000e+10 9.207600000000000000e+04
1.897392621600000000e+10 2.259000000000000000e+03
1.930580157600000000e+10 6.287400000000000000e+04
1.930585884000000000e+10 1.187100000000000364e+04
2.045530178400000000e+10 8.120000000000000000e+04
2.108896463200000000e+10 7.642800000000000000e+04
2.130217488800000000e+10 5.944800000000000000e+04
2.144989756000000000e+10 4.340400000000000000e+04
2.293126245600000000e+10 8.773600000000000000e+04
2.293133244000000000e+10 6.915000000000007276e+03
2.347391914400000000e+10 8.046900000000000000e+04
2.347396426400000000e+10 3.455000000000007276e+03
2.455874360800000000e+10 8.362000000000000000e+04
2.500779148000000000e+10 7.967800000000000000e+04
2.584080445600000000e+10 7.831800000000000000e+04
2.668897103200000000e+10 8.078200000000000000e+04
2.754196546400000000e+10 7.944700000000000000e+04
2.754209780000000000e+10 3.699600000000000000e+04
2.771216992800000000e+10 4.377700000000000000e+04
2.808547642400000000e+10 5.496000000000000000e+04
2.915599964000000000e+10 7.893400000000000000e+04
2.924185223200000000e+10 5.096700000000000000e+04
2.924189922400000000e+10 2.988000000000000000e+03
2.948133639200000000e+10 5.104600000000000000e+04
2.999232557600000000e+10 5.781200000000000000e+04
3.078558503200000000e+10 8.369999999999998545e+04
3.090114893600000000e+10 4.778200000000000000e+04
3.090795205600000000e+10 3.177300000000000000e+04
3.098676709600000000e+10 2.888600000000000000e+04
3.122007232800000000e+10 3.503600000000000000e+04
3.281861868000000000e+10 9.008400000000000000e+04
3.295049984800000000e+10 5.611900000000000000e+04
3.320724442400000000e+10 6.082300000000000000e+04
3.346506829600000000e+10 4.638500000000000000e+04
3.486957503200000000e+10 1.028460000000000291e+05
3.519465826400000000e+10 6.860800000000000000e+04
3.521168333600000000e+10 3.896700000000000000e+04
3.525278840800000000e+10 3.096000000000000000e+04
3.545577852000000000e+10 3.434400000000000000e+04
3.553613365600000000e+10 3.098600000000000000e+04
3.558008301600000000e+10 2.422400000000000000e+04
3.602217476000000000e+10 5.052300000000000000e+04
3.703076410400000000e+10 7.376500000000000000e+04
3.745838880800000000e+10 6.892800000000000000e+04
3.754052199200000000e+10 4.408700000000000000e+04
3.819403863200000000e+10 6.313000000000000000e+04
3.819429634400000000e+10 4.466700000000000000e+04
3.927268720800000000e+10 9.458800000000000000e+04
3.927276068000000000e+10 2.134300000000000000e+04
3.927283130400000000e+10 8.895000000000000000e+03
3.966563568800000000e+10 5.818100000000000000e+04
3.967690111200000000e+10 3.590200000000000000e+04
4.010861692000000000e+10 5.433500000000000000e+04
4.058053333600000000e+10 5.573000000000000000e+04
4.074783324000000000e+10 4.888700000000000000e+04
4.220708954400000000e+10 8.825800000000000000e+04
4.220717108000000000e+10 2.712400000000000000e+04
4.220729644000000000e+10 2.377600000000000000e+04
4.254044831200000000e+10 4.914400000000000000e+04
4.303267740000000000e+10 6.170100000000000000e+04
4.303276882400000000e+10 2.996000000000000000e+04
4.343170813600000000e+10 5.195000000000000000e+04
4.363616524000000000e+10 5.237600000000000000e+04
4.363623157600000000e+10 1.153100000000000364e+04
4.401557392800000000e+10 5.022600000000000000e+04
4.401562636000000000e+10 6.818999999999996362e+03
4.527388028000000000e+10 8.422700000000000000e+04
4.555289024800000000e+10 6.102600000000000000e+04
4.556020224800000000e+10 4.121800000000000000e+04
4.717893352800000000e+10 9.864500000000001455e+04
4.793327991200000000e+10 8.923400000000001455e+04
4.793328599200000000e+10 5.113000000000003638e+03
4.805161456800000000e+10 6.100000000000000000e+04
4.817329944800000000e+10 4.101200000000000000e+04
4.858724565600000000e+10 5.311600000000000000e+04
4.985919992800000000e+10 9.051400000000000000e+04
5.062729296800000000e+10 8.805600000000000000e+04
5.062739396000000000e+10 3.403000000000000728e+04
5.074296359200000000e+10 3.987900000000000000e+04
5.133811004000000000e+10 6.592800000000000000e+04
5.259330210400000000e+10 8.544300000000000000e+04
5.259343474400000000e+10 4.100300000000000000e+04
5.320494108000000000e+10 6.617300000000000000e+04
5.371231599200000000e+10 6.585800000000000000e+04
5.399199916000000000e+10 5.541200000000000000e+04
5.415736522400000000e+10 4.594900000000000000e+04
5.456552079200000000e+10 5.556400000000000000e+04
5.481677135200000000e+10 4.914500000000000000e+04
5.504334274400000000e+10 4.793600000000000000e+04
5.566693720800000000e+10 6.140200000000000000e+04
5.717470069600000000e+10 8.960400000000000000e+04
5.719090847200000000e+10 4.639200000000000000e+04
5.739833604000000000e+10 5.255400000000000000e+04
5.770202320800000000e+10 4.855700000000000000e+04
5.779150780000000000e+10 3.820500000000000000e+04
5.832441906400000000e+10 5.426300000000000000e+04
5.862589485600000000e+10 5.607700000000000000e+04
5.882623714400000000e+10 4.752100000000000000e+04
5.966759047200000000e+10 7.757400000000000000e+04
6.012055376800000000e+10 6.629100000000000000e+04
6.064976692000000000e+10 6.480800000000000000e+04
6.194986386400000000e+10 9.394500000000000000e+04
6.240773920800000000e+10 6.933700000000000000e+04
6.241123676000000000e+10 4.129600000000000000e+04
6.253500631200000000e+10 3.900700000000000000e+04
6.288901056800000000e+10 4.510400000000000000e+04
6.375145024800000000e+10 8.376900000000000000e+04
6.482681925600000000e+10 8.752200000000000000e+04
6.524648527200000000e+10 6.757500000000000000e+04
6.597371047200000000e+10 7.739200000000000000e+04
6.654834410400000000e+10 7.488800000000001455e+04
6.715191671200000000e+10 7.392200000000000000e+04
6.740302548000000000e+10 5.599200000000000000e+04
6.745176184800000000e+10 3.842100000000000000e+04
6.852160266400000000e+10 7.526900000000000000e+04
6.911973164000000000e+10 7.569100000000001455e+04
6.933550583200000000e+10 5.314400000000000000e+04
7.069334944800000000e+10 8.716300000000000000e+04
7.166677874400000000e+10 8.741800000000000000e+04
7.166684416800000000e+10 1.938200000000000000e+04
7.221704858400000000e+10 6.814600000000000000e+04
7.221709448800000000e+10 4.476999999999996362e+03
7.318188735200000000e+10 7.904300000000000000e+04
7.330817772000000000e+10 5.057500000000000000e+04
7.341785970400000000e+10 4.035300000000000000e+04
7.347215060000000000e+10 3.091800000000000000e+04
7.570681447200000000e+10 1.010820000000000000e+05
7.600568837600000000e+10 7.393000000000000000e+04
7.600574876000000000e+10 1.353999999999999636e+04
7.627527266400000000e+10 6.266500000000000000e+04
7.712154434400000000e+10 7.840200000000000000e+04
7.712163695200000000e+10 2.442799999999999272e+04
7.726316452000000000e+10 4.383800000000000000e+04
7.729510962400000000e+10 3.003700000000000000e+04
7.795233295200000000e+10 5.736800000000000000e+04
7.798653114400000000e+10 3.614500000000000000e+04
7.817105466400000000e+10 3.895300000000000000e+04
7.851398820000000000e+10 4.821200000000000000e+04
7.861835213600000000e+10 3.837700000000000000e+04
7.881584040800000000e+10 3.684700000000000000e+04
7.965716036000000000e+10 7.782400000000001455e+04
8.058474810400000000e+10 8.861600000000002910e+04
8.169283164000000000e+10 1.020460000000000291e+05
8.204828898400000000e+10 7.120300000000000000e+04
8.204840568800000000e+10 3.215900000000000000e+04
8.214278423200000000e+10 3.769500000000000000e+04
8.265406332000000000e+10 5.387100000000000000e+04
8.273438631200000000e+10 4.001600000000000000e+04
8.308611428000000000e+10 4.634600000000000000e+04
8.377667320800000000e+10 6.609500000000000000e+04
8.491700847200000000e+10 8.226900000000000000e+04
8.574164901600000000e+10 8.279400000000000000e+04
8.640539908000000000e+10 7.371200000000000000e+04
8.673139021600000000e+10 6.201100000000000000e+04
8.865787893600000000e+10 1.095150000000000000e+05
