# Timestamps in ns,Energies
8.889207200000000000e+07 2.943300000000000000e+04
6.077980880000000000e+08 5.287600000000000000e+04
7.481376560000000000e+08 4.146600000000000000e+04
9.191105840000000000e+08 3.790300000000000000e+04
9.544077520000000000e+08 2.800699999999999272e+04
9.544753360000000000e+08 7.247000000000000000e+03
1.050014248000000000e+09 2.677000000000000000e+04
1.051821592000000000e+09 1.860000000000000728e+04
1.073756808000000000e+09 1.604699999999999272e+04
1.466502424000000000e+09 3.374300000000000000e+04
1.466563192000000000e+09 7.019000000000003638e+03
1.488688056000000000e+09 2.477700000000000000e+04
1.890063400000000000e+09 4.097200000000000000e+04
2.007298328000000000e+09 3.465800000000000000e+04
2.007365304000000000e+09 9.196000000000000000e+03
2.279650152000000000e+09 3.953700000000000000e+04
2.290598632000000000e+09 2.495600000000000000e+04
2.430036760000000000e+09 2.903200000000000000e+04
2.483786392000000000e+09 2.354599999999999272e+04
2.529133880000000000e+09 2.195300000000000000e+04
2.567917352000000000e+09 1.761800000000000000e+04
2.600974936000000000e+09 1.561799999999999636e+04
2.835609576000000000e+09 2.463500000000000000e+04
2.892139608000000000e+09 2.241000000000000000e+04
3.228620648000000000e+09 3.474299999999999272e+04
3.229134488000000000e+09 2.368100000000000000e+04
3.430981624000000000e+09 3.074600000000000000e+04
3.610551144000000000e+09 3.603099999999999272e+04
3.629978520000000000e+09 2.520300000000000000e+04
3.735045720000000000e+09 2.505000000000000000e+04
3.982290552000000000e+09 3.351200000000000000e+04
3.990168552000000000e+09 2.243400000000000000e+04
4.095367784000000000e+09 2.576800000000000000e+04
4.125321400000000000e+09 2.024900000000000000e+04
4.187378584000000000e+09 1.913700000000000000e+04
4.243395176000000000e+09 1.821600000000000000e+04
4.810460584000000000e+09 4.703800000000000000e+04
4.965607096000000000e+09 3.948100000000000000e+04
5.139677928000000000e+09 3.737500000000000000e+04
5.285058744000000000e+09 3.617599999999999272e+04
5.285121256000000000e+09 7.488000000000007276e+03
5.461059192000000000e+09 3.457300000000000000e+04
5.577119288000000000e+09 3.106300000000000000e+04
5.577324344000000000e+09 2.249000000000000000e+04
5.766817000000000000e+09 2.782700000000000728e+04
5.843690520000000000e+09 2.561000000000000728e+04
6.206087000000000000e+09 3.966100000000000000e+04
6.219773064000000000e+09 2.718400000000000000e+04
6.254014328000000000e+09 2.372800000000000000e+04
6.439231576000000000e+09 2.944099999999999272e+04
6.515492344000000000e+09 2.512699999999999272e+04
6.605026776000000000e+09 2.426400000000000000e+04
6.622593016000000000e+09 1.888000000000000000e+04
6.766743864000000000e+09 2.376900000000000000e+04
6.787267752000000000e+09 1.886800000000000000e+04
6.865233048000000000e+09 1.874000000000000000e+04
7.156970472000000000e+09 3.187700000000000000e+04
7.164817368000000000e+09 2.091700000000000000e+04
7.341591128000000000e+09 2.614000000000000000e+04
7.341650520000000000e+09 4.713999999999996362e+03
7.797966648000000000e+09 5.066600000000000000e+04
7.798045352000000000e+09 7.219000000000003638e+03
7.867270248000000000e+09 3.027300000000000000e+04
7.889947608000000000e+09 2.222500000000000000e+04
7.925323384000000000e+09 1.973100000000000000e+04
7.961846792000000000e+09 1.764200000000000000e+04
8.111915336000000000e+09 2.207599999999999272e+04
8.140315976000000000e+09 1.864800000000000000e+04
8.326687784000000000e+09 2.496900000000000000e+04
8.500599576000000000e+09 2.749599999999999272e+04
8.507799976000000000e+09 2.090600000000000000e+04
8.524239544000000000e+09 1.653799999999999636e+04
8.698417080000000000e+09 2.395400000000000000e+04
8.698490264000000000e+09 6.523000000000007276e+03
8.753658984000000000e+09 1.896200000000000000e+04
9.073098264000000000e+09 3.544900000000000000e+04
9.133547640000000000e+09 2.675500000000000000e+04
9.593735256000000000e+09 4.344100000000000000e+04
9.593788968000000000e+09 6.720000000000000000e+03
9.605763720000000000e+09 2.615600000000000000e+04
9.658303768000000000e+09 2.503300000000000000e+04
1.042940925600000000e+10 6.338300000000000000e+04
1.064583220000000000e+10 4.896000000000000000e+04
1.064588418400000000e+10 7.117000000000003638e+03
1.065528920800000000e+10 2.752600000000000000e+04
1.105728288800000000e+10 4.534000000000000000e+04
1.124509378400000000e+10 4.257900000000000000e+04
1.127413861600000000e+10 2.972900000000000000e+04
1.143113485600000000e+10 3.126700000000000000e+04
1.146522056800000000e+10 2.465600000000000000e+04
1.149172930400000000e+10 2.071200000000000000e+04
1.187804581600000000e+10 3.967000000000000000e+04
1.194198967200000000e+10 2.859399999999999272e+04
1.216363892000000000e+10 3.328800000000000000e+04
1.218837183200000000e+10 2.624000000000000000e+04
1.272345183200000000e+10 4.780400000000000000e+04
1.272928976800000000e+10 3.236900000000000000e+04
1.292922154400000000e+10 3.718200000000000000e+04
1.304351484000000000e+10 3.311500000000000000e+04
1.306051685600000000e+10 2.336100000000000000e+04
1.309604274400000000e+10 2.057000000000000000e+04
1.367238471200000000e+10 5.241400000000000000e+04
1.416054976800000000e+10 6.010000000000000000e+04
1.419078797600000000e+10 3.695500000000000000e+04
1.429008090400000000e+10 3.170900000000000728e+04
1.477439356000000000e+10 5.201600000000000000e+04
1.480990226400000000e+10 3.463200000000000728e+04
1.494203757600000000e+10 3.242400000000000000e+04
1.505595573600000000e+10 3.084400000000000000e+04
1.508329432800000000e+10 2.297700000000000000e+04
1.566825344800000000e+10 5.696700000000000000e+04
1.569029637600000000e+10 3.224200000000000000e+04
1.596982724000000000e+10 4.100900000000000000e+04
1.610927408800000000e+10 3.830300000000000000e+04
1.638812565600000000e+10 4.148900000000000000e+04
1.639499535200000000e+10 2.720400000000000000e+04
1.653498303200000000e+10 3.144900000000000000e+04
1.689749111200000000e+10 4.185800000000000000e+04
1.725536936800000000e+10 5.124800000000000000e+04
1.725552543200000000e+10 2.837900000000000000e+04
1.737876205600000000e+10 3.403600000000000728e+04
1.737881933600000000e+10 4.935000000000007276e+03
1.742179330400000000e+10 2.439200000000000000e+04
1.759763568800000000e+10 2.849500000000000000e+04
1.774891519200000000e+10 2.883200000000000728e+04
1.781776365600000000e+10 2.617100000000000000e+04
1.789473719200000000e+10 2.460800000000000000e+04
1.826483751200000000e+10 3.975000000000000000e+04
1.849354850400000000e+10 3.875900000000000000e+04
1.883765210400000000e+10 5.276900000000000000e+04
1.904586141600000000e+10 4.559500000000000000e+04
1.930493132000000000e+10 4.298800000000000000e+04
1.930497837600000000e+10 2.454000000000003638e+03
1.954077048800000000e+10 4.725800000000000000e+04
1.954082471200000000e+10 5.655999999999996362e+03
1.958427479200000000e+10 2.864800000000000000e+04
1.958433826400000000e+10 6.028000000000003638e+03
1.967435856800000000e+10 2.474500000000000000e+04
1.983603546400000000e+10 2.783600000000000000e+04
1.995791639200000000e+10 2.779400000000000000e+04
2.033078757600000000e+10 4.563200000000000000e+04
2.059625364000000000e+10 4.396500000000000000e+04
2.066250346400000000e+10 3.178300000000000000e+04
2.102279460000000000e+10 4.891400000000000000e+04
2.166522188000000000e+10 6.328100000000000000e+04
2.198826652000000000e+10 5.753100000000000000e+04
2.216438701600000000e+10 5.374700000000000000e+04
2.216443746400000000e+10 4.521999999999996362e+03
2.226985533600000000e+10 3.442399999999999272e+04
2.237580690400000000e+10 3.153899999999999272e+04
2.259299053600000000e+10 3.731800000000000000e+04
2.275336908000000000e+10 3.372800000000000000e+04
2.294527322400000000e+10 3.702200000000000000e+04
2.318423000800000000e+10 4.073100000000000000e+04
2.333794077600000000e+10 3.610499999999999272e+04
2.362988692000000000e+10 4.262400000000000000e+04
2.369416415200000000e+10 3.198200000000000000e+04
2.384373976800000000e+10 3.264300000000000728e+04
2.384381695200000000e+10 1.083299999999999272e+04
2.406549719200000000e+10 3.240500000000000000e+04
2.440812476000000000e+10 4.409700000000000000e+04
2.449378864800000000e+10 3.319100000000000000e+04
2.450574546400000000e+10 2.504500000000000000e+04
2.477386013600000000e+10 3.669600000000000000e+04
2.482563429600000000e+10 2.749800000000000000e+04
2.486563071200000000e+10 2.208300000000000000e+04
2.520280415200000000e+10 3.716700000000000000e+04
2.531131344800000000e+10 3.237600000000000000e+04
2.532536466400000000e+10 2.450300000000000000e+04
2.544138285600000000e+10 2.656900000000000000e+04
2.551220373600000000e+10 2.369700000000000000e+04
2.559298967200000000e+10 2.223400000000000000e+04
2.581304660000000000e+10 2.967300000000000000e+04
2.583369935200000000e+10 2.285600000000000000e+04
2.595511378400000000e+10 2.373900000000000000e+04
2.599605028000000000e+10 2.048900000000000000e+04
2.656055255200000000e+10 4.881600000000000000e+04
2.657201207200000000e+10 3.144100000000000000e+04
2.662129175200000000e+10 2.562700000000000000e+04
2.696645559200000000e+10 4.213200000000000000e+04
2.715739364000000000e+10 3.846700000000000000e+04
2.718303759200000000e+10 2.848000000000000000e+04
2.739118360800000000e+10 3.506200000000000000e+04
2.745043832800000000e+10 2.687099999999999272e+04
2.757807448800000000e+10 2.738200000000000728e+04
2.757818106400000000e+10 1.305000000000000000e+04
2.779864157600000000e+10 2.878199999999999272e+04
2.782460364000000000e+10 2.342500000000000000e+04
2.786727498400000000e+10 1.999500000000000000e+04
2.806086628000000000e+10 2.664900000000000000e+04
2.810689671200000000e+10 2.271400000000000000e+04
2.818817389600000000e+10 2.106400000000000000e+04
2.859494935200000000e+10 3.814300000000000000e+04
2.874181570400000000e+10 3.456600000000000000e+04
2.916863119200000000e+10 5.385400000000000000e+04
2.922588752800000000e+10 3.553899999999999272e+04
2.922594128800000000e+10 4.212000000000003638e+03
2.924893959200000000e+10 2.326900000000000000e+04
2.951184279200000000e+10 3.340100000000000000e+04
2.968816444000000000e+10 3.656500000000000000e+04
2.972129485600000000e+10 2.619800000000000000e+04
2.979957999200000000e+10 2.538500000000000000e+04
3.002175341600000000e+10 3.152900000000000000e+04
3.035034468000000000e+10 4.011800000000000000e+04
3.040490008800000000e+10 3.372100000000000000e+04
3.042995591200000000e+10 2.368200000000000000e+04
3.109207124000000000e+10 5.668100000000000000e+04
3.109593290400000000e+10 3.083000000000000728e+04
3.119516375200000000e+10 3.057500000000000728e+04
3.137525896800000000e+10 3.476500000000000728e+04
3.164829239200000000e+10 4.277000000000000000e+04
3.164838002400000000e+10 1.655500000000000728e+04
3.167567000800000000e+10 2.472000000000000000e+04
3.171132426400000000e+10 2.134700000000000728e+04
3.181083479200000000e+10 2.197600000000000000e+04
3.215713994400000000e+10 3.477800000000000000e+04
3.225685210400000000e+10 3.161400000000000728e+04
3.225702570400000000e+10 2.083100000000000000e+04
3.262058436000000000e+10 3.820800000000000000e+04
3.275847130400000000e+10 3.484700000000000000e+04
3.281044226400000000e+10 2.919100000000000000e+04
3.285314087200000000e+10 2.352999999999999272e+04
3.287823175200000000e+10 1.910800000000000000e+04
3.287835106400000000e+10 1.031400000000000728e+04
3.311652407200000000e+10 2.583100000000000000e+04
3.311959533600000000e+10 1.797000000000000000e+04
3.317421380000000000e+10 1.898400000000000000e+04
3.321182709600000000e+10 1.635900000000000728e+04
3.339150690400000000e+10 2.274500000000000000e+04
3.352928274400000000e+10 2.524600000000000000e+04
3.354795135200000000e+10 1.964500000000000000e+04
3.375896525600000000e+10 2.684100000000000000e+04
3.378348919200000000e+10 2.082500000000000000e+04
3.395812839200000000e+10 2.657000000000000000e+04
3.395825573600000000e+10 1.405300000000000364e+04
3.437443221600000000e+10 3.757300000000000000e+04
3.453029335200000000e+10 3.699400000000000000e+04
3.455038111200000000e+10 2.638100000000000000e+04
3.456197490400000000e+10 1.896100000000000000e+04
3.461885485600000000e+10 1.945300000000000000e+04
3.480802306400000000e+10 2.521800000000000000e+04
3.494099532000000000e+10 2.643900000000000000e+04
3.499927007200000000e+10 2.232100000000000000e+04
3.522630234400000000e+10 3.165200000000000000e+04
3.561903677600000000e+10 4.607000000000000000e+04
3.561915576800000000e+10 1.017000000000000364e+04
3.606768728800000000e+10 4.886600000000000000e+04
3.625652892000000000e+10 4.574800000000000000e+04
3.631827501600000000e+10 3.054700000000000000e+04
3.642584122400000000e+10 3.066400000000000000e+04
3.667636896800000000e+10 3.789200000000000000e+04
3.685865999200000000e+10 3.857100000000000000e+04
3.734806212000000000e+10 5.358500000000000000e+04
3.742682359200000000e+10 3.713600000000000000e+04
3.742687293600000000e+10 2.749000000000003638e+03
3.744786455200000000e+10 2.607600000000000728e+04
3.763133360800000000e+10 3.094799999999999272e+04
3.790035444000000000e+10 4.155600000000000000e+04
3.791753924000000000e+10 2.603200000000000000e+04
3.816650428000000000e+10 3.836100000000000000e+04
3.826317488800000000e+10 3.408000000000000000e+04
3.841226765600000000e+10 3.054600000000000000e+04
3.848183116000000000e+10 2.770100000000000000e+04
3.851713664800000000e+10 2.092600000000000000e+04
3.861597284000000000e+10 2.409800000000000000e+04
3.868061287200000000e+10 1.985000000000000000e+04
3.869848148000000000e+10 1.681100000000000364e+04
3.884853234400000000e+10 2.211800000000000000e+04
3.899187852000000000e+10 2.408000000000000000e+04
3.904776629600000000e+10 2.167900000000000000e+04
3.939705592800000000e+10 3.691000000000000000e+04
3.940002866400000000e+10 2.313700000000000000e+04
3.957285885600000000e+10 2.881300000000000000e+04
3.960160244000000000e+10 2.288200000000000000e+04
3.973492685600000000e+10 2.558499999999999272e+04
3.989916116000000000e+10 2.833800000000000000e+04
3.996221108000000000e+10 2.484100000000000000e+04
4.051220205600000000e+10 4.939600000000000000e+04
4.060541248800000000e+10 3.703200000000000000e+04
4.072317666400000000e+10 3.324400000000000000e+04
4.079199831200000000e+10 3.018500000000000000e+04
4.079622373600000000e+10 2.016200000000000728e+04
4.080356600800000000e+10 1.576099999999999272e+04
4.110349743200000000e+10 3.110500000000000000e+04
4.161613444000000000e+10 5.273900000000000000e+04
4.165717372000000000e+10 3.423400000000000728e+04
4.168922335200000000e+10 2.752900000000000000e+04
4.172400509600000000e+10 2.258100000000000000e+04
4.176275706400000000e+10 1.951800000000000000e+04
4.177676423200000000e+10 1.497399999999999636e+04
4.180415092000000000e+10 1.443099999999999636e+04
4.229195015200000000e+10 3.757700000000000000e+04
4.229716111200000000e+10 2.709800000000000000e+04
4.247394632800000000e+10 3.000200000000000000e+04
4.262043749600000000e+10 3.261399999999999272e+04
4.279148685600000000e+10 3.028300000000000000e+04
4.302218648800000000e+10 3.765600000000000000e+04
4.307566268000000000e+10 2.802699999999999272e+04
4.337752456800000000e+10 3.847900000000000000e+04
4.347171412000000000e+10 3.153600000000000728e+04
4.352155229600000000e+10 2.495200000000000000e+04
4.357637511200000000e+10 2.376300000000000000e+04
4.371443527200000000e+10 2.504800000000000000e+04
4.379250437600000000e+10 2.319899999999999272e+04
4.387361448800000000e+10 2.224800000000000000e+04
4.434893788000000000e+10 4.389400000000000000e+04
4.463641500000000000e+10 4.684100000000000000e+04
4.489005476000000000e+10 4.659600000000000000e+04
4.522346525600000000e+10 4.702700000000000000e+04
4.550858588000000000e+10 4.967600000000000000e+04
4.550867576800000000e+10 1.936200000000000000e+04
4.552878496800000000e+10 2.768300000000000000e+04
4.554918984800000000e+10 2.190600000000000000e+04
4.554925348000000000e+10 4.389000000000003638e+03
4.570913389600000000e+10 2.458300000000000000e+04
4.575402884000000000e+10 2.240100000000000000e+04
4.578192764000000000e+10 1.811600000000000000e+04
4.579199845600000000e+10 1.412400000000000364e+04
4.591858127200000000e+10 1.896899999999999272e+04
4.603406349600000000e+10 2.151300000000000000e+04
4.604619780000000000e+10 1.604599999999999636e+04
4.610002519200000000e+10 1.587499999999999636e+04
4.611647287200000000e+10 1.371099999999999636e+04
4.619768679200000000e+10 1.558899999999999636e+04
4.619898989600000000e+10 1.161899999999999272e+04
4.653116860000000000e+10 2.780600000000000000e+04
4.670946320800000000e+10 3.004799999999999272e+04
4.689743224800000000e+10 3.439000000000000000e+04
4.689864199200000000e+10 2.151200000000000000e+04
4.713301821600000000e+10 3.078400000000000000e+04
4.713318394400000000e+10 1.939300000000000000e+04
4.734763554400000000e+10 3.088300000000000728e+04
4.742906925600000000e+10 2.648200000000000000e+04
4.754928029600000000e+10 2.719700000000000000e+04
4.768106626400000000e+10 2.813600000000000000e+04
4.768117272800000000e+10 1.322700000000000364e+04
4.782908701600000000e+10 2.510700000000000000e+04
4.796125704800000000e+10 2.816000000000000000e+04
4.824813076000000000e+10 3.652500000000000000e+04
4.839473972000000000e+10 3.441100000000000000e+04
4.841902167200000000e+10 2.471300000000000000e+04
4.868402127200000000e+10 3.360900000000000000e+04
4.874029853600000000e+10 2.836100000000000000e+04
4.885447434400000000e+10 2.784200000000000000e+04
4.891094199200000000e+10 2.414699999999999272e+04
4.899627895200000000e+10 2.317100000000000000e+04
4.906161632800000000e+10 2.087700000000000000e+04
4.911665066400000000e+10 1.905700000000000000e+04
4.919871031200000000e+10 1.943500000000000000e+04
4.938199735200000000e+10 2.517600000000000000e+04
4.957977180000000000e+10 3.182500000000000000e+04
4.957983431200000000e+10 5.986000000000003638e+03
4.968030632800000000e+10 2.720500000000000000e+04
5.014796749600000000e+10 4.276800000000000000e+04
5.024891493600000000e+10 3.653500000000000000e+04
5.042307861600000000e+10 3.773900000000000000e+04
5.076454660000000000e+10 4.601000000000000000e+04
5.077257399200000000e+10 2.971400000000000000e+04
5.083345135200000000e+10 2.800299999999999272e+04
5.100502372000000000e+10 2.938500000000000000e+04
5.101034530400000000e+10 2.176800000000000000e+04
5.105411576800000000e+10 1.986100000000000000e+04
5.106022348000000000e+10 1.479400000000000364e+04
5.151332872800000000e+10 4.109500000000000000e+04
5.151347616800000000e+10 2.410700000000000000e+04
5.159566463200000000e+10 2.578500000000000000e+04
5.168386975200000000e+10 2.438199999999999272e+04
5.168394629600000000e+10 7.406000000000000000e+03
5.213979183200000000e+10 4.199700000000000000e+04
5.215280437600000000e+10 2.804000000000000728e+04
5.233707263200000000e+10 3.425100000000000000e+04
5.239340920800000000e+10 2.664100000000000000e+04
5.272272072800000000e+10 3.948800000000000000e+04
5.295934120800000000e+10 4.411000000000000000e+04
5.295942831200000000e+10 1.883099999999999272e+04
5.299945906400000000e+10 2.414800000000000000e+04
5.299953938400000000e+10 8.496000000000000000e+03
5.304086018400000000e+10 1.902400000000000000e+04
5.349189719200000000e+10 4.095900000000000000e+04
5.403436916000000000e+10 6.271300000000000000e+04
5.417848704800000000e+10 4.578500000000000000e+04
5.427294090400000000e+10 3.537100000000000728e+04
5.444034452000000000e+10 3.660800000000000000e+04
5.444039362400000000e+10 1.716000000000003638e+03
5.459471848800000000e+10 3.327999999999999272e+04
5.469030484000000000e+10 2.992699999999999272e+04
5.469038533600000000e+10 1.026000000000000364e+04
5.478777309600000000e+10 2.417300000000000000e+04
5.504782132000000000e+10 3.484000000000000000e+04
5.507903034400000000e+10 2.532000000000000000e+04
5.509962932000000000e+10 2.176300000000000000e+04
5.515851284000000000e+10 1.931700000000000000e+04
5.529463114400000000e+10 2.215300000000000000e+04
5.535925495200000000e+10 2.084500000000000000e+04
5.544692719200000000e+10 2.129200000000000000e+04
5.567054548000000000e+10 2.861700000000000000e+04
5.590837544800000000e+10 3.449600000000000728e+04
5.671405136800000000e+10 6.401700000000000000e+04
5.673847498400000000e+10 3.787900000000000000e+04
5.676433212000000000e+10 3.333100000000000000e+04
5.687176580000000000e+10 2.906200000000000728e+04
5.696473208800000000e+10 2.684000000000000728e+04
5.704401186400000000e+10 2.486999999999999272e+04
5.710190642400000000e+10 2.232100000000000000e+04
5.729033349600000000e+10 2.885300000000000000e+04
5.729043066400000000e+10 1.201899999999999272e+04
5.735615362400000000e+10 2.076800000000000000e+04
5.784656400800000000e+10 4.660800000000000000e+04
5.797924914400000000e+10 3.707500000000000000e+04
5.797935552800000000e+10 1.771300000000000000e+04
5.798028106400000000e+10 1.877500000000000000e+04
5.798037452000000000e+10 9.201000000000007276e+03
5.816780528800000000e+10 2.656100000000000000e+04
5.853194381600000000e+10 3.911200000000000000e+04
5.857464088800000000e+10 2.974200000000000000e+04
5.857477773600000000e+10 1.811900000000000728e+04
5.861160892000000000e+10 2.021500000000000000e+04
5.862538688800000000e+10 1.563199999999999272e+04
5.876430842400000000e+10 2.080100000000000000e+04
5.885780952800000000e+10 2.157500000000000000e+04
5.944577296800000000e+10 4.807300000000000000e+04
5.984807893600000000e+10 5.425000000000000000e+04
5.984821189600000000e+10 2.966400000000000000e+04
6.008815333600000000e+10 4.018300000000000000e+04
6.104636720800000000e+10 7.728100000000000000e+04
6.104653004000000000e+10 4.054300000000000000e+04
6.132265322400000000e+10 5.240400000000000000e+04
6.132271661600000000e+10 1.082100000000000000e+04
6.132291186400000000e+10 1.635300000000000364e+04
6.172977052000000000e+10 4.799900000000000000e+04
6.174640728800000000e+10 3.213100000000000000e+04
6.192050631200000000e+10 3.219300000000000000e+04
6.246171157600000000e+10 5.568500000000000000e+04
6.246706344800000000e+10 3.706700000000000000e+04
6.250241293600000000e+10 2.684000000000000000e+04
6.264165295200000000e+10 3.167799999999999272e+04
6.265942400800000000e+10 2.188500000000000000e+04
6.280243903200000000e+10 2.640099999999999272e+04
6.295045658400000000e+10 2.727600000000000000e+04
6.300608018400000000e+10 2.376400000000000000e+04
6.330795120800000000e+10 3.663100000000000000e+04
6.330803711200000000e+10 1.291399999999999272e+04
6.460212759200000000e+10 7.768200000000000000e+04
6.469517314400000000e+10 5.614400000000000000e+04
6.476497949600000000e+10 3.795800000000000000e+04
6.508072455200000000e+10 4.842400000000000000e+04
6.516285378400000000e+10 3.544300000000000000e+04
6.524039332000000000e+10 3.103000000000000000e+04
6.526137349600000000e+10 2.224500000000000000e+04
6.526149680800000000e+10 1.247199999999999272e+04
6.533466432800000000e+10 1.919500000000000000e+04
6.543513800800000000e+10 2.100000000000000000e+04
6.582807216800000000e+10 3.781500000000000000e+04
6.582815055200000000e+10 1.299700000000000364e+04
6.612928960800000000e+10 3.989000000000000000e+04
6.622323428000000000e+10 3.164200000000000000e+04
6.655930928800000000e+10 4.125800000000000000e+04
6.655943034400000000e+10 2.258500000000000000e+04
6.670959618400000000e+10 3.467700000000000728e+04
6.687071623200000000e+10 3.313600000000000000e+04
6.692992951200000000e+10 2.657900000000000000e+04
6.695675660000000000e+10 2.278700000000000000e+04
6.747913413600000000e+10 4.899000000000000000e+04
6.748120455200000000e+10 3.013399999999999272e+04
6.803385858400000000e+10 5.380100000000000000e+04
6.803394639200000000e+10 1.944500000000000000e+04
6.808987096800000000e+10 3.139000000000000000e+04
6.813495093600000000e+10 2.446500000000000000e+04
6.813508213600000000e+10 1.461199999999999636e+04
6.851140109600000000e+10 4.066300000000000000e+04
6.861956047200000000e+10 3.106400000000000000e+04
6.906272159200000000e+10 5.599200000000000000e+04
6.906277218400000000e+10 5.589999999999992724e+03
6.933145432800000000e+10 4.354100000000000000e+04
6.943229583200000000e+10 3.691900000000000000e+04
6.977281208800000000e+10 4.453000000000000000e+04
6.977293087200000000e+10 2.339600000000000000e+04
6.987471133600000000e+10 3.080700000000000000e+04
6.991026322400000000e+10 2.496400000000000000e+04
6.993168576800000000e+10 1.921600000000000000e+04
7.011756248800000000e+10 2.730300000000000728e+04
7.011766397600000000e+10 1.156600000000000000e+04
7.013048680800000000e+10 1.619299999999999636e+04
7.017722629600000000e+10 1.649699999999999636e+04
7.023750807200000000e+10 1.654399999999999272e+04
7.032463565600000000e+10 1.749599999999999636e+04
7.051076792800000000e+10 2.478900000000000000e+04
7.051082988000000000e+10 4.088000000000000000e+03
7.087273124000000000e+10 3.493400000000000000e+04
7.092135453600000000e+10 3.076700000000000000e+04
7.094092749600000000e+10 2.196000000000000000e+04
7.099736685600000000e+10 2.043400000000000000e+04
7.108915552800000000e+10 2.063600000000000000e+04
7.118261602400000000e+10 2.146700000000000000e+04
7.136391237600000000e+10 2.720700000000000728e+04
7.187621845600000000e+10 5.404000000000000000e+04
7.193918223200000000e+10 3.690000000000000000e+04
7.193926351200000000e+10 1.219599999999999272e+04
7.238966397600000000e+10 4.525800000000000000e+04
7.251703124000000000e+10 4.376700000000000000e+04
7.259642256800000000e+10 3.123800000000000000e+04
7.280891324000000000e+10 3.793800000000000000e+04
7.297603784800000000e+10 3.658800000000000000e+04
7.301052394400000000e+10 2.704400000000000000e+04
7.309628808800000000e+10 2.669300000000000000e+04
7.310883004000000000e+10 1.977700000000000000e+04
7.313422536800000000e+10 1.620600000000000364e+04
7.321614887200000000e+10 1.817799999999999636e+04
7.324575056800000000e+10 1.566200000000000000e+04
7.356050656800000000e+10 3.112700000000000000e+04
7.359185237600000000e+10 2.328000000000000000e+04
7.374093852000000000e+10 2.853100000000000000e+04
7.376768880800000000e+10 2.042600000000000000e+04
7.376785127200000000e+10 1.415899999999999636e+04
7.390725133600000000e+10 2.081400000000000000e+04
7.390735712800000000e+10 1.015799999999999272e+04
7.390748136800000000e+10 6.103000000000007276e+03
7.411053741600000000e+10 2.312100000000000000e+04
7.428742301600000000e+10 2.752000000000000000e+04
7.449128125600000000e+10 3.098299999999999272e+04
7.455702002400000000e+10 2.720100000000000000e+04
7.483822748000000000e+10 3.806400000000000000e+04
7.488242418400000000e+10 2.920900000000000000e+04
7.491372792800000000e+10 2.192200000000000000e+04
7.493084533600000000e+10 1.805599999999999636e+04
7.514629938400000000e+10 2.687900000000000000e+04
7.514642247200000000e+10 1.383900000000000000e+04
7.521581874400000000e+10 2.025900000000000000e+04
7.521590504800000000e+10 7.538999999999992724e+03
7.535716544800000000e+10 2.088800000000000000e+04
7.551417546400000000e+10 2.600900000000000000e+04
7.558538877600000000e+10 2.407300000000000000e+04
7.565352164000000000e+10 2.106700000000000000e+04
7.565360328800000000e+10 7.199000000000007276e+03
7.565371674400000000e+10 5.152000000000007276e+03
7.565526839200000000e+10 1.117300000000000364e+04
7.585959234400000000e+10 2.271200000000000000e+04
7.612570364000000000e+10 3.157400000000000728e+04
7.634465714400000000e+10 3.411100000000000728e+04
7.641573780000000000e+10 3.152300000000000000e+04
7.668052394400000000e+10 3.534500000000000000e+04
7.668057684000000000e+10 4.906999999999996362e+03
7.682365245600000000e+10 3.221599999999999272e+04
7.686149063200000000e+10 2.455200000000000000e+04
7.690705728800000000e+10 2.267200000000000000e+04
7.714404557600000000e+10 2.995200000000000000e+04
7.716839596000000000e+10 2.272100000000000000e+04
7.727387357600000000e+10 2.352400000000000000e+04
7.728125300000000000e+10 1.798100000000000728e+04
7.784799493600000000e+10 4.760200000000000000e+04
7.787697080800000000e+10 3.088300000000000000e+04
7.798097637600000000e+10 2.814200000000000000e+04
7.846662903200000000e+10 4.934600000000000000e+04
7.850000146400000000e+10 3.302300000000000000e+04
7.877781900000000000e+10 3.912000000000000000e+04
7.881026453600000000e+10 3.049700000000000000e+04
7.881752372000000000e+10 2.229500000000000000e+04
7.881767626400000000e+10 1.604000000000000000e+04
7.934266167200000000e+10 4.664800000000000000e+04
7.943335234400000000e+10 3.478000000000000000e+04
7.953665698400000000e+10 3.168800000000000000e+04
7.975517356000000000e+10 3.437800000000000000e+04
7.998426122400000000e+10 3.859200000000000000e+04
8.001801623200000000e+10 2.732900000000000000e+04
8.007008255200000000e+10 2.543200000000000000e+04
8.008541828000000000e+10 1.863499999999999272e+04
8.036133695200000000e+10 3.046400000000000728e+04
8.065041111200000000e+10 3.955400000000000000e+04
8.065053810400000000e+10 2.056899999999999272e+04
8.104760434400000000e+10 4.652300000000000000e+04
8.118731106400000000e+10 4.195000000000000000e+04
8.118754612000000000e+10 1.731600000000000000e+04
8.172268080800000000e+10 4.994700000000000000e+04
8.182048735200000000e+10 3.790600000000000000e+04
8.207657384800000000e+10 4.266600000000000000e+04
8.333904725600000000e+10 9.293000000000000000e+04
8.342576848800000000e+10 5.095500000000000000e+04
8.342592095200000000e+10 2.471900000000000000e+04
8.344326618400000000e+10 2.523600000000000000e+04
8.344335546400000000e+10 1.012899999999999636e+04
8.355126928800000000e+10 2.417000000000000000e+04
8.374639730400000000e+10 2.916600000000000728e+04
8.384741738400000000e+10 2.847700000000000000e+04
8.409888560800000000e+10 3.936700000000000000e+04
8.432413535200000000e+10 3.715500000000000000e+04
8.456169127200000000e+10 4.009200000000000000e+04
8.456178744800000000e+10 1.657000000000000364e+04
8.480782900000000000e+10 3.622600000000000000e+04
8.480789005600000000e+10 7.740000000000007276e+03
8.502931448800000000e+10 3.657900000000000000e+04
8.506346836000000000e+10 2.660400000000000000e+04
8.572241256800000000e+10 5.874000000000000000e+04
8.588441202400000000e+10 4.606300000000000000e+04
8.607792664800000000e+10 3.994000000000000000e+04
8.611054919200000000e+10 3.122300000000000000e+04
8.615277562400000000e+10 2.553700000000000000e+04
8.624688157600000000e+10 2.360900000000000000e+04
8.654776402400000000e+10 3.583700000000000728e+04
8.664964164000000000e+10 3.022300000000000728e+04
8.666461533600000000e+10 2.240000000000000000e+04
8.685750792800000000e+10 2.967700000000000728e+04
8.722589482400000000e+10 4.289800000000000000e+04
8.748793285600000000e+10 4.695800000000000000e+04
8.749702968800000000e+10 3.040100000000000000e+04
8.765254624800000000e+10 3.400700000000000728e+04
8.765263244000000000e+10 1.257499999999999636e+04
8.784474477600000000e+10 3.021100000000000000e+04
8.788011064800000000e+10 2.475600000000000000e+04
8.788018248800000000e+10 6.955999999999992724e+03
8.821359658400000000e+10 3.600000000000000728e+04
8.840589356000000000e+10 3.482800000000000000e+04
8.866703900000000000e+10 4.419200000000000000e+04
8.868585578400000000e+10 2.935800000000000000e+04
8.887904520800000000e+10 3.110500000000000728e+04
8.890765181600000000e+10 2.591000000000000000e+04
8.912014061600000000e+10 3.156899999999999272e+04
8.926681656800000000e+10 3.285599999999999272e+04
8.950155754400000000e+10 3.867100000000000000e+04
8.955347311200000000e+10 2.761900000000000000e+04
