# Timestamps in ns,Energies
6.726168800000000000e+07 2.538100000000000000e+04
1.697346000000000000e+08 2.531700000000000000e+04
3.322496080000000000e+08 2.761700000000000000e+04
3.326150160000000000e+08 1.754200000000000000e+04
3.825952560000000000e+08 1.882700000000000000e+04
6.445190480000000000e+08 3.006499999999999272e+04
6.675989040000000000e+08 2.182300000000000000e+04
9.888403280000000000e+08 3.533200000000000000e+04
1.151736872000000000e+09 3.651400000000000000e+04
1.331585352000000000e+09 3.685300000000000000e+04
1.531370984000000000e+09 3.705600000000000000e+04
1.531502600000000000e+09 1.255900000000000728e+04
1.601236312000000000e+09 2.528100000000000000e+04
1.808004344000000000e+09 3.106300000000000000e+04
1.812876840000000000e+09 2.204000000000000000e+04
1.824613928000000000e+09 1.723400000000000000e+04
1.901681048000000000e+09 1.884500000000000000e+04
1.901895768000000000e+09 1.374099999999999636e+04
1.908580808000000000e+09 1.141500000000000728e+04
2.509309064000000000e+09 4.396800000000000000e+04
2.879698600000000000e+09 4.918300000000000000e+04
2.906176696000000000e+09 3.334200000000000728e+04
2.931373432000000000e+09 2.440600000000000000e+04
3.020851272000000000e+09 2.421800000000000000e+04
3.136791240000000000e+09 2.566900000000000728e+04
3.136873144000000000e+09 8.855000000000007276e+03
3.136955256000000000e+09 2.845000000000000000e+03
3.161181352000000000e+09 1.677799999999999636e+04
3.197439832000000000e+09 1.537299999999999272e+04
3.286802744000000000e+09 1.713200000000000364e+04
3.670665656000000000e+09 3.286200000000000000e+04
3.738892056000000000e+09 2.853999999999999272e+04
3.758609576000000000e+09 2.241000000000000000e+04
3.758768792000000000e+09 1.430899999999999272e+04
4.458369736000000000e+09 4.995000000000000000e+04
4.458422856000000000e+09 8.030999999999996362e+03
4.491118136000000000e+09 3.232599999999999272e+04
4.544663368000000000e+09 2.715700000000000000e+04
4.574097416000000000e+09 2.088200000000000000e+04
4.983323592000000000e+09 4.424000000000000000e+04
5.048551000000000000e+09 3.120700000000000000e+04
5.096393864000000000e+09 2.591400000000000000e+04
5.119274040000000000e+09 1.994300000000000000e+04
5.177176024000000000e+09 1.916800000000000000e+04
5.447511864000000000e+09 3.073699999999999272e+04
5.492833224000000000e+09 2.528100000000000000e+04
5.643842824000000000e+09 2.680300000000000000e+04
5.644021192000000000e+09 1.767099999999999636e+04
5.654905368000000000e+09 1.567400000000000000e+04
5.897228472000000000e+09 2.733100000000000000e+04
5.997848056000000000e+09 2.506699999999999272e+04
5.997919384000000000e+09 7.094000000000007276e+03
6.495147784000000000e+09 4.447900000000000000e+04
6.591465832000000000e+09 3.903000000000000000e+04
6.591569016000000000e+09 1.565700000000000728e+04
6.591634344000000000e+09 2.123000000000007276e+03
6.812156744000000000e+09 3.336500000000000000e+04
6.864327336000000000e+09 2.783900000000000000e+04
6.919802248000000000e+09 2.331300000000000000e+04
7.031731416000000000e+09 2.418199999999999272e+04
7.388730072000000000e+09 3.878900000000000000e+04
7.388870552000000000e+09 2.519400000000000000e+04
7.412964136000000000e+09 2.153200000000000000e+04
7.627365016000000000e+09 2.988500000000000000e+04
7.819361928000000000e+09 3.227499999999999272e+04
7.879589608000000000e+09 2.837300000000000000e+04
7.935167848000000000e+09 2.441800000000000000e+04
8.130919928000000000e+09 2.803699999999999272e+04
8.150587096000000000e+09 2.206500000000000728e+04
8.572348328000000000e+09 3.926500000000000000e+04
8.624354328000000000e+09 3.087400000000000728e+04
8.624419320000000000e+09 7.303000000000003638e+03
8.880689992000000000e+09 3.624900000000000728e+04
9.041862168000000000e+09 3.459899999999999272e+04
9.227167080000000000e+09 3.725200000000000000e+04
9.339047464000000000e+09 3.112900000000000000e+04
9.344551944000000000e+09 2.211299999999999272e+04
9.477153080000000000e+09 2.512900000000000000e+04
9.588619256000000000e+09 2.583900000000000000e+04
9.681082360000000000e+09 2.500800000000000000e+04
1.011524687200000000e+10 4.249600000000000000e+04
1.025692370400000000e+10 3.874200000000000000e+04
1.048198986400000000e+10 3.727100000000000000e+04
1.057070312800000000e+10 3.262100000000000000e+04
1.072593605600000000e+10 3.299800000000000000e+04
1.098226559200000000e+10 4.189900000000000000e+04
1.102510394400000000e+10 2.719100000000000000e+04
1.102534997600000000e+10 2.263400000000000000e+04
1.128340020000000000e+10 3.062100000000000728e+04
1.130944845600000000e+10 2.315300000000000000e+04
1.138105589600000000e+10 2.213100000000000000e+04
1.138119284000000000e+10 1.286200000000000000e+04
1.144658064800000000e+10 1.824800000000000000e+04
1.144683026400000000e+10 1.640300000000000728e+04
1.151802252000000000e+10 1.527999999999999636e+04
1.157683938400000000e+10 1.565600000000000000e+04
1.185790199200000000e+10 2.720200000000000000e+04
1.188831786400000000e+10 2.119200000000000000e+04
1.188853892000000000e+10 1.540000000000000728e+04
1.217856640800000000e+10 2.978899999999999272e+04
1.254515642400000000e+10 4.102600000000000000e+04
1.254528076000000000e+10 2.126700000000000000e+04
1.277225383200000000e+10 3.714000000000000000e+04
1.284254290400000000e+10 3.128400000000000000e+04
1.309916628000000000e+10 3.747500000000000000e+04
1.317180752800000000e+10 3.009200000000000000e+04
1.317186010400000000e+10 2.364000000000003638e+03
1.317197799200000000e+10 1.001200000000000364e+04
1.322166500000000000e+10 2.001900000000000000e+04
1.380581615200000000e+10 5.139600000000000000e+04
1.380601912800000000e+10 3.141500000000000000e+04
1.397238610400000000e+10 3.343200000000000000e+04
1.397250445600000000e+10 1.688399999999999272e+04
1.439370946400000000e+10 4.316200000000000000e+04
1.454477282400000000e+10 4.051900000000000000e+04
1.460658392800000000e+10 3.049000000000000000e+04
1.484203866400000000e+10 4.056100000000000000e+04
1.484214112800000000e+10 1.783599999999999636e+04
1.512044876000000000e+10 3.763700000000000000e+04
1.514684338400000000e+10 2.845000000000000000e+04
1.528534493600000000e+10 2.880400000000000000e+04
1.535217412000000000e+10 2.505200000000000000e+04
1.537036000800000000e+10 1.966700000000000728e+04
1.562542232800000000e+10 3.240200000000000000e+04
1.570315551200000000e+10 2.626700000000000000e+04
1.570323141600000000e+10 8.159000000000007276e+03
1.612509904800000000e+10 3.987300000000000000e+04
1.623082114400000000e+10 3.551600000000000000e+04
1.623932632800000000e+10 2.470800000000000000e+04
1.630179255200000000e+10 2.298400000000000000e+04
1.636350269600000000e+10 2.160100000000000000e+04
1.638913631200000000e+10 1.837800000000000728e+04
1.640983103200000000e+10 1.516899999999999272e+04
1.644275386400000000e+10 1.400100000000000000e+04
1.646613242400000000e+10 1.230600000000000364e+04
1.648334960800000000e+10 1.091100000000000000e+04
1.648599893600000000e+10 8.455000000000000000e+03
1.656031748000000000e+10 1.136599999999999636e+04
1.660788197600000000e+10 1.159299999999999636e+04
1.669550730400000000e+10 1.371300000000000364e+04
1.674105538400000000e+10 1.305700000000000000e+04
1.674112834400000000e+10 2.568999999999992724e+03
1.685599151200000000e+10 1.572800000000000364e+04
1.735816413600000000e+10 3.836700000000000000e+04
1.736502772000000000e+10 2.658600000000000000e+04
1.740422724000000000e+10 2.135700000000000728e+04
1.800768375200000000e+10 5.137500000000000000e+04
1.809181111200000000e+10 3.713100000000000000e+04
1.809187119200000000e+10 7.455000000000007276e+03
1.852696868000000000e+10 5.099500000000000000e+04
1.852828028000000000e+10 2.815300000000000000e+04
1.867755031200000000e+10 3.213100000000000000e+04
1.870100194400000000e+10 2.655400000000000000e+04
1.870107218400000000e+10 7.567000000000000000e+03
1.876466951200000000e+10 2.065200000000000000e+04
1.890922076000000000e+10 2.410000000000000000e+04
1.927273373600000000e+10 3.993700000000000000e+04
1.934625882400000000e+10 3.208200000000000000e+04
1.934634828000000000e+10 1.046699999999999636e+04
1.935654738400000000e+10 1.914600000000000000e+04
1.967689354400000000e+10 3.455200000000000000e+04
1.969403728800000000e+10 2.504800000000000000e+04
2.001988272800000000e+10 3.834500000000000000e+04
2.001994480800000000e+10 8.886999999999996362e+03
2.011227944800000000e+10 2.992600000000000000e+04
2.018524036000000000e+10 2.569100000000000000e+04
2.027952504800000000e+10 2.544900000000000000e+04
2.027965300000000000e+10 1.449200000000000000e+04
2.030141952800000000e+10 1.638999999999999636e+04
2.043397367200000000e+10 2.032200000000000000e+04
2.049226092000000000e+10 2.007600000000000000e+04
2.052366045600000000e+10 1.650800000000000000e+04
2.067731232800000000e+10 2.103700000000000000e+04
2.069456439200000000e+10 1.645200000000000000e+04
2.099086831200000000e+10 3.100900000000000728e+04
2.117472365600000000e+10 3.296800000000000000e+04
2.117485855200000000e+10 1.720400000000000000e+04
2.136051661600000000e+10 3.192000000000000000e+04
2.136073735200000000e+10 2.081000000000000728e+04
2.139043644000000000e+10 1.768400000000000000e+04
2.153153476000000000e+10 2.231300000000000000e+04
2.201983285600000000e+10 4.182700000000000000e+04
2.201996586400000000e+10 7.765000000000003638e+03
2.249460434400000000e+10 4.934200000000000000e+04
2.263140538400000000e+10 4.549200000000000000e+04
2.276423213600000000e+10 3.569499999999999272e+04
2.301017055200000000e+10 4.030100000000000000e+04
2.328014834400000000e+10 4.518600000000000000e+04
2.369132562400000000e+10 5.027800000000000000e+04
2.369279186400000000e+10 3.081900000000000000e+04
2.378375229600000000e+10 2.915999999999999272e+04
2.415859924000000000e+10 4.519900000000000000e+04
2.436370962400000000e+10 3.943800000000000000e+04
2.451486880800000000e+10 4.076800000000000000e+04
2.479596216800000000e+10 4.187300000000000000e+04
2.492047836000000000e+10 3.508700000000000000e+04
2.521618703200000000e+10 4.169200000000000000e+04
2.526922474400000000e+10 3.310700000000000000e+04
2.554732495200000000e+10 4.144700000000000000e+04
2.601751608800000000e+10 5.152600000000000000e+04
2.614319527200000000e+10 3.947900000000000000e+04
2.614325989600000000e+10 1.118700000000000364e+04
2.614332448800000000e+10 1.885000000000007276e+03
2.618225280800000000e+10 2.545700000000000000e+04
2.645587490400000000e+10 3.498300000000000000e+04
2.711867578400000000e+10 5.872600000000000000e+04
2.733051914400000000e+10 5.015900000000000000e+04
2.739662628000000000e+10 3.581900000000000000e+04
2.747126468000000000e+10 3.048200000000000000e+04
2.769233112800000000e+10 3.508000000000000000e+04
2.834995213600000000e+10 6.292300000000000000e+04
2.835014775200000000e+10 3.559699999999999272e+04
2.915360626400000000e+10 7.390900000000000000e+04
2.927803656800000000e+10 4.571300000000000000e+04
2.927815084000000000e+10 2.254799999999999272e+04
2.928934122400000000e+10 2.508500000000000728e+04
2.933224568800000000e+10 2.230400000000000000e+04
2.980234077600000000e+10 4.328700000000000000e+04
2.989905236000000000e+10 3.805500000000000000e+04
2.990495816800000000e+10 2.472600000000000000e+04
2.996623538400000000e+10 2.310000000000000000e+04
3.006007383200000000e+10 2.332800000000000000e+04
3.026579325600000000e+10 3.007900000000000000e+04
3.086251032800000000e+10 5.833600000000000000e+04
3.087415496800000000e+10 3.541500000000000000e+04
3.096426733600000000e+10 3.175400000000000000e+04
3.101898445600000000e+10 2.476200000000000000e+04
3.116264196000000000e+10 2.826200000000000000e+04
3.133734344800000000e+10 3.310600000000000000e+04
3.133741776800000000e+10 1.066899999999999636e+04
3.136367392800000000e+10 1.993300000000000000e+04
3.146834552800000000e+10 2.159600000000000000e+04
3.155103127200000000e+10 2.241900000000000000e+04
3.156809701600000000e+10 1.704900000000000000e+04
3.157375807200000000e+10 1.360899999999999636e+04
3.175968519200000000e+10 2.168000000000000000e+04
3.190729388000000000e+10 2.520699999999999272e+04
3.202942463200000000e+10 2.504100000000000000e+04
3.206266328800000000e+10 2.105600000000000000e+04
3.211582069600000000e+10 2.000400000000000728e+04
3.242709908000000000e+10 3.264300000000000000e+04
3.255174005600000000e+10 3.152500000000000000e+04
3.258439453600000000e+10 2.370500000000000000e+04
3.260521688800000000e+10 1.923800000000000000e+04
3.270728834400000000e+10 2.088600000000000000e+04
3.293304952800000000e+10 2.771200000000000000e+04
3.296984956000000000e+10 2.235100000000000000e+04
3.326310568800000000e+10 3.478000000000000728e+04
3.358002799200000000e+10 4.464600000000000000e+04
3.368385597600000000e+10 3.416499999999999272e+04
3.418473436000000000e+10 5.279300000000000000e+04
3.435768607200000000e+10 4.763300000000000000e+04
3.446396559200000000e+10 3.851700000000000000e+04
3.456675912800000000e+10 3.089000000000000000e+04
3.464688602400000000e+10 2.893900000000000000e+04
3.484576869600000000e+10 3.287900000000000000e+04
3.492563295200000000e+10 2.985800000000000000e+04
3.495134576800000000e+10 2.225400000000000000e+04
3.547826488800000000e+10 4.424200000000000000e+04
3.553102845600000000e+10 3.474500000000000000e+04
3.581827655200000000e+10 4.431000000000000000e+04
3.582449932000000000e+10 2.516800000000000000e+04
3.651403815200000000e+10 6.377600000000000000e+04
3.651408527200000000e+10 4.081000000000003638e+03
3.651415629600000000e+10 1.264600000000000364e+04
3.657182340000000000e+10 3.096900000000000000e+04
3.673573975200000000e+10 3.395700000000000728e+04
3.682773474400000000e+10 3.158700000000000000e+04
3.695677940000000000e+10 2.996000000000000000e+04
3.736442496800000000e+10 4.451300000000000000e+04
3.736447264800000000e+10 2.083999999999996362e+03
3.753542732000000000e+10 3.851900000000000000e+04
3.755007944800000000e+10 2.555200000000000000e+04
3.758249399200000000e+10 2.185800000000000000e+04
3.761094404000000000e+10 1.872500000000000000e+04
3.761848791200000000e+10 1.499200000000000000e+04
3.773077172000000000e+10 1.874700000000000000e+04
3.796320904800000000e+10 2.788299999999999272e+04
3.797006904800000000e+10 1.935800000000000000e+04
3.816133773600000000e+10 2.802700000000000000e+04
3.831648692000000000e+10 2.961000000000000000e+04
3.835819845600000000e+10 2.336500000000000000e+04
3.853810128800000000e+10 2.827400000000000000e+04
3.863974967200000000e+10 2.752300000000000000e+04
3.869003471200000000e+10 2.201600000000000000e+04
3.901716431200000000e+10 3.737800000000000000e+04
3.905920650400000000e+10 2.817300000000000000e+04
3.932419946400000000e+10 3.646300000000000000e+04
3.936560575200000000e+10 2.778400000000000000e+04
3.937287743200000000e+10 1.943100000000000728e+04
3.945713792800000000e+10 2.099200000000000000e+04
3.953536477600000000e+10 2.089700000000000000e+04
3.962092452000000000e+10 2.039600000000000000e+04
3.969577884000000000e+10 2.132100000000000728e+04
3.971422836000000000e+10 1.624800000000000364e+04
3.975174146400000000e+10 1.514399999999999636e+04
3.975646560800000000e+10 1.159299999999999272e+04
3.981410072800000000e+10 1.311199999999999272e+04
3.989869183200000000e+10 1.538999999999999272e+04
4.050599896800000000e+10 4.273900000000000000e+04
4.067767688800000000e+10 3.820600000000000000e+04
4.081155844000000000e+10 3.717100000000000000e+04
4.081163856800000000e+10 7.846000000000003638e+03
4.088254623200000000e+10 2.731500000000000000e+04
4.128633888800000000e+10 4.495900000000000000e+04
4.138224007200000000e+10 3.459099999999999272e+04
4.157674959200000000e+10 3.963300000000000000e+04
4.175298773600000000e+10 3.534899999999999272e+04
4.175304012000000000e+10 3.980000000000000000e+03
4.185263322400000000e+10 2.900600000000000000e+04
4.185275912800000000e+10 1.643899999999999272e+04
4.186089628000000000e+10 1.654800000000000000e+04
4.196180343200000000e+10 2.024900000000000000e+04
4.216776221600000000e+10 2.724300000000000000e+04
4.220576343200000000e+10 2.203300000000000000e+04
4.221286948000000000e+10 1.642500000000000364e+04
4.236014274400000000e+10 2.242000000000000000e+04
4.258716898400000000e+10 2.869400000000000000e+04
4.304573631200000000e+10 4.750800000000000000e+04
4.304591861600000000e+10 3.097799999999999272e+04
4.319702424800000000e+10 3.144000000000000728e+04
4.324706272800000000e+10 2.600800000000000000e+04
4.330630735200000000e+10 2.298800000000000000e+04
4.330639709600000000e+10 8.702000000000000000e+03
4.413609458400000000e+10 5.835700000000000000e+04
4.424034647200000000e+10 4.160300000000000000e+04
4.433344188000000000e+10 3.713800000000000000e+04
4.443042636000000000e+10 3.123300000000000728e+04
4.469058628000000000e+10 4.095800000000000000e+04
4.473162888800000000e+10 2.926700000000000000e+04
4.479924754400000000e+10 2.524700000000000000e+04
4.483620173600000000e+10 2.026300000000000000e+04
4.509994028000000000e+10 3.162600000000000000e+04
4.518074288800000000e+10 2.752200000000000000e+04
4.541173173600000000e+10 3.288100000000000000e+04
4.555697492000000000e+10 3.473700000000000000e+04
4.583541618400000000e+10 3.830000000000000000e+04
4.606529980000000000e+10 4.365900000000000000e+04
4.606537768800000000e+10 1.286500000000000000e+04
4.610154629600000000e+10 2.483200000000000000e+04
4.652585277600000000e+10 4.809500000000000000e+04
4.652595370400000000e+10 1.670100000000000728e+04
4.657831244000000000e+10 2.766199999999999272e+04
4.680502860000000000e+10 3.278400000000000000e+04
4.696443352800000000e+10 3.299100000000000000e+04
4.715269047200000000e+10 3.441000000000000000e+04
4.727449184800000000e+10 3.319299999999999272e+04
4.850802845600000000e+10 8.913699999999998545e+04
4.883031479200000000e+10 6.283300000000000000e+04
4.884799136800000000e+10 3.607600000000000000e+04
4.889469004000000000e+10 3.099900000000000000e+04
4.892500244000000000e+10 2.411100000000000000e+04
4.892509303200000000e+10 1.178200000000000000e+04
4.919883692000000000e+10 3.198299999999999272e+04
4.957578877600000000e+10 4.331200000000000000e+04
4.993454479200000000e+10 4.936200000000000000e+04
5.002985327200000000e+10 4.245000000000000000e+04
5.002992167200000000e+10 1.106099999999999636e+04
5.020662887200000000e+10 3.441500000000000000e+04
5.063123765600000000e+10 4.709600000000000000e+04
5.063128802400000000e+10 5.270999999999996362e+03
5.138991076000000000e+10 6.512300000000000000e+04
5.141273060000000000e+10 4.249700000000000000e+04
5.141828572000000000e+10 2.864000000000000000e+04
5.151186103200000000e+10 2.928000000000000000e+04
5.154544247200000000e+10 2.320600000000000000e+04
5.164174679200000000e+10 2.397700000000000000e+04
5.169100202400000000e+10 2.178000000000000000e+04
5.211810960800000000e+10 4.227200000000000000e+04
5.213328896800000000e+10 2.800700000000000000e+04
5.234879100000000000e+10 3.211100000000000000e+04
5.246487573600000000e+10 3.213300000000000000e+04
5.278393242400000000e+10 4.223300000000000000e+04
5.287240540000000000e+10 3.200100000000000000e+04
5.308223927200000000e+10 3.668600000000000000e+04
5.330178808800000000e+10 3.632800000000000000e+04
5.336154223200000000e+10 2.943000000000000000e+04
5.342966708000000000e+10 2.696400000000000000e+04
5.346811184800000000e+10 2.192100000000000000e+04
5.367396674400000000e+10 2.986000000000000000e+04
5.384576359200000000e+10 3.080700000000000000e+04
5.386841890400000000e+10 2.372900000000000000e+04
5.402026223200000000e+10 2.698500000000000000e+04
5.419397490400000000e+10 3.001100000000000000e+04
5.419407224800000000e+10 1.298499999999999636e+04
5.432479400800000000e+10 2.753200000000000000e+04
5.445640200800000000e+10 2.564100000000000000e+04
5.457008332000000000e+10 2.537599999999999272e+04
5.460320063200000000e+10 2.140000000000000000e+04
5.461626208800000000e+10 1.650499999999999272e+04
5.461634888800000000e+10 5.700000000000003638e+03
5.481954400800000000e+10 2.396400000000000000e+04
5.495244213600000000e+10 2.424000000000000000e+04
5.525338460000000000e+10 3.425400000000000000e+04
5.545384660000000000e+10 3.933700000000000000e+04
5.545401130400000000e+10 2.610800000000000000e+04
5.572549346400000000e+10 3.617299999999999272e+04
5.591743866400000000e+10 3.571399999999999272e+04
5.591756135200000000e+10 2.881999999999996362e+03
5.592711756000000000e+10 2.133700000000000000e+04
5.592723461600000000e+10 1.098400000000000364e+04
5.592915786400000000e+10 1.244600000000000364e+04
5.599618615200000000e+10 1.559599999999999636e+04
5.610682301600000000e+10 1.848200000000000000e+04
5.663374597600000000e+10 4.183300000000000000e+04
5.669463253600000000e+10 3.337200000000000728e+04
5.669468844000000000e+10 4.579000000000000000e+03
5.681985236000000000e+10 2.846500000000000000e+04
5.690424386400000000e+10 2.797700000000000000e+04
5.690446957600000000e+10 2.054299999999999272e+04
5.693413845600000000e+10 1.695199999999999272e+04
5.697546436000000000e+10 1.563800000000000000e+04
5.699261616800000000e+10 1.351799999999999272e+04
5.732910330400000000e+10 3.139700000000000728e+04
5.789063832800000000e+10 5.215600000000000000e+04
5.789087220000000000e+10 3.436400000000000000e+04
5.801245724000000000e+10 3.194200000000000000e+04
5.824188197600000000e+10 3.736000000000000000e+04
5.824195517600000000e+10 1.362699999999999272e+04
5.824202028000000000e+10 2.267000000000003638e+03
5.840080506400000000e+10 3.036500000000000000e+04
5.880697804000000000e+10 4.561600000000000000e+04
5.896136218400000000e+10 4.020200000000000000e+04
5.912432935200000000e+10 3.962500000000000000e+04
5.920505524000000000e+10 3.226500000000000000e+04
5.942602466400000000e+10 3.344600000000000000e+04
5.942609618400000000e+10 1.091200000000000728e+04
5.942620652000000000e+10 9.722999999999992724e+03
5.986716111200000000e+10 4.587100000000000000e+04
5.988218980000000000e+10 3.141100000000000000e+04
5.999868168800000000e+10 3.085800000000000000e+04
5.999876117600000000e+10 9.759000000000007276e+03
6.004204853600000000e+10 2.117300000000000000e+04
6.004217504800000000e+10 1.213699999999999636e+04
6.024461978400000000e+10 2.565100000000000000e+04
6.044185728800000000e+10 2.962899999999999272e+04
6.061040036000000000e+10 3.151000000000000000e+04
6.061394511200000000e+10 2.387800000000000728e+04
6.067064032800000000e+10 2.132400000000000000e+04
6.091380815200000000e+10 2.875900000000000728e+04
6.114960394400000000e+10 3.667300000000000000e+04
6.132734242400000000e+10 3.442100000000000000e+04
6.132742842400000000e+10 1.326799999999999636e+04
6.146028410400000000e+10 2.951299999999999272e+04
6.150160530400000000e+10 2.384000000000000000e+04
6.152744058400000000e+10 1.903200000000000728e+04
6.172459063200000000e+10 2.633699999999999272e+04
6.205779941600000000e+10 3.814500000000000000e+04
6.232194866400000000e+10 4.244100000000000000e+04
6.234489991200000000e+10 2.984700000000000000e+04
6.259384052000000000e+10 3.553700000000000000e+04
6.295181685600000000e+10 4.753000000000000000e+04
6.326226896800000000e+10 4.647500000000000000e+04
6.331131741600000000e+10 3.790000000000000000e+04
6.337859568800000000e+10 2.848100000000000000e+04
6.354699016800000000e+10 3.439600000000000000e+04
6.358090940000000000e+10 2.566500000000000000e+04
6.370950623200000000e+10 2.522300000000000000e+04
6.388344301600000000e+10 2.915900000000000000e+04
6.389701804000000000e+10 2.204000000000000000e+04
6.410631204000000000e+10 2.920000000000000000e+04
6.410637538400000000e+10 7.077999999999996362e+03
6.415238415200000000e+10 2.207700000000000000e+04
6.444165943200000000e+10 3.488400000000000000e+04
6.481680786400000000e+10 4.823100000000000000e+04
6.482275292000000000e+10 2.711400000000000000e+04
6.482896935200000000e+10 2.136500000000000000e+04
6.482916560800000000e+10 1.431200000000000000e+04
6.504342344800000000e+10 2.697800000000000000e+04
6.514645564000000000e+10 2.576500000000000728e+04
6.556850032800000000e+10 4.701100000000000000e+04
6.570520583200000000e+10 3.688700000000000000e+04
6.570525700000000000e+10 3.383999999999996362e+03
6.572598149600000000e+10 2.441000000000000000e+04
6.618889501600000000e+10 4.789100000000000000e+04
6.622837117600000000e+10 3.300100000000000000e+04
6.632007583200000000e+10 2.856499999999999272e+04
6.661888776800000000e+10 3.872900000000000000e+04
6.669113623200000000e+10 2.914200000000000000e+04
6.669122112800000000e+10 1.263499999999999272e+04
6.673324116000000000e+10 2.195600000000000000e+04
6.697791757600000000e+10 3.015100000000000000e+04
6.699108522400000000e+10 2.427300000000000000e+04
6.701763132000000000e+10 1.892100000000000000e+04
6.703904468000000000e+10 1.587499999999999636e+04
6.751374552800000000e+10 3.784800000000000000e+04
6.751381874400000000e+10 1.188900000000000000e+04
6.810418917600000000e+10 5.518200000000000000e+04
6.810427564000000000e+10 1.992499999999999272e+04
6.822887357600000000e+10 3.656600000000000000e+04
6.822893495200000000e+10 7.691000000000007276e+03
6.841005815200000000e+10 3.371200000000000000e+04
6.863529829600000000e+10 3.770000000000000000e+04
6.874411544800000000e+10 3.480800000000000000e+04
6.884076567200000000e+10 2.890700000000000000e+04
6.885676373600000000e+10 2.304500000000000000e+04
6.886073325600000000e+10 1.696299999999999272e+04
6.902016248800000000e+10 2.282200000000000000e+04
6.902402018400000000e+10 1.665500000000000728e+04
6.903911906400000000e+10 1.453900000000000000e+04
6.923361167200000000e+10 2.252300000000000000e+04
6.964458567200000000e+10 4.116900000000000000e+04
6.985582960800000000e+10 3.982800000000000000e+04
6.999970936800000000e+10 3.781100000000000000e+04
7.020045820000000000e+10 3.603900000000000000e+04
7.061535749600000000e+10 5.045000000000000000e+04
7.075003872800000000e+10 4.002900000000000000e+04
7.075004365600000000e+10 7.472000000000007276e+03
7.075022255200000000e+10 2.946600000000000000e+04
7.096502823200000000e+10 3.458500000000000000e+04
7.096510906400000000e+10 1.280600000000000728e+04
7.097637436000000000e+10 1.961700000000000000e+04
7.099932844000000000e+10 1.744000000000000728e+04
7.112568236000000000e+10 2.120700000000000000e+04
7.117110463200000000e+10 1.950600000000000000e+04
7.179490709600000000e+10 4.672000000000000000e+04
7.193871400800000000e+10 4.147300000000000000e+04
7.206983183200000000e+10 3.906600000000000000e+04
7.213478141600000000e+10 2.987300000000000000e+04
7.261856111200000000e+10 4.790500000000000000e+04
7.262187738400000000e+10 3.360900000000000000e+04
7.283045229600000000e+10 3.468700000000000000e+04
7.285707048800000000e+10 2.617399999999999272e+04
7.285718973600000000e+10 1.126000000000000364e+04
7.293952893600000000e+10 2.143400000000000000e+04
7.299619996000000000e+10 2.037100000000000000e+04
7.305918264800000000e+10 1.836400000000000000e+04
7.305924679200000000e+10 2.693999999999992724e+03
7.308835301600000000e+10 1.517400000000000364e+04
7.325627216800000000e+10 2.132400000000000000e+04
7.334207973600000000e+10 2.107300000000000000e+04
7.341718103200000000e+10 2.032200000000000000e+04
7.395682004000000000e+10 4.980400000000000000e+04
7.395689152800000000e+10 1.452999999999999636e+04
7.426192663200000000e+10 4.115500000000000000e+04
7.432395530400000000e+10 3.522800000000000000e+04
7.456430820000000000e+10 3.696000000000000000e+04
7.471650117600000000e+10 3.666900000000000000e+04
7.484274540000000000e+10 3.515000000000000728e+04
7.486913936800000000e+10 2.439200000000000000e+04
7.555901447200000000e+10 5.600800000000000000e+04
7.557130808800000000e+10 3.619000000000000728e+04
7.560528458400000000e+10 2.743899999999999272e+04
7.583987325600000000e+10 3.589999999999999272e+04
7.585961276000000000e+10 2.594300000000000000e+04
7.602004901600000000e+10 2.967900000000000000e+04
7.637312672800000000e+10 4.152200000000000000e+04
7.677641151200000000e+10 5.509100000000000000e+04
7.696382605600000000e+10 4.341800000000000000e+04
7.696388093600000000e+10 6.320000000000007276e+03
7.699559968800000000e+10 2.865600000000000728e+04
7.706207103200000000e+10 2.607200000000000000e+04
7.733079802400000000e+10 3.419500000000000000e+04
7.741621655200000000e+10 3.072500000000000728e+04
7.751801183200000000e+10 2.772100000000000000e+04
7.751806684000000000e+10 2.870000000000003638e+03
7.777267416800000000e+10 3.438200000000000000e+04
7.780789607200000000e+10 2.591200000000000000e+04
7.785999077600000000e+10 2.240000000000000000e+04
7.814974535200000000e+10 3.639400000000000000e+04
7.824101596000000000e+10 2.994000000000000000e+04
7.855139828000000000e+10 4.117300000000000000e+04
7.863044332000000000e+10 3.172000000000000000e+04
7.863054508000000000e+10 1.587399999999999272e+04
7.863061290400000000e+10 2.497000000000003638e+03
7.881216672800000000e+10 2.707700000000000728e+04
7.908147068000000000e+10 3.867000000000000000e+04
7.925244498400000000e+10 3.594400000000000000e+04
7.942503076000000000e+10 3.744300000000000000e+04
7.947657378400000000e+10 2.869799999999999272e+04
8.008266714400000000e+10 5.416300000000000000e+04
8.008276946400000000e+10 4.513000000000003638e+03
8.008341007200000000e+10 2.476300000000000000e+04
8.013710522400000000e+10 2.508000000000000000e+04
8.022114458400000000e+10 2.487600000000000000e+04
8.053617572000000000e+10 3.646900000000000000e+04
8.055521464800000000e+10 2.471000000000000000e+04
8.082481786400000000e+10 3.679800000000000000e+04
8.101921682400000000e+10 3.646300000000000000e+04
8.117660447200000000e+10 3.508700000000000000e+04
8.120656727200000000e+10 2.610100000000000000e+04
8.128721890400000000e+10 2.633000000000000000e+04
8.152371858400000000e+10 3.277600000000000000e+04
8.152400052000000000e+10 2.401700000000000000e+04
8.161378767200000000e+10 2.321600000000000000e+04
8.175793183200000000e+10 2.622500000000000000e+04
8.181142140000000000e+10 2.240800000000000000e+04
8.200090007200000000e+10 2.805400000000000000e+04
8.246785776800000000e+10 4.663100000000000000e+04
8.246798224800000000e+10 2.432200000000000000e+04
8.253922346400000000e+10 2.802500000000000728e+04
8.278202823200000000e+10 3.357200000000000728e+04
8.284281303200000000e+10 2.829399999999999272e+04
8.287049855200000000e+10 2.292800000000000000e+04
8.316365829600000000e+10 3.426300000000000728e+04
8.335499319200000000e+10 3.644000000000000000e+04
8.341839413600000000e+10 2.932500000000000728e+04
8.376589386400000000e+10 4.191500000000000000e+04
8.389737605600000000e+10 3.570800000000000000e+04
8.390724077600000000e+10 2.408900000000000000e+04
8.411107813600000000e+10 3.142200000000000000e+04
8.422426399200000000e+10 2.923800000000000000e+04
8.429230832800000000e+10 2.566200000000000000e+04
8.443067920800000000e+10 2.842900000000000000e+04
8.443074234400000000e+10 5.545999999999996362e+03
8.460179786400000000e+10 2.879600000000000000e+04
8.465899354400000000e+10 2.413700000000000000e+04
8.495833666400000000e+10 3.358099999999999272e+04
8.580016640800000000e+10 6.752000000000000000e+04
8.581002274400000000e+10 3.682900000000000000e+04
8.595919621600000000e+10 3.778000000000000000e+04
8.615359658400000000e+10 3.677700000000000000e+04
8.616216754400000000e+10 2.576300000000000000e+04
8.616225221600000000e+10 9.726999999999992724e+03
8.619403192800000000e+10 1.936300000000000000e+04
8.629026276000000000e+10 2.160500000000000000e+04
8.630779370400000000e+10 1.634699999999999636e+04
8.632805980000000000e+10 1.453699999999999272e+04
8.644599340000000000e+10 1.801200000000000000e+04
8.644605410400000000e+10 2.745999999999992724e+03
8.647593008800000000e+10 1.489400000000000000e+04
8.648292583200000000e+10 1.172800000000000728e+04
8.684146898400000000e+10 2.931200000000000000e+04
8.695814501600000000e+10 2.832500000000000000e+04
8.723244893600000000e+10 3.608300000000000728e+04
8.736478623200000000e+10 3.218600000000000000e+04
8.736485650400000000e+10 9.090999999999996362e+03
8.770636071200000000e+10 4.053100000000000000e+04
8.802736050400000000e+10 4.510500000000000000e+04
8.802744509600000000e+10 1.704599999999999272e+04
8.802769704800000000e+10 1.814700000000000000e+04
8.807597952800000000e+10 2.347300000000000000e+04
8.843876429600000000e+10 4.066100000000000000e+04
8.844866164000000000e+10 2.455200000000000000e+04
8.847878567200000000e+10 2.168000000000000000e+04
8.867232143200000000e+10 2.861099999999999272e+04
8.867238658400000000e+10 6.593000000000007276e+03
8.878314380000000000e+10 2.550300000000000000e+04
8.884624335200000000e+10 2.239800000000000000e+04
8.885488484000000000e+10 1.723099999999999636e+04
8.889662756000000000e+10 1.626799999999999636e+04
8.898796680800000000e+10 1.851600000000000000e+04
8.900604076000000000e+10 1.496700000000000000e+04
8.900613463200000000e+10 6.091999999999992724e+03
8.901234260000000000e+10 1.027299999999999272e+04
8.933493719200000000e+10 2.785200000000000000e+04
8.945062196000000000e+10 2.541899999999999272e+04
8.945071575200000000e+10 1.049100000000000000e+04
8.966263154400000000e+10 2.800700000000000000e+04
8.966281364000000000e+10 1.902600000000000000e+04
8.990140404000000000e+10 3.021200000000000728e+04
8.993558332000000000e+10 2.512100000000000000e+04
