# Timestamps in ns,Energies
3.339720560000000000e+08 6.157700000000000000e+04
4.636772400000000000e+08 4.347700000000000000e+04
4.637310800000000000e+08 5.965000000000000000e+03
8.817803280000000000e+08 4.961300000000000000e+04
9.082986000000000000e+08 3.267800000000000000e+04
1.072448632000000000e+09 3.376699999999999272e+04
2.401952616000000000e+09 7.601700000000000000e+04
2.629963624000000000e+09 5.466500000000000000e+04
3.312320872000000000e+09 6.642600000000000000e+04
3.651771992000000000e+09 5.450000000000000000e+04
3.835003592000000000e+09 5.219800000000000000e+04
4.727410552000000000e+09 6.801600000000000000e+04
5.383331000000000000e+09 6.664900000000000000e+04
5.555232088000000000e+09 5.060300000000000000e+04
5.555345832000000000e+09 2.633600000000000000e+04
5.555441352000000000e+09 1.419000000000000728e+04
5.559968504000000000e+09 2.084100000000000000e+04
6.103664760000000000e+09 4.787200000000000000e+04
6.854113288000000000e+09 6.671200000000000000e+04
6.856986216000000000e+09 3.711000000000000000e+04
6.899476488000000000e+09 3.321600000000000000e+04
6.919582136000000000e+09 2.488100000000000000e+04
6.919640216000000000e+09 3.189000000000007276e+03
7.491831400000000000e+09 4.783200000000000000e+04
7.568641208000000000e+09 4.027900000000000000e+04
7.671830744000000000e+09 3.422100000000000728e+04
7.849755224000000000e+09 3.281200000000000728e+04
8.095179512000000000e+09 3.838600000000000000e+04
8.280833144000000000e+09 3.542300000000000728e+04
8.412820280000000000e+09 3.264200000000000000e+04
8.566613880000000000e+09 3.444800000000000000e+04
8.803006280000000000e+09 3.628100000000000728e+04
9.040737944000000000e+09 3.903400000000000000e+04
9.693716792000000000e+09 6.247800000000000000e+04
9.749940696000000000e+09 3.933400000000000000e+04
9.839556344000000000e+09 3.480800000000000728e+04
9.991477800000000000e+09 3.472499999999999272e+04
1.024159420000000000e+10 3.742400000000000000e+04
1.084185583200000000e+10 5.297700000000000000e+04
1.090914548000000000e+10 4.251700000000000000e+04
1.090937186400000000e+10 2.811700000000000728e+04
1.104515186400000000e+10 2.996500000000000000e+04
1.131573767200000000e+10 3.531200000000000728e+04
1.131579178400000000e+10 5.529000000000007276e+03
1.181931084000000000e+10 4.967800000000000000e+04
1.231873653600000000e+10 5.504200000000000000e+04
1.231879231200000000e+10 1.089499999999999636e+04
1.269347984800000000e+10 5.115200000000000000e+04
1.290970866400000000e+10 4.941800000000000000e+04
1.293958053600000000e+10 3.243200000000000000e+04
1.299159088800000000e+10 2.691100000000000000e+04
1.396348594400000000e+10 6.202600000000000000e+04
1.469246645600000000e+10 6.689300000000000000e+04
1.474088498400000000e+10 4.744000000000000000e+04
1.474093575200000000e+10 5.744999999999996362e+03
1.515934288800000000e+10 4.970000000000000000e+04
1.573087221600000000e+10 5.981800000000000000e+04
1.664735082400000000e+10 7.325700000000000000e+04
1.683238426400000000e+10 5.629300000000000000e+04
1.737413525600000000e+10 6.040000000000000000e+04
1.774404804000000000e+10 6.126400000000000000e+04
1.864901908000000000e+10 7.267300000000000000e+04
1.864910621600000000e+10 2.742800000000000000e+04
1.869293058400000000e+10 3.879000000000000000e+04
1.946382248800000000e+10 6.672000000000000000e+04
2.031365493600000000e+10 7.103500000000000000e+04
2.072980480800000000e+10 6.701800000000000000e+04
2.180442268000000000e+10 7.520000000000000000e+04
2.208233356000000000e+10 6.119900000000000000e+04
2.208248181600000000e+10 3.191600000000000728e+04
2.218192412000000000e+10 3.386600000000000000e+04
2.218199312800000000e+10 9.570000000000003638e+03
2.244637629600000000e+10 4.157300000000000000e+04
2.250365053600000000e+10 2.947800000000000000e+04
2.250374556000000000e+10 1.236600000000000728e+04
2.250381994400000000e+10 3.237000000000000000e+03
2.311965565600000000e+10 5.161300000000000000e+04
2.341932988000000000e+10 5.240100000000000000e+04
2.365525714400000000e+10 4.695200000000000000e+04
2.421100738400000000e+10 5.948800000000000000e+04
2.489178127200000000e+10 6.775300000000000000e+04
2.489182904800000000e+10 7.091000000000007276e+03
2.524228208800000000e+10 5.372100000000000000e+04
2.524246130400000000e+10 3.520100000000000728e+04
2.524254924000000000e+10 1.178300000000000364e+04
2.530859245600000000e+10 2.801400000000000000e+04
2.591947116000000000e+10 5.336000000000000000e+04
2.621352717600000000e+10 5.140000000000000000e+04
2.629892948000000000e+10 3.740800000000000000e+04
2.629898578400000000e+10 6.833999999999996362e+03
2.673810124000000000e+10 4.718500000000000000e+04
2.697497285600000000e+10 4.255200000000000000e+04
2.726462394400000000e+10 4.755500000000000000e+04
2.830392484000000000e+10 7.536000000000000000e+04
2.891854639200000000e+10 6.698200000000000000e+04
2.896783090400000000e+10 4.613000000000000000e+04
3.015924951200000000e+10 7.704900000000000000e+04
3.084644615200000000e+10 7.382700000000000000e+04
3.099742856800000000e+10 5.554400000000000000e+04
3.099748944800000000e+10 1.266799999999999272e+04
3.143810488800000000e+10 5.005300000000000000e+04
3.149390836000000000e+10 4.308400000000000000e+04
3.188221975200000000e+10 4.606400000000000000e+04
3.204608799200000000e+10 4.743000000000000000e+04
3.210526066400000000e+10 3.641500000000000000e+04
3.210540845600000000e+10 1.971199999999999272e+04
3.221314333600000000e+10 2.585600000000000728e+04
3.235330669600000000e+10 2.829800000000000000e+04
3.260086220000000000e+10 3.313800000000000000e+04
3.364736472800000000e+10 7.674700000000000000e+04
3.367547266400000000e+10 4.133700000000000000e+04
3.437389360800000000e+10 7.266100000000000000e+04
3.474547916000000000e+10 6.414400000000000000e+04
3.474553605600000000e+10 1.048200000000000728e+04
3.497370871200000000e+10 4.544700000000000000e+04
3.538770642400000000e+10 5.380600000000000000e+04
3.538788586400000000e+10 3.339700000000000000e+04
3.659017735200000000e+10 7.988900000000000000e+04
3.734930728800000000e+10 7.183800000000000000e+04
3.773913652000000000e+10 6.387200000000000000e+04
3.779718495200000000e+10 4.291500000000000000e+04
3.779727719200000000e+10 1.639399999999999636e+04
3.786774469600000000e+10 2.883200000000000000e+04
3.819287104800000000e+10 4.061600000000000000e+04
3.849750692000000000e+10 4.576100000000000000e+04
3.894981666400000000e+10 5.855900000000000000e+04
3.905265279200000000e+10 3.860100000000000000e+04
3.905274605600000000e+10 1.614599999999999272e+04
3.971297322400000000e+10 5.469100000000000000e+04
4.000166312800000000e+10 5.227800000000000000e+04
4.028503813600000000e+10 4.936900000000000000e+04
4.048431540000000000e+10 4.684700000000000000e+04
4.093594695200000000e+10 5.701000000000000000e+04
4.164814924000000000e+10 6.535200000000000000e+04
4.197683085600000000e+10 5.451600000000000000e+04
4.216735792800000000e+10 4.698400000000000000e+04
4.273717690400000000e+10 5.784000000000000000e+04
4.290801983200000000e+10 4.912000000000000000e+04
4.294798904800000000e+10 3.348699999999999272e+04
4.325352495200000000e+10 4.180300000000000000e+04
4.339159260000000000e+10 3.512100000000000000e+04
4.339164602400000000e+10 5.233999999999992724e+03
4.340535684000000000e+10 2.408000000000000000e+04
4.347243810400000000e+10 2.336800000000000000e+04
4.515337215200000000e+10 9.544900000000001455e+04
4.515349277600000000e+10 1.347700000000000728e+04
4.525267071200000000e+10 4.342300000000000000e+04
4.525291708000000000e+10 3.332100000000000000e+04
4.534422429600000000e+10 2.820000000000000728e+04
4.552691696800000000e+10 3.128500000000000000e+04
4.667827904800000000e+10 7.806900000000000000e+04
4.667832516000000000e+10 5.794000000000007276e+03
4.667842104800000000e+10 1.967100000000000728e+04
4.728162957600000000e+10 6.289000000000000000e+04
4.755219386400000000e+10 5.008900000000000000e+04
4.783819471200000000e+10 4.957700000000000000e+04
4.819678231200000000e+10 5.285000000000000000e+04
4.840599720800000000e+10 4.379300000000000000e+04
4.893557189600000000e+10 5.710400000000000000e+04
4.903526762400000000e+10 4.200000000000000000e+04
4.953342224800000000e+10 6.428800000000000000e+04
4.984125509600000000e+10 4.984100000000000000e+04
4.987312301600000000e+10 3.407500000000000000e+04
4.997866708000000000e+10 3.307200000000000728e+04
4.997873159200000000e+10 7.489000000000007276e+03
5.035379488800000000e+10 4.252100000000000000e+04
5.048707527200000000e+10 3.625600000000000728e+04
5.050347026400000000e+10 2.755300000000000000e+04
5.114784909600000000e+10 5.276100000000000000e+04
5.135765644000000000e+10 4.640900000000000000e+04
5.142213773600000000e+10 3.422900000000000000e+04
5.145051784800000000e+10 2.883600000000000000e+04
5.304327661600000000e+10 7.834500000000000000e+04
5.304332984800000000e+10 1.389500000000000728e+04
5.383674706400000000e+10 8.272000000000000000e+04
5.415847271200000000e+10 5.708600000000000000e+04
5.430994727200000000e+10 4.621500000000000000e+04
5.454927125600000000e+10 4.429000000000000000e+04
5.459499122400000000e+10 3.197100000000000000e+04
5.473034260000000000e+10 3.198200000000000000e+04
5.487442108000000000e+10 3.165600000000000000e+04
5.502341178400000000e+10 3.054500000000000000e+04
5.531064520800000000e+10 3.743500000000000000e+04
5.548874080800000000e+10 3.577700000000000000e+04
5.559604128800000000e+10 3.214600000000000000e+04
5.574409722400000000e+10 3.435500000000000000e+04
5.592446703200000000e+10 3.430000000000000000e+04
5.600976269600000000e+10 3.001900000000000000e+04
5.613224994400000000e+10 2.866700000000000000e+04
5.643067733600000000e+10 3.780700000000000000e+04
5.650454141600000000e+10 3.149000000000000728e+04
5.655795415200000000e+10 2.375200000000000000e+04
5.690105501600000000e+10 3.732200000000000000e+04
5.699972304800000000e+10 3.330000000000000000e+04
5.707171130400000000e+10 2.822399999999999272e+04
5.722771909600000000e+10 2.942300000000000000e+04
5.748520340000000000e+10 3.542399999999999272e+04
5.831788757600000000e+10 6.868400000000000000e+04
5.933704888800000000e+10 7.480800000000000000e+04
6.000637144800000000e+10 8.054700000000000000e+04
6.007931010400000000e+10 4.664000000000000000e+04
6.016189421600000000e+10 3.924600000000000000e+04
6.086825948000000000e+10 6.479400000000000000e+04
6.109101725600000000e+10 4.794500000000000000e+04
6.210172088800000000e+10 7.665800000000000000e+04
6.213229183200000000e+10 4.309900000000000000e+04
6.213233866400000000e+10 2.571000000000003638e+03
6.314006709600000000e+10 7.241700000000000000e+04
6.314011789600000000e+10 9.499999999999992724e+03
6.316160658400000000e+10 3.684500000000000000e+04
6.354176349600000000e+10 5.616000000000000000e+04
6.376566508000000000e+10 4.263800000000000000e+04
6.376577863200000000e+10 5.782000000000007276e+03
6.430973031200000000e+10 5.488900000000000000e+04
6.430979743200000000e+10 1.398099999999999272e+04
6.436335436000000000e+10 3.604700000000000000e+04
6.453194071200000000e+10 3.357699999999999272e+04
6.464054972000000000e+10 3.064100000000000000e+04
6.540856610400000000e+10 5.739300000000000000e+04
6.554491781600000000e+10 4.433700000000000000e+04
6.554499288800000000e+10 1.480700000000000000e+04
6.579565064800000000e+10 4.125700000000000000e+04
6.596514077600000000e+10 3.928900000000000000e+04
6.607913898400000000e+10 3.534300000000000000e+04
6.690597333600000000e+10 7.594900000000000000e+04
6.724323252000000000e+10 6.022500000000000000e+04
6.776754312800000000e+10 6.143200000000000000e+04
6.808496232800000000e+10 5.711200000000000000e+04
6.830636548000000000e+10 4.789600000000000000e+04
6.882681455200000000e+10 5.580900000000000000e+04
6.890182890400000000e+10 4.604100000000000000e+04
6.895028317600000000e+10 3.226000000000000000e+04
6.910746711200000000e+10 3.342299999999999272e+04
6.910769421600000000e+10 2.481600000000000000e+04
6.913354762400000000e+10 1.966900000000000000e+04
6.913367220000000000e+10 1.058200000000000000e+04
6.923247679200000000e+10 1.854400000000000000e+04
7.060202776800000000e+10 7.214500000000000000e+04
7.060214767200000000e+10 3.687700000000000000e+04
7.061218412000000000e+10 3.208999999999999272e+04
7.120615362400000000e+10 5.478400000000000000e+04
7.138678421600000000e+10 4.475400000000000000e+04
7.200490263200000000e+10 6.247200000000000000e+04
7.233433487200000000e+10 5.304000000000000000e+04
7.269283311200000000e+10 5.200100000000000000e+04
7.269288095200000000e+10 5.505999999999992724e+03
7.289627357600000000e+10 4.391400000000000000e+04
7.316333464800000000e+10 4.499400000000000000e+04
7.317769090400000000e+10 3.063300000000000000e+04
7.356380661600000000e+10 4.755500000000000000e+04
7.365364176800000000e+10 3.619499999999999272e+04
7.383891208800000000e+10 3.572099999999999272e+04
7.383913666400000000e+10 2.664500000000000728e+04
7.433553664800000000e+10 4.628000000000000000e+04
7.451951240800000000e+10 3.923500000000000000e+04
7.476071240800000000e+10 4.048000000000000000e+04
7.554799936800000000e+10 6.281000000000000000e+04
7.554807760800000000e+10 2.041300000000000000e+04
7.573915018400000000e+10 4.229400000000000000e+04
7.610484932000000000e+10 5.052000000000000000e+04
7.644496192800000000e+10 4.804000000000000000e+04
7.741915772000000000e+10 7.768700000000000000e+04
7.815336434400000000e+10 7.438700000000000000e+04
7.827024335200000000e+10 5.275100000000000000e+04
7.848885752800000000e+10 4.401500000000000000e+04
7.876971634400000000e+10 4.811800000000000000e+04
7.946088927200000000e+10 6.146100000000000000e+04
7.968726116000000000e+10 5.155200000000000000e+04
8.016409256800000000e+10 5.758800000000000000e+04
8.033742312800000000e+10 4.527100000000000000e+04
8.034502965600000000e+10 3.372900000000000000e+04
8.039549087200000000e+10 2.827300000000000728e+04
8.076016530400000000e+10 3.904100000000000000e+04
8.187733956000000000e+10 7.174600000000000000e+04
8.193452768800000000e+10 4.992800000000000000e+04
8.215874464800000000e+10 4.357000000000000000e+04
8.215884055200000000e+10 2.303200000000000000e+04
8.258943919200000000e+10 5.241000000000000000e+04
8.280453023200000000e+10 4.678300000000000000e+04
8.288944789600000000e+10 3.507000000000000000e+04
8.323989031200000000e+10 4.351200000000000000e+04
8.324479159200000000e+10 2.985600000000000000e+04
8.335741360800000000e+10 3.080700000000000000e+04
8.344501725600000000e+10 2.630900000000000000e+04
8.354353016800000000e+10 2.640000000000000728e+04
8.428520178400000000e+10 5.700600000000000000e+04
8.464321845600000000e+10 5.065800000000000000e+04
8.502197805600000000e+10 5.741300000000000000e+04
8.567074740000000000e+10 6.482600000000000000e+04
8.567083202400000000e+10 2.444500000000000000e+04
8.690510725600000000e+10 8.144400000000000000e+04
8.695314880800000000e+10 4.706500000000000000e+04
8.732044042400000000e+10 4.931800000000000000e+04
8.883961082400000000e+10 8.948900000000000000e+04
8.921346290400000000e+10 6.757400000000000000e+04
8.942779895200000000e+10 5.360900000000000000e+04
8.947698530400000000e+10 3.722900000000000000e+04
8.978717856800000000e+10 4.693400000000000000e+04
