# Timestamps in ns,Energies
1.219251280000000000e+08 7.318799999999998545e+04
6.336993360000000000e+08 7.169300000000000000e+04
1.014605400000000000e+09 6.863400000000000000e+04
1.014693416000000000e+09 2.110700000000000000e+04
3.007938232000000000e+09 9.568100000000000000e+04
3.181304200000000000e+09 6.371100000000000000e+04
3.181350312000000000e+09 3.583999999999992724e+03
3.292556744000000000e+09 4.216600000000000000e+04
3.698628440000000000e+09 5.214900000000000000e+04
4.753021976000000000e+09 8.781500000000000000e+04
4.950874360000000000e+09 5.741000000000000000e+04
5.386472536000000000e+09 5.990200000000000000e+04
5.747660696000000000e+09 5.851700000000000000e+04
6.489651080000000000e+09 7.184100000000000000e+04
6.489767176000000000e+09 1.999400000000000000e+04
8.515940504000000000e+09 1.106159999999999854e+05
9.414646920000000000e+09 8.401700000000000000e+04
9.414724184000000000e+09 3.195399999999999272e+04
9.414876776000000000e+09 2.570200000000000728e+04
1.118014709600000000e+10 9.788800000000000000e+04
1.172353071200000000e+10 7.827300000000000000e+04
1.214666612000000000e+10 6.734700000000000000e+04
1.225563279200000000e+10 4.606700000000000000e+04
1.240421098400000000e+10 4.382300000000000000e+04
1.240431028000000000e+10 2.166800000000000000e+04
1.598424114400000000e+10 1.045719999999999854e+05
1.644914748000000000e+10 9.011500000000001455e+04
1.644915336800000000e+10 5.223999999999996362e+03
1.644924367200000000e+10 2.735800000000000000e+04
1.675852546400000000e+10 5.472700000000000000e+04
1.710896637600000000e+10 5.289800000000000000e+04
1.724073874400000000e+10 4.166600000000000000e+04
1.737156288800000000e+10 3.675900000000000000e+04
1.787876317600000000e+10 5.689300000000000000e+04
1.986759592800000000e+10 9.800400000000000000e+04
1.986765095200000000e+10 1.708500000000000728e+04
2.075401140000000000e+10 8.472900000000000000e+04
2.075415101600000000e+10 3.780500000000000000e+04
2.122279725600000000e+10 5.767400000000000000e+04
2.122284356000000000e+10 3.023999999999996362e+03
2.145659712800000000e+10 5.121600000000000000e+04
2.145665506400000000e+10 8.750000000000000000e+03
2.293031002400000000e+10 9.099300000000000000e+04
2.401852962400000000e+10 9.200800000000000000e+04
2.457074319200000000e+10 8.166400000000000000e+04
2.457086415200000000e+10 3.996200000000000000e+04
2.551955517600000000e+10 7.524800000000000000e+04
2.551960178400000000e+10 5.885999999999992724e+03
2.575901389600000000e+10 5.562400000000000000e+04
2.662914871200000000e+10 7.936300000000000000e+04
2.662919823200000000e+10 9.004000000000007276e+03
2.690010588000000000e+10 5.421700000000000000e+04
2.755094994400000000e+10 7.489600000000000000e+04
2.881084730400000000e+10 9.056900000000000000e+04
2.907861208800000000e+10 6.499200000000000000e+04
2.989482015200000000e+10 7.356200000000000000e+04
3.059735196000000000e+10 7.584900000000000000e+04
3.065685908000000000e+10 4.371100000000000000e+04
3.094743984800000000e+10 4.846800000000000000e+04
3.125976172000000000e+10 4.932200000000000000e+04
3.157554276000000000e+10 5.094700000000000000e+04
3.251929568800000000e+10 7.591300000000000000e+04
3.355408541600000000e+10 8.832000000000000000e+04
3.410401596000000000e+10 7.584100000000000000e+04
3.410421800800000000e+10 3.287200000000000728e+04
3.508706807200000000e+10 7.601100000000000000e+04
3.508713464800000000e+10 2.314999999999996362e+03
3.508713976800000000e+10 3.241000000000000000e+03
3.538742178400000000e+10 5.894700000000000000e+04
3.578012981600000000e+10 5.583300000000000000e+04
3.584361794400000000e+10 3.884100000000000000e+04
3.623182298400000000e+10 4.921600000000000000e+04
3.641828248800000000e+10 4.512200000000000000e+04
3.658273184800000000e+10 3.877500000000000000e+04
3.658281336800000000e+10 8.300999999999996362e+03
3.687882341600000000e+10 4.105700000000000000e+04
3.696652405600000000e+10 3.587200000000000000e+04
3.757094279200000000e+10 6.310500000000000000e+04
3.887008039200000000e+10 8.753000000000000000e+04
3.936749631200000000e+10 7.476999999999998545e+04
3.980963447200000000e+10 6.467300000000000000e+04
4.044042290400000000e+10 6.992800000000000000e+04
4.044046717600000000e+10 1.924000000000000000e+03
4.067805991200000000e+10 5.720500000000000000e+04
4.127165492000000000e+10 7.604000000000000000e+04
4.127179712800000000e+10 3.326700000000000728e+04
4.162617301600000000e+10 4.846400000000000000e+04
4.363046028000000000e+10 9.979300000000000000e+04
4.577120701600000000e+10 1.049840000000000000e+05
4.638099744800000000e+10 7.879900000000000000e+04
4.738641888800000000e+10 9.434700000000000000e+04
4.856317288800000000e+10 9.030500000000000000e+04
4.885291018400000000e+10 6.630600000000000000e+04
4.892419271200000000e+10 3.950500000000000000e+04
4.916954760800000000e+10 4.455900000000000000e+04
5.008377890400000000e+10 8.113599999999998545e+04
5.016455973600000000e+10 5.124900000000000000e+04
5.016466012000000000e+10 2.244799999999999272e+04
5.187345959200000000e+10 9.088100000000000000e+04
5.193116524000000000e+10 5.971900000000000000e+04
5.202185221600000000e+10 4.093800000000000000e+04
5.235073946400000000e+10 4.566700000000000000e+04
5.285527272800000000e+10 6.272000000000000000e+04
5.360532562400000000e+10 7.520000000000000000e+04
5.371709418400000000e+10 5.292800000000000000e+04
5.613005818400000000e+10 1.087760000000000000e+05
5.613010677600000000e+10 9.583000000000007276e+03
5.613019234400000000e+10 2.515000000000000000e+04
5.613024756000000000e+10 1.291000000000000000e+03
5.636656557600000000e+10 5.078000000000000000e+04
5.862814773600000000e+10 9.919500000000000000e+04
5.862823076000000000e+10 3.131500000000000000e+04
5.868500263200000000e+10 4.351300000000000000e+04
6.000211775200000000e+10 9.245000000000000000e+04
6.179955063200000000e+10 9.696800000000000000e+04
6.179955728800000000e+10 4.760999999999992724e+03
6.182708215200000000e+10 5.427600000000000000e+04
6.192292463200000000e+10 4.278300000000000000e+04
6.368813392800000000e+10 1.063130000000000000e+05
6.499990866400000000e+10 9.649000000000000000e+04
6.562498277600000000e+10 7.634600000000000000e+04
6.588850381600000000e+10 5.818600000000000000e+04
6.621990616800000000e+10 5.471700000000000000e+04
6.622442018400000000e+10 3.389500000000000000e+04
6.622456559200000000e+10 1.263000000000000364e+04
6.646381040800000000e+10 3.535700000000000000e+04
6.705954432800000000e+10 5.729800000000000000e+04
6.762066012000000000e+10 6.884300000000000000e+04
6.817488999200000000e+10 6.692300000000000000e+04
6.893202789600000000e+10 7.376400000000000000e+04
7.009315349600000000e+10 8.677600000000000000e+04
7.062607511200000000e+10 7.647600000000000000e+04
7.175990453600000000e+10 1.015930000000000000e+05
7.184576271200000000e+10 4.971600000000000000e+04
7.278490439200000000e+10 7.869600000000000000e+04
7.323318840800000000e+10 7.298600000000000000e+04
7.323325053600000000e+10 1.436999999999999636e+04
7.407558696800000000e+10 8.631600000000002910e+04
7.463433877600000000e+10 7.065600000000000000e+04
7.463438647200000000e+10 5.921000000000000000e+03
7.463451136800000000e+10 1.846500000000000728e+04
7.470253810400000000e+10 3.601399999999999272e+04
7.715782812000000000e+10 1.038880000000000000e+05
7.715798196000000000e+10 3.153600000000000000e+04
7.715804202400000000e+10 7.300000000000000000e+03
7.727942213600000000e+10 4.274000000000000000e+04
7.732218860000000000e+10 3.020300000000000000e+04
7.799842260000000000e+10 5.840300000000000000e+04
7.855009352800000000e+10 6.499400000000000000e+04
7.975969399200000000e+10 8.784900000000000000e+04
8.028684464800000000e+10 7.252000000000000000e+04
8.102837610400000000e+10 7.399300000000000000e+04
8.183488162400000000e+10 8.677800000000000000e+04
8.183492837600000000e+10 5.194999999999996362e+03
8.183517720800000000e+10 4.939900000000000000e+04
8.190618258400000000e+10 3.402700000000000000e+04
8.217442938400000000e+10 4.161900000000000000e+04
8.225786845600000000e+10 3.439900000000000000e+04
8.271086991200000000e+10 5.057700000000000000e+04
8.459785804000000000e+10 9.455300000000000000e+04
8.496227736800000000e+10 7.280300000000000000e+04
8.496232448800000000e+10 5.211000000000007276e+03
8.800978493600000000e+10 1.078820000000000000e+05
8.816288984800000000e+10 6.107500000000000000e+04
8.975732336800000000e+10 1.022570000000000000e+05
