# Timestamps in ns,Energies
2.282828000000000000e+07 1.255400000000000364e+04
1.078068880000000000e+08 1.442200000000000364e+04
1.897215600000000000e+08 1.561300000000000728e+04
2.105586320000000000e+08 1.328099999999999272e+04
4.008405840000000000e+08 2.025600000000000000e+04
4.464969680000000000e+08 1.833000000000000000e+04
5.615235280000000000e+08 2.041399999999999272e+04
5.903007600000000000e+08 1.705000000000000000e+04
8.040550640000000000e+08 2.469300000000000000e+04
8.112676400000000000e+08 1.737000000000000364e+04
8.406116080000000000e+08 1.586800000000000364e+04
8.466739440000000000e+08 1.258500000000000000e+04
8.497085040000000000e+08 1.006400000000000364e+04
9.312581840000000000e+08 1.382399999999999636e+04
9.912205840000000000e+08 1.375899999999999636e+04
1.101949992000000000e+09 1.653299999999999272e+04
1.124705256000000000e+09 1.440399999999999636e+04
1.219719496000000000e+09 1.626700000000000728e+04
1.382838968000000000e+09 2.043100000000000000e+04
1.405749752000000000e+09 1.743600000000000728e+04
1.461187800000000000e+09 1.703200000000000728e+04
1.515185512000000000e+09 1.603199999999999272e+04
1.610451512000000000e+09 1.866600000000000000e+04
1.849560280000000000e+09 2.600499999999999272e+04
1.924120856000000000e+09 2.366400000000000000e+04
1.944116872000000000e+09 1.867200000000000000e+04
1.987874472000000000e+09 1.736000000000000000e+04
2.017966248000000000e+09 1.488999999999999636e+04
2.090679272000000000e+09 1.650899999999999636e+04
2.090950056000000000e+09 1.170399999999999272e+04
2.129718200000000000e+09 1.284099999999999272e+04
2.163656552000000000e+09 1.232099999999999636e+04
2.254834152000000000e+09 1.455599999999999272e+04
2.432295256000000000e+09 1.994300000000000000e+04
2.554664296000000000e+09 2.196200000000000000e+04
2.783939656000000000e+09 2.760200000000000000e+04
2.798092904000000000e+09 2.129300000000000000e+04
2.849064520000000000e+09 2.024700000000000000e+04
2.982073992000000000e+09 2.413500000000000000e+04
3.103657944000000000e+09 2.447200000000000000e+04
3.396877000000000000e+09 3.601800000000000728e+04
3.442834504000000000e+09 2.719799999999999272e+04
3.442987848000000000e+09 1.727200000000000000e+04
3.629171064000000000e+09 2.568500000000000728e+04
3.663727960000000000e+09 2.153200000000000000e+04
3.770994088000000000e+09 2.238800000000000000e+04
3.807542168000000000e+09 1.937000000000000000e+04
3.807652056000000000e+09 9.494000000000000000e+03
3.836740376000000000e+09 1.463500000000000364e+04
3.850649544000000000e+09 1.224499999999999272e+04
3.887786040000000000e+09 1.227600000000000000e+04
4.118632488000000000e+09 2.223300000000000000e+04
4.183964168000000000e+09 1.976800000000000000e+04
4.390622136000000000e+09 2.534500000000000000e+04
4.610973080000000000e+09 3.180600000000000000e+04
4.671336120000000000e+09 2.538599999999999272e+04
4.752410472000000000e+09 2.488000000000000000e+04
4.923263528000000000e+09 2.739200000000000000e+04
5.101810392000000000e+09 3.050800000000000000e+04
5.169809352000000000e+09 2.609000000000000000e+04
5.313379400000000000e+09 2.716600000000000000e+04
5.322389160000000000e+09 2.002900000000000000e+04
5.352990232000000000e+09 1.869700000000000000e+04
5.655746008000000000e+09 3.203899999999999272e+04
5.752532344000000000e+09 2.788499999999999272e+04
5.900296200000000000e+09 2.934300000000000000e+04
5.996505144000000000e+09 2.770200000000000728e+04
6.173191912000000000e+09 2.945599999999999272e+04
6.612560008000000000e+09 5.002900000000000000e+04
6.648536344000000000e+09 3.124600000000000000e+04
6.652357560000000000e+09 2.332000000000000000e+04
6.790715688000000000e+09 2.731999999999999272e+04
6.822041032000000000e+09 2.166900000000000728e+04
6.869786632000000000e+09 1.967600000000000000e+04
6.869851400000000000e+09 3.453000000000000000e+03
7.565583416000000000e+09 4.785100000000000000e+04
7.686996232000000000e+09 3.943700000000000000e+04
7.881791416000000000e+09 4.509500000000000000e+04
7.912998088000000000e+09 2.837599999999999272e+04
7.913053448000000000e+09 4.025000000000007276e+03
8.016993208000000000e+09 2.617600000000000000e+04
8.063270648000000000e+09 2.295200000000000000e+04
8.160106344000000000e+09 2.312900000000000000e+04
8.388234792000000000e+09 3.101500000000000000e+04
8.440828808000000000e+09 2.571700000000000000e+04
8.557925944000000000e+09 2.559100000000000000e+04
8.660398424000000000e+09 2.443199999999999272e+04
8.804010456000000000e+09 2.791900000000000000e+04
8.822777128000000000e+09 2.083400000000000000e+04
8.904801128000000000e+09 2.040500000000000000e+04
8.961550104000000000e+09 1.947500000000000000e+04
9.321615240000000000e+09 3.527000000000000000e+04
9.490673960000000000e+09 3.622100000000000000e+04
9.640813112000000000e+09 3.404600000000000000e+04
9.662291496000000000e+09 2.352100000000000000e+04
9.713971352000000000e+09 2.248900000000000000e+04
9.821448424000000000e+09 2.273300000000000000e+04
1.010957621600000000e+10 3.160400000000000000e+04
1.017855980000000000e+10 2.799400000000000000e+04
1.046704682400000000e+10 3.528200000000000728e+04
1.050639266400000000e+10 2.912000000000000000e+04
1.050650205600000000e+10 1.490899999999999636e+04
1.097256516000000000e+10 4.061500000000000000e+04
1.110739821600000000e+10 4.049700000000000000e+04
1.112771464800000000e+10 2.826700000000000000e+04
1.113461079200000000e+10 2.008000000000000000e+04
1.114285834400000000e+10 1.621599999999999636e+04
1.127128684000000000e+10 2.128500000000000000e+04
1.129198269600000000e+10 1.697799999999999636e+04
1.146824036000000000e+10 2.299400000000000000e+04
1.160803151200000000e+10 2.531400000000000000e+04
1.170436756000000000e+10 2.448700000000000000e+04
1.176864448800000000e+10 2.283000000000000000e+04
1.182001800800000000e+10 2.008900000000000000e+04
1.192136706400000000e+10 2.070000000000000000e+04
1.197231250400000000e+10 1.931700000000000000e+04
1.201436573600000000e+10 1.694400000000000728e+04
1.201463424800000000e+10 1.388099999999999636e+04
1.207503402400000000e+10 1.409500000000000000e+04
1.208407384800000000e+10 1.157100000000000000e+04
1.208678760800000000e+10 8.910999999999992724e+03
1.224827445600000000e+10 1.645999999999999272e+04
1.227663156000000000e+10 1.406999999999999636e+04
1.227677508000000000e+10 5.375000000000003638e+03
1.249672309600000000e+10 2.080100000000000000e+04
1.249679893600000000e+10 5.995999999999996362e+03
1.301583608800000000e+10 4.115400000000000000e+04
1.301593010400000000e+10 1.650600000000000000e+04
1.307321071200000000e+10 2.928600000000000000e+04
1.312686295200000000e+10 2.472200000000000000e+04
1.326114896800000000e+10 2.548099999999999272e+04
1.336747916000000000e+10 2.542900000000000728e+04
1.338117538400000000e+10 1.877700000000000000e+04
1.352113010400000000e+10 2.304400000000000000e+04
1.352593631200000000e+10 1.779900000000000000e+04
1.352606925600000000e+10 2.629000000000007276e+03
1.360578756000000000e+10 1.766100000000000728e+04
1.365298640800000000e+10 1.625800000000000000e+04
1.383744295200000000e+10 2.235300000000000000e+04
1.401764773600000000e+10 2.637100000000000000e+04
1.421124882400000000e+10 3.107900000000000000e+04
1.421949512800000000e+10 2.145800000000000000e+04
1.435148266400000000e+10 2.595300000000000000e+04
1.449118933600000000e+10 2.644200000000000000e+04
1.471133914400000000e+10 3.338599999999999272e+04
1.477282320800000000e+10 2.672700000000000000e+04
1.484672112800000000e+10 2.528100000000000000e+04
1.509373600800000000e+10 3.085000000000000000e+04
1.536835629600000000e+10 3.922500000000000000e+04
1.536845058400000000e+10 1.793900000000000364e+04
1.541755615200000000e+10 2.551999999999999272e+04
1.541761812000000000e+10 4.581000000000000000e+03
1.550237128800000000e+10 2.290600000000000000e+04
1.560911389600000000e+10 2.313199999999999272e+04
1.571658007200000000e+10 2.319200000000000000e+04
1.571666810400000000e+10 9.017999999999996362e+03
1.588998071200000000e+10 2.473800000000000000e+04
1.593133280800000000e+10 2.162600000000000000e+04
1.593931200800000000e+10 1.649500000000000728e+04
1.597943546400000000e+10 1.566400000000000000e+04
1.608078397600000000e+10 1.783300000000000000e+04
1.626122232800000000e+10 2.345800000000000728e+04
1.633370956000000000e+10 2.214700000000000000e+04
1.633427434400000000e+10 1.491200000000000364e+04
1.648541925600000000e+10 2.107400000000000000e+04
1.656827314400000000e+10 2.087600000000000000e+04
1.669967901600000000e+10 2.474500000000000000e+04
1.674606892000000000e+10 1.957400000000000728e+04
1.698189274400000000e+10 2.890200000000000728e+04
1.717009356000000000e+10 3.295700000000000000e+04
1.733661717600000000e+10 3.267400000000000728e+04
1.734009416800000000e+10 2.195300000000000000e+04
1.734393431200000000e+10 1.684000000000000364e+04
1.744823525600000000e+10 2.151300000000000000e+04
1.747198152800000000e+10 1.758600000000000364e+04
1.758643712800000000e+10 1.919100000000000000e+04
1.766479300000000000e+10 1.965600000000000000e+04
1.778562487200000000e+10 2.173000000000000000e+04
1.778809349600000000e+10 1.615499999999999272e+04
1.778819412000000000e+10 6.814000000000000000e+03
1.798176911200000000e+10 2.279300000000000000e+04
1.803116855200000000e+10 1.903000000000000000e+04
1.813736903200000000e+10 2.168000000000000000e+04
1.832783058400000000e+10 2.526000000000000728e+04
1.832790063200000000e+10 6.809000000000000000e+03
1.850435752800000000e+10 2.854500000000000000e+04
1.858507821600000000e+10 2.479700000000000728e+04
1.858962994400000000e+10 1.760700000000000000e+04
1.886031628000000000e+10 2.806400000000000000e+04
1.889018887200000000e+10 2.328000000000000000e+04
1.891982516000000000e+10 1.899500000000000000e+04
1.899280874400000000e+10 1.949900000000000000e+04
1.899296594400000000e+10 1.259499999999999272e+04
1.901982714400000000e+10 1.394899999999999272e+04
1.908204452000000000e+10 1.505600000000000000e+04
1.930784487200000000e+10 2.355600000000000000e+04
1.963348845600000000e+10 3.650400000000000000e+04
1.966582722400000000e+10 2.752000000000000000e+04
1.970182584800000000e+10 2.168000000000000000e+04
1.998476292000000000e+10 3.228899999999999272e+04
2.013207676000000000e+10 3.216000000000000000e+04
2.044650528800000000e+10 3.949000000000000000e+04
2.060553407200000000e+10 3.708900000000000000e+04
2.081795965600000000e+10 3.941400000000000000e+04
2.081802138400000000e+10 8.107000000000000000e+03
2.091319218400000000e+10 2.862600000000000000e+04
2.106304674400000000e+10 2.975500000000000000e+04
2.117265818400000000e+10 3.083899999999999272e+04
2.132760404000000000e+10 3.098200000000000000e+04
2.182138119200000000e+10 4.741100000000000000e+04
2.191216764000000000e+10 3.716700000000000000e+04
2.200551546400000000e+10 3.360500000000000000e+04
2.200967679200000000e+10 2.146600000000000000e+04
2.208892880800000000e+10 2.317500000000000000e+04
2.214037141600000000e+10 1.982700000000000000e+04
2.223993340000000000e+10 2.152800000000000000e+04
2.246246234400000000e+10 3.178700000000000000e+04
2.249273210400000000e+10 2.194600000000000000e+04
2.266357376800000000e+10 2.800500000000000000e+04
2.308737426400000000e+10 4.183400000000000000e+04
2.310804164000000000e+10 2.839799999999999272e+04
2.317824632800000000e+10 2.537400000000000728e+04
2.339567098400000000e+10 3.408600000000000000e+04
2.341989162400000000e+10 2.448200000000000000e+04
2.347900074400000000e+10 2.246700000000000000e+04
2.368757132000000000e+10 3.007700000000000000e+04
2.369133714400000000e+10 2.038600000000000000e+04
2.370938400800000000e+10 1.763999999999999272e+04
2.378257093600000000e+10 1.826600000000000000e+04
2.393326015200000000e+10 2.297500000000000000e+04
2.398863442400000000e+10 1.982500000000000000e+04
2.411888207200000000e+10 2.241700000000000000e+04
2.439792399200000000e+10 3.301300000000000000e+04
2.445081759200000000e+10 2.551100000000000000e+04
2.451554320800000000e+10 2.457800000000000000e+04
2.452980239200000000e+10 1.873600000000000000e+04
2.453585322400000000e+10 1.418100000000000364e+04
2.475548570400000000e+10 2.503800000000000000e+04
2.476846138400000000e+10 1.862900000000000000e+04
2.499207834400000000e+10 2.677499999999999272e+04
2.503286410400000000e+10 2.240000000000000000e+04
2.542161605600000000e+10 3.808800000000000000e+04
2.546053234400000000e+10 2.762800000000000000e+04
2.548799733600000000e+10 2.239500000000000728e+04
2.602778752800000000e+10 4.721000000000000000e+04
2.606260055200000000e+10 3.478800000000000000e+04
2.618347280800000000e+10 3.249900000000000000e+04
2.618354773600000000e+10 9.528000000000003638e+03
2.618903602400000000e+10 1.956800000000000000e+04
2.622512896800000000e+10 1.839900000000000000e+04
2.629790245600000000e+10 1.881100000000000000e+04
2.641544060000000000e+10 2.223300000000000000e+04
2.650428516000000000e+10 2.160800000000000000e+04
2.652664645600000000e+10 1.789599999999999636e+04
2.684095367200000000e+10 3.036299999999999272e+04
2.692497045600000000e+10 2.884000000000000000e+04
2.695076909600000000e+10 2.113800000000000000e+04
2.699520588000000000e+10 2.029900000000000000e+04
2.707127645600000000e+10 1.904000000000000000e+04
2.711298685600000000e+10 1.735100000000000000e+04
2.725349378400000000e+10 2.054200000000000000e+04
2.752430444000000000e+10 3.137500000000000728e+04
2.752564183200000000e+10 2.132100000000000000e+04
2.827348116000000000e+10 5.939300000000000000e+04
2.827356920800000000e+10 2.084600000000000000e+04
2.827715005600000000e+10 2.976000000000000000e+04
2.868647596000000000e+10 4.268900000000000000e+04
2.877911540000000000e+10 3.669300000000000000e+04
2.891323548000000000e+10 3.247500000000000000e+04
2.903545520800000000e+10 3.059800000000000000e+04
2.914949247200000000e+10 2.958600000000000000e+04
2.935623847200000000e+10 3.416000000000000728e+04
2.962676207200000000e+10 3.953700000000000000e+04
2.980412837600000000e+10 4.045500000000000000e+04
2.992031874400000000e+10 3.399000000000000728e+04
3.005446831200000000e+10 3.116900000000000000e+04
3.006647218400000000e+10 2.336200000000000000e+04
3.038238024800000000e+10 3.636700000000000000e+04
3.061810252000000000e+10 3.920600000000000000e+04
3.078718744800000000e+10 3.653500000000000000e+04
3.097553186400000000e+10 3.661500000000000000e+04
3.101236012000000000e+10 2.926400000000000000e+04
3.108898535200000000e+10 2.568899999999999272e+04
3.164896879200000000e+10 4.970000000000000000e+04
3.164908852000000000e+10 1.370400000000000728e+04
3.187145122400000000e+10 3.793600000000000000e+04
3.196480994400000000e+10 3.325400000000000000e+04
3.212489898400000000e+10 3.247400000000000000e+04
3.316126207200000000e+10 7.866200000000000000e+04
3.316130637600000000e+10 4.559000000000003638e+03
3.316848428000000000e+10 3.710400000000000000e+04
3.329270804000000000e+10 3.737800000000000000e+04
3.330669973600000000e+10 2.588200000000000000e+04
3.330677055200000000e+10 7.301000000000000000e+03
3.344334175200000000e+10 2.685999999999999272e+04
3.344339882400000000e+10 3.545999999999992724e+03
3.355360740000000000e+10 2.511699999999999272e+04
3.357605442400000000e+10 1.990500000000000000e+04
3.363362964000000000e+10 1.932100000000000000e+04
3.368810162400000000e+10 1.771200000000000000e+04
3.402268463200000000e+10 3.212600000000000000e+04
3.408001925600000000e+10 2.659400000000000000e+04
3.427771188000000000e+10 3.248599999999999272e+04
3.444036996000000000e+10 3.208800000000000000e+04
3.462523831200000000e+10 3.369399999999999272e+04
3.462529130400000000e+10 3.846999999999992724e+03
3.464758685600000000e+10 2.272900000000000000e+04
3.477128160800000000e+10 2.568800000000000000e+04
3.489609080800000000e+10 2.727400000000000000e+04
3.489614983200000000e+10 3.852000000000000000e+03
3.505021405600000000e+10 2.720000000000000000e+04
3.510383120800000000e+10 2.251200000000000000e+04
3.564886194400000000e+10 4.490200000000000000e+04
3.570762629600000000e+10 3.364300000000000000e+04
3.589302080800000000e+10 3.535599999999999272e+04
3.602879727200000000e+10 3.473500000000000000e+04
3.606847631200000000e+10 2.475400000000000000e+04
3.612781936800000000e+10 2.283500000000000000e+04
3.630008362400000000e+10 2.909399999999999272e+04
3.636492183200000000e+10 2.430400000000000000e+04
3.637336252000000000e+10 1.886399999999999272e+04
3.641092066400000000e+10 1.736999999999999636e+04
3.641932520800000000e+10 1.360600000000000000e+04
3.697104644000000000e+10 4.068600000000000000e+04
3.733600536800000000e+10 4.791800000000000000e+04
3.736273536800000000e+10 3.321300000000000728e+04
3.778945818400000000e+10 4.589400000000000000e+04
3.778954858400000000e+10 1.877999999999999272e+04
3.783400581600000000e+10 2.749400000000000000e+04
3.785402370400000000e+10 2.240100000000000000e+04
3.785603871200000000e+10 1.634500000000000728e+04
3.791096704800000000e+10 1.767700000000000728e+04
3.797191679200000000e+10 1.741399999999999272e+04
3.815808858400000000e+10 2.432900000000000000e+04
3.817540624800000000e+10 1.838000000000000000e+04
3.817548535200000000e+10 5.882000000000003638e+03
3.817815997600000000e+10 1.232500000000000000e+04
3.818270325600000000e+10 1.012699999999999636e+04
3.825629024800000000e+10 1.354099999999999272e+04
3.828762981600000000e+10 1.235500000000000000e+04
3.837060960800000000e+10 1.453300000000000364e+04
3.851618863200000000e+10 1.797800000000000000e+04
3.858572164000000000e+10 1.750499999999999272e+04
3.864439648800000000e+10 1.723199999999999636e+04
3.906287181600000000e+10 3.737600000000000000e+04
3.907646896800000000e+10 2.424000000000000728e+04
3.911385144800000000e+10 2.117200000000000000e+04
3.940181418400000000e+10 3.450800000000000000e+04
3.957902479200000000e+10 3.403000000000000728e+04
3.959871930400000000e+10 2.614900000000000728e+04
3.986826314400000000e+10 3.274299999999999272e+04
3.986831888800000000e+10 4.779999999999996362e+03
3.992050685600000000e+10 2.565600000000000000e+04
3.992251570400000000e+10 1.891600000000000000e+04
3.995110522400000000e+10 1.712100000000000000e+04
4.012667661600000000e+10 2.345700000000000000e+04
4.060531893600000000e+10 4.658600000000000000e+04
4.083651301600000000e+10 3.967100000000000000e+04
4.083657831200000000e+10 1.050400000000000728e+04
4.083672242400000000e+10 1.398000000000000000e+04
4.083679636000000000e+10 5.494999999999996362e+03
4.114657989600000000e+10 3.487899999999999272e+04
4.120864791200000000e+10 2.936300000000000728e+04
4.156824325600000000e+10 4.635100000000000000e+04
4.170493514400000000e+10 3.556199999999999272e+04
4.188693063200000000e+10 3.608800000000000000e+04
4.209892084000000000e+10 3.902500000000000000e+04
4.212714816800000000e+10 2.781900000000000000e+04
4.215871925600000000e+10 2.365100000000000000e+04
4.217332640800000000e+10 1.773000000000000000e+04
4.227633536800000000e+10 2.048800000000000000e+04
4.235281831200000000e+10 2.070500000000000000e+04
4.250500914400000000e+10 2.440500000000000000e+04
4.254969416800000000e+10 2.076200000000000000e+04
4.259495116000000000e+10 1.824000000000000000e+04
4.263688005600000000e+10 1.674500000000000000e+04
4.297982423200000000e+10 3.139899999999999272e+04
4.297988567200000000e+10 5.975000000000003638e+03
4.299536712800000000e+10 2.073900000000000000e+04
4.307923524000000000e+10 2.088700000000000728e+04
4.315145397600000000e+10 2.064400000000000000e+04
4.339816482400000000e+10 3.045700000000000000e+04
4.352155023200000000e+10 2.865600000000000000e+04
4.358727077600000000e+10 2.505500000000000000e+04
4.386076301600000000e+10 3.491000000000000000e+04
4.413153706400000000e+10 3.893900000000000000e+04
4.413169429600000000e+10 1.490799999999999636e+04
4.420851565600000000e+10 2.660100000000000000e+04
4.441276333600000000e+10 3.223300000000000000e+04
4.462618789600000000e+10 3.519100000000000728e+04
4.462625479200000000e+10 8.847000000000003638e+03
4.469137324000000000e+10 2.687000000000000000e+04
4.490171717600000000e+10 3.135899999999999272e+04
4.494368533600000000e+10 2.496699999999999272e+04
4.521379864800000000e+10 3.493000000000000000e+04
4.534187988000000000e+10 3.270100000000000000e+04
4.552750634400000000e+10 3.328700000000000000e+04
4.595995524000000000e+10 5.278700000000000000e+04
4.596083932000000000e+10 2.962000000000000000e+04
4.612488741600000000e+10 3.387700000000000000e+04
4.618865919200000000e+10 2.761500000000000000e+04
4.623406172000000000e+10 2.229000000000000000e+04
4.666688698400000000e+10 4.112800000000000000e+04
4.666702212000000000e+10 2.171800000000000000e+04
4.674495200800000000e+10 2.655300000000000000e+04
4.680960405600000000e+10 2.456000000000000000e+04
4.692615079200000000e+10 2.612100000000000000e+04
4.692620855200000000e+10 3.307999999999992724e+03
4.706438055200000000e+10 2.683400000000000000e+04
4.719009527200000000e+10 2.625100000000000000e+04
4.721736021600000000e+10 2.033700000000000000e+04
4.721742322400000000e+10 3.587999999999992724e+03
4.722092853600000000e+10 1.424400000000000728e+04
4.741673005600000000e+10 2.383600000000000000e+04
4.745998119200000000e+10 2.001700000000000000e+04
4.774762749600000000e+10 3.220400000000000000e+04
4.782044906400000000e+10 2.587300000000000000e+04
4.823491170400000000e+10 3.997200000000000000e+04
4.823497087200000000e+10 8.082000000000003638e+03
4.838321181600000000e+10 3.605300000000000000e+04
4.842611895200000000e+10 2.771200000000000000e+04
4.843442340000000000e+10 2.011200000000000000e+04
4.891164664800000000e+10 4.189000000000000000e+04
4.912436428000000000e+10 4.107200000000000000e+04
4.924981524000000000e+10 3.458700000000000728e+04
4.934940244000000000e+10 3.141500000000000728e+04
4.959162813600000000e+10 3.612400000000000000e+04
4.968725365600000000e+10 3.321500000000000000e+04
4.990420887200000000e+10 3.612600000000000000e+04
5.019234951200000000e+10 4.217000000000000000e+04
5.023231146400000000e+10 3.168500000000000000e+04
5.023675610400000000e+10 2.024100000000000000e+04
5.042682093600000000e+10 2.784000000000000000e+04
5.046441380000000000e+10 2.328900000000000000e+04
5.049757700000000000e+10 2.040800000000000000e+04
5.075853791200000000e+10 2.985300000000000000e+04
5.088143416800000000e+10 2.844699999999999272e+04
5.093069672800000000e+10 2.280800000000000000e+04
5.129891677600000000e+10 3.851200000000000000e+04
5.167111970400000000e+10 4.868100000000000000e+04
5.193261101600000000e+10 4.285600000000000000e+04
5.201836703200000000e+10 3.828800000000000000e+04
5.204056156000000000e+10 2.551200000000000000e+04
5.228263095200000000e+10 3.230400000000000000e+04
5.231232860000000000e+10 2.573500000000000000e+04
5.231251660000000000e+10 2.092300000000000000e+04
5.231258914400000000e+10 3.104000000000007276e+03
5.246575792800000000e+10 2.320399999999999272e+04
5.264798855200000000e+10 2.778000000000000000e+04
5.272873943200000000e+10 2.593300000000000000e+04
5.282593455200000000e+10 2.462400000000000000e+04
5.295349903200000000e+10 2.622600000000000000e+04
5.304783191200000000e+10 2.528000000000000000e+04
5.309077744800000000e+10 2.289800000000000000e+04
5.319830226400000000e+10 2.296800000000000000e+04
5.342390493600000000e+10 2.958800000000000000e+04
5.346637876000000000e+10 2.424000000000000000e+04
5.365030103200000000e+10 2.688000000000000728e+04
5.377102029600000000e+10 2.733600000000000000e+04
5.378866898400000000e+10 2.113000000000000000e+04
5.383317730400000000e+10 1.888100000000000000e+04
5.385820468000000000e+10 1.602500000000000000e+04
5.386779695200000000e+10 1.331200000000000728e+04
5.395656970400000000e+10 1.597900000000000364e+04
5.395702389600000000e+10 1.184000000000000364e+04
5.405967082400000000e+10 1.548500000000000000e+04
5.405974482400000000e+10 3.372999999999992724e+03
5.414173541600000000e+10 1.587200000000000000e+04
5.431277776800000000e+10 2.147700000000000000e+04
5.435611172000000000e+10 1.835200000000000000e+04
5.469640357600000000e+10 3.150600000000000728e+04
5.483744354400000000e+10 3.032900000000000000e+04
5.486080407200000000e+10 2.424900000000000000e+04
5.509146991200000000e+10 3.248900000000000000e+04
5.513767679200000000e+10 2.530500000000000000e+04
5.519774250400000000e+10 2.257400000000000000e+04
5.519786959200000000e+10 1.521100000000000728e+04
5.526072944800000000e+10 1.848000000000000000e+04
5.542985524000000000e+10 2.274800000000000000e+04
5.568385620000000000e+10 3.047000000000000000e+04
5.568391554400000000e+10 5.492999999999996362e+03
5.593638520800000000e+10 3.776400000000000000e+04
5.609249034400000000e+10 3.537399999999999272e+04
5.618443600800000000e+10 2.949200000000000000e+04
5.619303832800000000e+10 2.076300000000000728e+04
5.627624346400000000e+10 2.248900000000000000e+04
5.633796490400000000e+10 2.078500000000000000e+04
5.635852127200000000e+10 1.662999999999999636e+04
5.645030519200000000e+10 1.876000000000000000e+04
5.649981634400000000e+10 1.787300000000000000e+04
5.668307917600000000e+10 2.433900000000000000e+04
5.685789536800000000e+10 2.626300000000000728e+04
5.685806204000000000e+10 1.672600000000000728e+04
5.700017818400000000e+10 2.512199999999999272e+04
5.713241746400000000e+10 2.450400000000000000e+04
5.731864562400000000e+10 2.893700000000000000e+04
5.741252719200000000e+10 2.851299999999999272e+04
5.748217840800000000e+10 2.434200000000000000e+04
5.767228415200000000e+10 3.036500000000000000e+04
5.768189800800000000e+10 2.080000000000000000e+04
5.775108764000000000e+10 2.163300000000000000e+04
5.787367354400000000e+10 2.239500000000000000e+04
5.787826618400000000e+10 1.794400000000000728e+04
5.816648525600000000e+10 2.964599999999999272e+04
5.827215188000000000e+10 2.794600000000000000e+04
5.827429124000000000e+10 1.990000000000000000e+04
5.845944602400000000e+10 2.728700000000000000e+04
5.847724405600000000e+10 2.136900000000000000e+04
5.847991856800000000e+10 1.524500000000000000e+04
5.858311997600000000e+10 1.896600000000000000e+04
5.867399813600000000e+10 2.020500000000000000e+04
5.885485784800000000e+10 2.654400000000000000e+04
5.888494727200000000e+10 2.031700000000000000e+04
5.896812090400000000e+10 2.111100000000000000e+04
5.929626503200000000e+10 3.299900000000000728e+04
5.954095314400000000e+10 3.769400000000000000e+04
5.959609916000000000e+10 2.863800000000000728e+04
5.961801189600000000e+10 2.449100000000000000e+04
5.961807708000000000e+10 5.477999999999996362e+03
5.962816343200000000e+10 1.665000000000000000e+04
5.984817269600000000e+10 2.676000000000000000e+04
5.984823607200000000e+10 5.161000000000000000e+03
5.987234125600000000e+10 1.887600000000000000e+04
5.987244936800000000e+10 8.929000000000003638e+03
5.995105453600000000e+10 1.770900000000000000e+04
5.998993268000000000e+10 1.580200000000000728e+04
6.025062383200000000e+10 2.665099999999999272e+04
6.064755669600000000e+10 4.142500000000000000e+04
6.064762853600000000e+10 1.169099999999999636e+04
6.065479853600000000e+10 2.484900000000000000e+04
6.090468298400000000e+10 3.260800000000000000e+04
6.101231496800000000e+10 3.150500000000000000e+04
6.111910509600000000e+10 2.716100000000000000e+04
6.117718084000000000e+10 2.453600000000000000e+04
6.123561744800000000e+10 2.152500000000000000e+04
6.125651348000000000e+10 1.805800000000000000e+04
6.135676360800000000e+10 2.054200000000000000e+04
6.135695455200000000e+10 1.407700000000000728e+04
6.153921636000000000e+10 2.277300000000000000e+04
6.167121690400000000e+10 2.497100000000000000e+04
6.186368255200000000e+10 2.774200000000000000e+04
6.186376336800000000e+10 9.494999999999996362e+03
6.188953258400000000e+10 1.909700000000000000e+04
6.189622474400000000e+10 1.511000000000000728e+04
6.211093199200000000e+10 2.321500000000000000e+04
6.234079327200000000e+10 2.987499999999999272e+04
6.235094704800000000e+10 2.195500000000000000e+04
6.258936176800000000e+10 3.102100000000000000e+04
6.267557108000000000e+10 2.816900000000000000e+04
6.267964159200000000e+10 2.080900000000000000e+04
6.271399972000000000e+10 1.833300000000000728e+04
6.288103935200000000e+10 2.363000000000000000e+04
6.366302607200000000e+10 5.892400000000000000e+04
6.378150567200000000e+10 4.282400000000000000e+04
6.399629127200000000e+10 4.163200000000000000e+04
6.408440127200000000e+10 3.550900000000000000e+04
6.448301591200000000e+10 4.817900000000000000e+04
6.448309292000000000e+10 1.504599999999999272e+04
6.459418128800000000e+10 3.450000000000000000e+04
6.459984845600000000e+10 2.280800000000000000e+04
6.464181650400000000e+10 2.115800000000000000e+04
6.476779021600000000e+10 2.391899999999999272e+04
6.483160831200000000e+10 2.178700000000000000e+04
6.488650258400000000e+10 2.059400000000000000e+04
6.490954365600000000e+10 1.663200000000000000e+04
6.500012895200000000e+10 1.840500000000000000e+04
6.521025253600000000e+10 2.548800000000000000e+04
6.536964592800000000e+10 2.709300000000000728e+04
6.537426477600000000e+10 1.953999999999999272e+04
6.537931855200000000e+10 1.482899999999999636e+04
6.540316752800000000e+10 1.413000000000000000e+04
6.545153376800000000e+10 1.446199999999999636e+04
6.548748031200000000e+10 1.336800000000000364e+04
6.567031845600000000e+10 1.995300000000000000e+04
6.599786589600000000e+10 3.319100000000000000e+04
6.599827293600000000e+10 2.112100000000000000e+04
6.602784988000000000e+10 2.000100000000000000e+04
6.607215268000000000e+10 1.855200000000000000e+04
6.624533783200000000e+10 2.417800000000000000e+04
6.632176626400000000e+10 2.240000000000000000e+04
6.636193367200000000e+10 1.921800000000000000e+04
6.650706516000000000e+10 2.351700000000000000e+04
6.657945266400000000e+10 2.118200000000000000e+04
6.657952682400000000e+10 6.112000000000003638e+03
6.667648394400000000e+10 1.993700000000000000e+04
6.681827892000000000e+10 2.399900000000000000e+04
6.686628404000000000e+10 2.034500000000000000e+04
6.711453892000000000e+10 2.932800000000000000e+04
6.711463188000000000e+10 1.217500000000000364e+04
6.716316880800000000e+10 2.072800000000000000e+04
6.728316432800000000e+10 2.395200000000000000e+04
6.728331832800000000e+10 1.546300000000000728e+04
6.733919938400000000e+10 1.789600000000000000e+04
6.757085085600000000e+10 2.632700000000000000e+04
6.757100500000000000e+10 1.569500000000000364e+04
6.768044194400000000e+10 2.222600000000000000e+04
6.768253024800000000e+10 1.604200000000000364e+04
6.772948194400000000e+10 1.590400000000000000e+04
6.784530991200000000e+10 1.916100000000000000e+04
6.819646786400000000e+10 3.615900000000000000e+04
6.821020698400000000e+10 2.352800000000000000e+04
6.841965938400000000e+10 3.109300000000000728e+04
6.848905832800000000e+10 2.552700000000000000e+04
6.860153684000000000e+10 2.543000000000000728e+04
6.866037146400000000e+10 2.180700000000000000e+04
6.874413509600000000e+10 2.226600000000000000e+04
6.882669012000000000e+10 2.166500000000000000e+04
6.883143207200000000e+10 1.659199999999999272e+04
6.891709661600000000e+10 1.794700000000000000e+04
6.892194074400000000e+10 1.434399999999999636e+04
6.925163149600000000e+10 2.899299999999999272e+04
6.925849061600000000e+10 2.065000000000000000e+04
6.951570300000000000e+10 3.023999999999999272e+04
6.973139784800000000e+10 3.596700000000000000e+04
6.994548903200000000e+10 3.813900000000000000e+04
6.994564432800000000e+10 2.251400000000000000e+04
7.000488127200000000e+10 2.490400000000000000e+04
7.017241605600000000e+10 2.736500000000000000e+04
7.019240807200000000e+10 2.242700000000000000e+04
7.031779200800000000e+10 2.418900000000000000e+04
7.036260312800000000e+10 2.126200000000000000e+04
7.051621146400000000e+10 2.495999999999999272e+04
7.051628269600000000e+10 6.417000000000003638e+03
7.079917296800000000e+10 3.249999999999999272e+04
7.085781216800000000e+10 2.667099999999999272e+04
7.087332456800000000e+10 2.008000000000000000e+04
7.097616650400000000e+10 2.178500000000000000e+04
7.102210090400000000e+10 1.920000000000000000e+04
7.109979975200000000e+10 1.897400000000000728e+04
7.118466592800000000e+10 1.945600000000000000e+04
7.120131688800000000e+10 1.591200000000000000e+04
7.144445448800000000e+10 2.545800000000000728e+04
7.145484893600000000e+10 1.896300000000000000e+04
7.161281397600000000e+10 2.369400000000000000e+04
7.161855890400000000e+10 1.800700000000000728e+04
7.165055388000000000e+10 1.661700000000000728e+04
7.191114989600000000e+10 2.845500000000000000e+04
7.191719460000000000e+10 1.960500000000000000e+04
7.235696060000000000e+10 3.955000000000000000e+04
7.235700972000000000e+10 2.686000000000000000e+03
7.247877199200000000e+10 3.356600000000000000e+04
7.289095906400000000e+10 4.613800000000000000e+04
7.294785786400000000e+10 3.365599999999999272e+04
7.336864751200000000e+10 4.840100000000000000e+04
7.341840610400000000e+10 3.513900000000000728e+04
7.341854116000000000e+10 1.884300000000000000e+04
7.355501084000000000e+10 2.901100000000000000e+04
7.357352490400000000e+10 2.177600000000000000e+04
7.375117045600000000e+10 2.744400000000000728e+04
7.381911864800000000e+10 2.422900000000000728e+04
7.381918351200000000e+10 5.362999999999992724e+03
7.385332397600000000e+10 1.859500000000000000e+04
7.392989072800000000e+10 1.912000000000000000e+04
7.404223858400000000e+10 2.034999999999999272e+04
7.418962154400000000e+10 2.515700000000000728e+04
7.429496748000000000e+10 2.385500000000000000e+04
7.430326354400000000e+10 1.810200000000000000e+04
7.440760471200000000e+10 2.090400000000000000e+04
7.446319642400000000e+10 1.912000000000000000e+04
7.454437444000000000e+10 1.919900000000000728e+04
7.479142925600000000e+10 2.936600000000000000e+04
7.505725197600000000e+10 3.433700000000000000e+04
7.511647709600000000e+10 2.853400000000000000e+04
7.518306956000000000e+10 2.560100000000000000e+04
7.552482455200000000e+10 3.942300000000000000e+04
7.556774543200000000e+10 2.861100000000000000e+04
7.572468506400000000e+10 3.113600000000000000e+04
7.585955028000000000e+10 2.953700000000000000e+04
7.595127653600000000e+10 2.847799999999999272e+04
7.602968202400000000e+10 2.371399999999999272e+04
7.617795828000000000e+10 2.704600000000000000e+04
7.626411954400000000e+10 2.453200000000000000e+04
7.643570485600000000e+10 2.864800000000000728e+04
7.645506828000000000e+10 2.174500000000000000e+04
7.663892256800000000e+10 2.670400000000000000e+04
7.673546194400000000e+10 2.553400000000000000e+04
7.678760860000000000e+10 2.094199999999999272e+04
7.678770725600000000e+10 9.308999999999992724e+03
7.706178410400000000e+10 2.933200000000000000e+04
7.757555578400000000e+10 5.172500000000000000e+04
7.776586162400000000e+10 4.170000000000000000e+04
7.776596200800000000e+10 1.939700000000000728e+04
7.783985648800000000e+10 2.817499999999999272e+04
7.809404828000000000e+10 3.643700000000000000e+04
7.809412828000000000e+10 7.617000000000000000e+03
7.810887330400000000e+10 2.407200000000000000e+04
7.821471696800000000e+10 2.456199999999999272e+04
7.825943692000000000e+10 2.144700000000000000e+04
7.830837442400000000e+10 1.952200000000000000e+04
7.831820127200000000e+10 1.450599999999999636e+04
7.838614378400000000e+10 1.578799999999999636e+04
7.840906984800000000e+10 1.394399999999999636e+04
7.841771948000000000e+10 1.142800000000000728e+04
7.843177068000000000e+10 1.031899999999999272e+04
7.851535111200000000e+10 1.294200000000000364e+04
7.855707656800000000e+10 1.240199999999999636e+04
7.869572205600000000e+10 1.678899999999999272e+04
7.876871439200000000e+10 1.664200000000000000e+04
7.893422314400000000e+10 2.247200000000000000e+04
7.906672112800000000e+10 2.320200000000000000e+04
7.908652084000000000e+10 1.885800000000000000e+04
7.914939978400000000e+10 1.871099999999999272e+04
7.919014776800000000e+10 1.660700000000000364e+04
7.924114180000000000e+10 1.613500000000000364e+04
7.924114597600000000e+10 6.256000000000003638e+03
7.947083412000000000e+10 2.363300000000000000e+04
7.972988962400000000e+10 3.322000000000000000e+04
7.988019224800000000e+10 3.225800000000000000e+04
8.001667090400000000e+10 3.133199999999999272e+04
8.009611175200000000e+10 2.645300000000000728e+04
8.020616970400000000e+10 2.673100000000000000e+04
8.027651845600000000e+10 2.413499999999999272e+04
8.054784655200000000e+10 3.257299999999999272e+04
8.065164341600000000e+10 3.060800000000000000e+04
8.121097364000000000e+10 4.910500000000000000e+04
8.127985496800000000e+10 3.743700000000000000e+04
8.139643940000000000e+10 3.198399999999999272e+04
8.179362103200000000e+10 4.867200000000000000e+04
8.194746610400000000e+10 4.068300000000000000e+04
8.227313615200000000e+10 4.522700000000000000e+04
8.250403882400000000e+10 4.886000000000000000e+04
8.261350336800000000e+10 3.494700000000000000e+04
8.274529786400000000e+10 3.392700000000000000e+04
8.274540476000000000e+10 2.016600000000000000e+04
8.278570848800000000e+10 2.152900000000000000e+04
8.288856562400000000e+10 2.242500000000000000e+04
8.348487967200000000e+10 4.968000000000000000e+04
8.354846941600000000e+10 3.629700000000000000e+04
8.356222616800000000e+10 2.746600000000000000e+04
8.360577778400000000e+10 2.442300000000000000e+04
8.380651460000000000e+10 2.878999999999999272e+04
8.381379092000000000e+10 2.097100000000000000e+04
8.382769183200000000e+10 1.672800000000000000e+04
8.385490052000000000e+10 1.525599999999999636e+04
8.409106380000000000e+10 2.479600000000000000e+04
8.426144368800000000e+10 2.802000000000000000e+04
8.426724248800000000e+10 1.983600000000000000e+04
8.426919276000000000e+10 1.511699999999999272e+04
8.429295386400000000e+10 1.445200000000000728e+04
8.429309040800000000e+10 8.237000000000000000e+03
8.438964149600000000e+10 1.552200000000000000e+04
8.451125604000000000e+10 1.910600000000000000e+04
8.451160189600000000e+10 1.342699999999999272e+04
8.452642072800000000e+10 1.235900000000000364e+04
8.461166343200000000e+10 1.483299999999999272e+04
8.468684210400000000e+10 1.545100000000000000e+04
8.476274940000000000e+10 1.658500000000000000e+04
8.498022956000000000e+10 2.275399999999999272e+04
8.514786100000000000e+10 2.697000000000000000e+04
8.526261810400000000e+10 2.694800000000000000e+04
8.526310292000000000e+10 1.740999999999999272e+04
8.543621599200000000e+10 2.585500000000000000e+04
8.564562762400000000e+10 2.999100000000000000e+04
8.572221842400000000e+10 2.600900000000000728e+04
8.584855744800000000e+10 2.749800000000000000e+04
8.586309364000000000e+10 2.042500000000000000e+04
8.609200684000000000e+10 2.792800000000000000e+04
8.625762991200000000e+10 3.066300000000000000e+04
8.635402306400000000e+10 2.751700000000000000e+04
8.655160600800000000e+10 3.152699999999999272e+04
8.669656429600000000e+10 3.068700000000000728e+04
8.702326324000000000e+10 4.117200000000000000e+04
8.718280495200000000e+10 3.917500000000000000e+04
8.732069976800000000e+10 3.472800000000000000e+04
8.749285725600000000e+10 3.440800000000000000e+04
8.755530242400000000e+10 2.992000000000000000e+04
8.784696408800000000e+10 3.527200000000000000e+04
8.799750591200000000e+10 3.484699999999999272e+04
8.809596789600000000e+10 3.151100000000000000e+04
8.861157564000000000e+10 5.198400000000000000e+04
8.865000562400000000e+10 3.524800000000000000e+04
8.869946122400000000e+10 2.873600000000000000e+04
8.882801631200000000e+10 2.822699999999999272e+04
8.893874796000000000e+10 2.657500000000000000e+04
8.898079805600000000e+10 2.255899999999999272e+04
8.946831418400000000e+10 4.389200000000000000e+04
8.972336581600000000e+10 4.687900000000000000e+04
8.972350480800000000e+10 2.165000000000000000e+04
8.975632906400000000e+10 2.548500000000000000e+04
