# Timestamps in ns,Energies
1.457441200000000000e+08 4.549100000000000000e+04
1.517472400000000000e+08 2.827600000000000000e+04
2.268891920000000000e+08 2.674400000000000000e+04
3.111710640000000000e+08 2.696700000000000728e+04
3.112869200000000000e+08 1.356200000000000000e+04
3.958589040000000000e+08 2.108900000000000000e+04
4.424967760000000000e+08 1.880600000000000728e+04
6.143143120000000000e+08 2.392800000000000000e+04
8.562363120000000000e+08 3.141300000000000000e+04
1.132962472000000000e+09 3.969500000000000000e+04
1.140786936000000000e+09 2.515199999999999272e+04
1.173300664000000000e+09 2.128800000000000000e+04
1.240177608000000000e+09 2.207400000000000000e+04
1.578392008000000000e+09 3.446600000000000000e+04
1.578556296000000000e+09 2.188400000000000728e+04
1.897592152000000000e+09 3.713500000000000000e+04
2.037419096000000000e+09 3.598399999999999272e+04
2.345407944000000000e+09 4.124300000000000000e+04
2.404395656000000000e+09 3.056400000000000728e+04
2.643539880000000000e+09 3.818300000000000000e+04
2.721127240000000000e+09 3.178200000000000000e+04
2.796195192000000000e+09 2.848100000000000000e+04
3.722827208000000000e+09 6.575700000000000000e+04
4.020974968000000000e+09 6.211400000000000000e+04
4.106853624000000000e+09 4.541500000000000000e+04
4.139984072000000000e+09 3.187300000000000000e+04
4.672875928000000000e+09 5.006500000000000000e+04
4.775305448000000000e+09 4.275800000000000000e+04
4.907596744000000000e+09 3.403000000000000728e+04
5.424143064000000000e+09 6.051000000000000000e+04
5.621177048000000000e+09 4.649700000000000000e+04
5.977152424000000000e+09 5.679900000000000000e+04
6.032378856000000000e+09 3.773600000000000000e+04
6.093264952000000000e+09 2.869500000000000000e+04
6.093326184000000000e+09 5.505999999999992724e+03
6.437071976000000000e+09 4.052300000000000000e+04
6.806587288000000000e+09 4.751300000000000000e+04
6.893277768000000000e+09 3.549800000000000000e+04
7.049367480000000000e+09 3.686200000000000000e+04
7.153534824000000000e+09 3.191000000000000728e+04
7.193889256000000000e+09 2.704300000000000000e+04
7.222818968000000000e+09 2.064500000000000000e+04
7.331556536000000000e+09 2.256200000000000000e+04
8.096990312000000000e+09 5.585600000000000000e+04
8.562192312000000000e+09 6.806000000000000000e+04
8.757024616000000000e+09 5.844200000000000000e+04
9.008956952000000000e+09 4.931200000000000000e+04
9.009143576000000000e+09 3.158400000000000000e+04
9.043714232000000000e+09 2.499300000000000000e+04
9.202677272000000000e+09 2.912600000000000000e+04
9.821199160000000000e+09 5.833000000000000000e+04
9.928396840000000000e+09 4.263300000000000000e+04
9.976469448000000000e+09 3.253600000000000000e+04
1.000048460000000000e+10 2.269600000000000000e+04
1.022119688800000000e+10 3.240000000000000728e+04
1.030588696800000000e+10 2.847900000000000000e+04
1.082713010400000000e+10 4.669000000000000000e+04
1.100987380000000000e+10 4.211600000000000000e+04
1.105014735200000000e+10 3.048700000000000000e+04
1.126679570400000000e+10 3.752300000000000000e+04
1.149038349600000000e+10 4.101400000000000000e+04
1.195512802400000000e+10 5.369000000000000000e+04
1.201001792800000000e+10 3.534000000000000000e+04
1.256929301600000000e+10 5.865500000000000000e+04
1.256939829600000000e+10 4.563999999999996362e+03
1.259233751200000000e+10 3.182599999999999272e+04
1.259240503200000000e+10 7.902999999999996362e+03
1.279148999200000000e+10 3.333200000000000000e+04
1.291221461600000000e+10 3.112200000000000000e+04
1.311686765600000000e+10 3.578300000000000000e+04
1.334548106400000000e+10 3.943900000000000000e+04
1.365647375200000000e+10 4.672200000000000000e+04
1.365663924000000000e+10 2.542500000000000000e+04
1.390806776800000000e+10 3.738200000000000000e+04
1.445043338400000000e+10 6.308100000000000000e+04
1.452629925600000000e+10 4.121400000000000000e+04
1.461855604000000000e+10 3.496700000000000000e+04
1.464476394400000000e+10 2.568100000000000000e+04
1.465774000800000000e+10 1.824300000000000000e+04
1.523219487200000000e+10 4.919300000000000000e+04
1.528820855200000000e+10 3.424000000000000000e+04
1.553393725600000000e+10 3.809300000000000000e+04
1.561183237600000000e+10 3.249900000000000000e+04
1.580451012000000000e+10 3.577900000000000000e+04
1.588211144800000000e+10 2.971200000000000000e+04
1.603967306400000000e+10 3.171500000000000000e+04
1.618388314400000000e+10 3.151600000000000000e+04
1.631579284000000000e+10 2.997600000000000000e+04
1.636689642400000000e+10 2.571199999999999272e+04
1.698916554400000000e+10 5.788100000000000000e+04
1.725399812000000000e+10 5.048700000000000000e+04
1.771387484000000000e+10 6.527300000000000000e+04
1.791921626400000000e+10 4.757600000000000000e+04
1.816185255200000000e+10 4.610900000000000000e+04
1.855403626400000000e+10 5.370600000000000000e+04
1.925495639200000000e+10 7.284200000000000000e+04
1.929286592800000000e+10 4.002700000000000000e+04
1.932666490400000000e+10 2.948399999999999272e+04
1.932674997600000000e+10 1.136999999999999636e+04
1.938870655200000000e+10 2.385700000000000000e+04
1.996023120800000000e+10 4.927300000000000000e+04
2.041099517600000000e+10 6.578200000000000000e+04
2.100849868000000000e+10 7.521200000000000000e+04
2.107190685600000000e+10 4.715100000000000000e+04
2.115247076000000000e+10 3.384600000000000000e+04
2.129472016800000000e+10 3.336400000000000000e+04
2.129477525600000000e+10 5.170000000000003638e+03
2.137231461600000000e+10 2.720500000000000000e+04
2.156852962400000000e+10 3.299700000000000728e+04
2.182923413600000000e+10 3.820600000000000000e+04
2.195108594400000000e+10 3.559999999999999272e+04
2.195115788000000000e+10 9.327999999999992724e+03
2.226742429600000000e+10 4.080100000000000000e+04
2.238490303200000000e+10 3.573599999999999272e+04
2.238512304800000000e+10 3.421699999999999272e+04
2.241896378400000000e+10 1.954100000000000000e+04
2.255808656800000000e+10 2.398400000000000000e+04
2.262320268000000000e+10 2.224200000000000000e+04
2.279271260000000000e+10 2.686100000000000000e+04
2.349183708000000000e+10 5.906000000000000000e+04
2.351952447200000000e+10 3.539100000000000000e+04
2.354957152800000000e+10 2.880500000000000000e+04
2.384791668000000000e+10 3.853000000000000000e+04
2.387833186400000000e+10 2.800700000000000000e+04
2.415801479200000000e+10 3.584800000000000000e+04
2.415808820000000000e+10 1.238400000000000728e+04
2.438578352800000000e+10 3.844800000000000000e+04
2.456274474400000000e+10 3.467100000000000000e+04
2.456279704800000000e+10 3.387000000000000000e+03
2.487852692000000000e+10 4.656400000000000000e+04
2.512307948000000000e+10 4.289100000000000000e+04
2.519360554400000000e+10 3.328500000000000000e+04
2.519608501600000000e+10 2.470900000000000000e+04
2.542005858400000000e+10 3.298400000000000000e+04
2.546478485600000000e+10 2.718400000000000000e+04
2.563923956000000000e+10 2.935000000000000000e+04
2.566828152800000000e+10 2.216900000000000000e+04
2.571107621600000000e+10 2.032800000000000000e+04
2.580817167200000000e+10 2.089000000000000000e+04
2.590633677600000000e+10 2.135099999999999272e+04
2.630604266400000000e+10 4.109200000000000000e+04
2.630609551200000000e+10 4.677999999999996362e+03
2.637412608800000000e+10 2.879599999999999272e+04
2.666245845600000000e+10 3.824000000000000000e+04
2.698093818400000000e+10 4.572800000000000000e+04
2.703026100000000000e+10 3.557400000000000728e+04
2.725289709600000000e+10 3.624699999999999272e+04
2.737723944800000000e+10 3.567299999999999272e+04
2.745973693600000000e+10 2.940599999999999272e+04
2.750690426400000000e+10 2.347300000000000000e+04
2.750701720800000000e+10 1.177299999999999272e+04
2.764407045600000000e+10 2.336700000000000000e+04
2.776330160800000000e+10 2.632100000000000000e+04
2.798229378400000000e+10 3.190800000000000000e+04
2.798237479200000000e+10 1.030300000000000728e+04
2.800754645600000000e+10 2.026000000000000000e+04
2.812924525600000000e+10 2.288400000000000000e+04
2.824173650400000000e+10 2.472900000000000000e+04
2.835915199200000000e+10 2.400300000000000000e+04
2.893112386400000000e+10 5.131600000000000000e+04
2.915706868000000000e+10 4.893000000000000000e+04
2.915718666400000000e+10 2.252900000000000000e+04
2.921485911200000000e+10 2.888000000000000000e+04
2.935823349600000000e+10 2.987199999999999272e+04
2.963559812000000000e+10 3.821600000000000000e+04
2.988111784800000000e+10 4.222600000000000000e+04
3.068917895200000000e+10 6.622300000000000000e+04
3.120305538400000000e+10 7.510400000000000000e+04
3.147981340000000000e+10 5.783200000000000000e+04
3.229665855200000000e+10 7.432100000000000000e+04
3.251351511200000000e+10 5.993600000000000000e+04
3.265750392800000000e+10 4.807000000000000000e+04
3.309480279200000000e+10 5.972100000000000000e+04
3.340804012000000000e+10 5.307300000000000000e+04
3.354779551200000000e+10 4.381400000000000000e+04
3.358434772000000000e+10 2.891500000000000728e+04
3.358985725600000000e+10 2.126400000000000000e+04
3.368931567200000000e+10 2.409500000000000728e+04
3.408194458400000000e+10 4.190500000000000000e+04
3.452269162400000000e+10 5.420100000000000000e+04
3.466908170400000000e+10 4.622300000000000000e+04
3.466914340000000000e+10 1.016000000000000000e+04
3.480066428000000000e+10 3.479200000000000000e+04
3.499654314400000000e+10 3.423100000000000000e+04
3.509268909600000000e+10 3.113700000000000000e+04
3.545811176800000000e+10 4.172600000000000000e+04
3.583415807200000000e+10 4.900800000000000000e+04
3.593564282400000000e+10 4.000500000000000000e+04
3.661027866400000000e+10 7.054400000000000000e+04
3.661035160800000000e+10 1.795299999999999636e+04
3.661043981600000000e+10 1.189699999999999272e+04
3.681902604000000000e+10 3.959600000000000000e+04
3.691117714400000000e+10 3.358700000000000728e+04
3.691129485600000000e+10 1.680500000000000000e+04
3.691136344800000000e+10 2.557000000000003638e+03
3.702607573600000000e+10 2.447199999999999272e+04
3.710500388000000000e+10 2.269400000000000000e+04
3.712074216800000000e+10 1.782100000000000000e+04
3.719589000800000000e+10 1.933700000000000000e+04
3.728415370400000000e+10 1.994800000000000000e+04
3.730290357600000000e+10 1.634500000000000364e+04
3.736511714400000000e+10 1.632800000000000728e+04
3.737059748000000000e+10 1.245100000000000364e+04
3.765542370400000000e+10 2.748300000000000000e+04
3.765548866400000000e+10 6.002000000000007276e+03
3.767934175200000000e+10 1.788300000000000000e+04
3.770920447200000000e+10 1.582100000000000000e+04
3.770928517600000000e+10 4.819999999999996362e+03
3.788944906400000000e+10 2.169000000000000000e+04
3.858230671200000000e+10 5.348800000000000000e+04
3.860789832800000000e+10 3.917400000000000000e+04
3.881698549600000000e+10 3.924500000000000000e+04
3.894617799200000000e+10 3.402999999999999272e+04
3.905736575200000000e+10 3.400800000000000000e+04
4.040936392800000000e+10 9.159400000000000000e+04
4.046476600800000000e+10 4.680800000000000000e+04
4.052565660000000000e+10 3.663000000000000000e+04
4.052574168800000000e+10 8.442000000000000000e+03
4.077540442400000000e+10 3.699900000000000000e+04
4.102507648800000000e+10 4.196400000000000000e+04
4.105878744800000000e+10 2.835400000000000000e+04
4.111146916000000000e+10 2.553700000000000000e+04
4.126731314400000000e+10 2.953800000000000000e+04
4.143900871200000000e+10 3.095800000000000000e+04
4.145904973600000000e+10 2.262400000000000000e+04
4.175442424800000000e+10 3.434700000000000000e+04
4.186013293600000000e+10 3.068499999999999272e+04
4.187741293600000000e+10 2.320400000000000000e+04
4.274825719200000000e+10 6.050500000000000000e+04
4.279687504800000000e+10 4.053300000000000000e+04
4.303594420000000000e+10 4.158100000000000000e+04
4.303605527200000000e+10 1.098999999999999272e+04
4.309437556000000000e+10 2.834800000000000000e+04
4.321826500000000000e+10 2.840799999999999272e+04
4.337096788000000000e+10 3.073300000000000000e+04
4.357598308000000000e+10 3.520900000000000000e+04
4.367457044000000000e+10 3.280299999999999272e+04
4.367468005600000000e+10 1.142699999999999272e+04
4.373306309600000000e+10 2.143300000000000000e+04
4.438314373600000000e+10 5.302300000000000000e+04
4.438322247200000000e+10 1.695699999999999636e+04
4.460143749600000000e+10 4.613500000000000000e+04
4.460149080800000000e+10 5.392000000000000000e+03
4.516766098400000000e+10 5.549100000000000000e+04
4.580612023200000000e+10 6.877600000000000000e+04
4.600784885600000000e+10 5.089300000000000000e+04
4.626410586400000000e+10 4.922500000000000000e+04
4.673341786400000000e+10 5.637800000000000000e+04
4.681129743200000000e+10 4.187200000000000000e+04
4.681148266400000000e+10 2.786300000000000728e+04
4.720839564000000000e+10 4.495200000000000000e+04
4.720852784800000000e+10 8.173000000000003638e+03
4.774401754400000000e+10 5.874600000000000000e+04
4.789284860000000000e+10 4.412700000000000000e+04
4.794611712800000000e+10 3.280800000000000000e+04
4.809277653600000000e+10 3.252700000000000000e+04
4.821831656800000000e+10 3.057000000000000000e+04
4.896055509600000000e+10 6.041700000000000000e+04
4.901859920800000000e+10 4.039300000000000000e+04
4.903583378400000000e+10 2.702199999999999272e+04
4.938316652000000000e+10 4.489300000000000000e+04
4.963509560800000000e+10 4.218500000000000000e+04
4.963515258400000000e+10 7.857000000000007276e+03
4.975082165600000000e+10 3.210900000000000000e+04
4.975931308000000000e+10 2.431900000000000000e+04
4.986440244000000000e+10 2.495900000000000000e+04
5.013350952800000000e+10 3.602000000000000000e+04
5.020711570400000000e+10 2.937800000000000000e+04
5.020726981600000000e+10 1.890600000000000000e+04
5.037284488800000000e+10 2.656200000000000000e+04
5.065629292000000000e+10 3.584700000000000000e+04
5.079162199200000000e+10 3.561400000000000000e+04
5.079167412000000000e+10 3.039000000000000000e+03
5.151968418400000000e+10 6.637700000000000000e+04
5.152877917600000000e+10 3.717400000000000000e+04
5.172014311200000000e+10 4.061600000000000000e+04
5.192829466400000000e+10 4.106800000000000000e+04
5.219541436000000000e+10 4.169300000000000000e+04
5.229021018400000000e+10 3.659300000000000000e+04
5.331282733600000000e+10 7.650200000000000000e+04
5.343310058400000000e+10 5.413600000000000000e+04
5.363308397600000000e+10 4.527200000000000000e+04
5.374161882400000000e+10 3.751100000000000000e+04
5.431292426400000000e+10 5.862600000000000000e+04
5.431297631200000000e+10 8.382999999999992724e+03
5.454931471200000000e+10 4.964900000000000000e+04
5.486107940000000000e+10 4.937500000000000000e+04
5.486123220000000000e+10 3.052000000000000000e+04
5.529820688800000000e+10 5.000400000000000000e+04
5.537222304800000000e+10 3.477500000000000000e+04
5.564461186400000000e+10 4.370400000000000000e+04
5.571731840800000000e+10 3.378500000000000000e+04
5.580514848800000000e+10 2.922300000000000000e+04
5.600699311200000000e+10 3.420600000000000000e+04
5.631503626400000000e+10 4.131600000000000000e+04
5.631508330400000000e+10 2.455999999999992724e+03
5.636063768800000000e+10 3.072500000000000000e+04
5.636087456800000000e+10 2.196899999999999272e+04
5.677412052000000000e+10 4.236100000000000000e+04
5.701678445600000000e+10 4.199100000000000000e+04
5.712745047200000000e+10 3.386200000000000000e+04
5.739227647200000000e+10 4.320700000000000000e+04
5.782330410400000000e+10 5.079200000000000000e+04
5.837267930400000000e+10 6.170500000000000000e+04
5.837283044000000000e+10 2.031000000000000728e+04
5.868567821600000000e+10 4.758400000000000000e+04
5.868582149600000000e+10 2.782000000000000000e+04
5.902658924000000000e+10 4.629500000000000000e+04
5.903827925600000000e+10 2.796500000000000728e+04
5.903833386400000000e+10 2.716000000000003638e+03
5.953489052000000000e+10 4.977700000000000000e+04
5.966478360800000000e+10 4.330300000000000000e+04
5.981854076000000000e+10 3.853500000000000000e+04
5.981859687200000000e+10 5.689000000000007276e+03
5.998697813600000000e+10 3.303900000000000728e+04
5.998713562400000000e+10 2.439400000000000000e+04
6.005943820000000000e+10 2.271200000000000000e+04
6.006688303200000000e+10 1.714600000000000000e+04
6.038650199200000000e+10 3.241099999999999272e+04
6.066128295200000000e+10 3.977500000000000000e+04
6.084879413600000000e+10 3.578100000000000728e+04
6.087138415200000000e+10 2.523300000000000000e+04
6.087734642400000000e+10 1.944100000000000000e+04
6.092099533600000000e+10 1.860300000000000000e+04
6.095181896800000000e+10 1.636099999999999636e+04
6.118139442400000000e+10 2.546300000000000000e+04
6.122098948000000000e+10 2.151200000000000000e+04
6.143801546400000000e+10 2.801600000000000728e+04
6.144979796000000000e+10 2.121200000000000728e+04
6.170730629600000000e+10 3.136799999999999272e+04
6.196680389600000000e+10 4.033200000000000000e+04
6.196691644000000000e+10 1.787700000000000728e+04
6.203513773600000000e+10 2.417700000000000000e+04
6.228131127200000000e+10 3.245800000000000000e+04
6.233280400800000000e+10 2.708599999999999272e+04
6.323692234400000000e+10 6.563300000000000000e+04
6.323705466400000000e+10 3.328699999999999272e+04
6.327934167200000000e+10 3.490500000000000000e+04
6.335277112800000000e+10 2.876500000000000000e+04
6.342227432800000000e+10 2.582900000000000728e+04
6.356382935200000000e+10 2.550000000000000000e+04
6.407437562400000000e+10 5.414300000000000000e+04
6.455590284000000000e+10 6.763800000000000000e+04
6.463645858400000000e+10 4.423800000000000000e+04
6.463656674400000000e+10 2.038300000000000000e+04
6.482268700000000000e+10 3.512300000000000000e+04
6.483550780000000000e+10 2.427300000000000000e+04
6.483557818400000000e+10 6.266999999999992724e+03
6.508822650400000000e+10 3.393600000000000000e+04
6.539962181600000000e+10 3.888100000000000000e+04
6.550935076000000000e+10 3.686100000000000000e+04
6.568588239200000000e+10 3.624700000000000728e+04
6.584344052000000000e+10 3.202299999999999272e+04
6.586404239200000000e+10 2.480800000000000000e+04
6.634132101600000000e+10 4.697800000000000000e+04
6.641218861600000000e+10 3.533100000000000728e+04
6.651469276000000000e+10 3.298100000000000000e+04
6.654442831200000000e+10 2.401500000000000000e+04
6.658286135200000000e+10 2.070500000000000000e+04
6.686721916000000000e+10 3.366300000000000728e+04
6.695893432800000000e+10 2.792800000000000000e+04
6.736378253600000000e+10 4.558600000000000000e+04
6.753270781600000000e+10 4.392800000000000000e+04
6.753276216800000000e+10 5.657999999999996362e+03
6.765413749600000000e+10 3.255600000000000728e+04
6.842240722400000000e+10 6.830500000000000000e+04
6.892862180000000000e+10 6.640900000000000000e+04
6.892868640800000000e+10 1.864900000000000728e+04
6.893989621600000000e+10 3.200900000000000000e+04
6.895733168800000000e+10 2.415200000000000000e+04
6.928310228000000000e+10 3.974900000000000000e+04
6.930451802400000000e+10 2.754900000000000728e+04
6.948679207200000000e+10 3.220000000000000728e+04
6.948690280800000000e+10 1.841900000000000000e+04
6.958483127200000000e+10 2.476900000000000000e+04
6.959744656800000000e+10 1.888200000000000000e+04
6.964357970400000000e+10 1.812800000000000000e+04
6.970163154400000000e+10 1.792100000000000000e+04
6.979687013600000000e+10 1.907800000000000000e+04
7.028000192800000000e+10 4.406700000000000000e+04
7.043430812000000000e+10 3.665300000000000000e+04
7.045129132000000000e+10 2.651200000000000000e+04
7.080780044000000000e+10 4.150600000000000000e+04
7.098586647200000000e+10 3.663100000000000000e+04
7.098592716000000000e+10 7.843999999999996362e+03
7.109769332000000000e+10 2.972900000000000000e+04
7.122087640800000000e+10 2.928899999999999272e+04
7.142032181600000000e+10 3.317000000000000728e+04
7.144531317600000000e+10 2.441100000000000000e+04
7.159056197600000000e+10 2.720500000000000000e+04
7.174030813600000000e+10 2.865600000000000728e+04
7.174898466400000000e+10 2.111100000000000000e+04
7.218101136800000000e+10 4.397400000000000000e+04
7.224583903200000000e+10 3.190900000000000000e+04
7.247312508000000000e+10 3.631400000000000728e+04
7.248878768800000000e+10 2.692599999999999272e+04
7.272755068000000000e+10 3.574600000000000000e+04
7.289116258400000000e+10 3.529400000000000000e+04
7.291534336800000000e+10 2.503600000000000000e+04
7.320129975200000000e+10 3.593400000000000728e+04
7.327930482400000000e+10 3.008899999999999272e+04
7.372926360800000000e+10 4.951500000000000000e+04
7.398508282400000000e+10 4.331600000000000000e+04
7.414377988000000000e+10 3.986000000000000000e+04
7.466166711200000000e+10 5.930400000000000000e+04
7.493599903200000000e+10 4.960100000000000000e+04
7.494133618400000000e+10 3.232600000000000728e+04
7.494409607200000000e+10 2.196200000000000000e+04
7.494418149600000000e+10 8.111000000000000000e+03
7.511041316000000000e+10 2.752700000000000728e+04
7.529991487200000000e+10 3.326900000000000000e+04
7.591052682400000000e+10 5.654000000000000000e+04
7.648294903200000000e+10 7.152900000000000000e+04
7.678197938400000000e+10 5.935300000000000000e+04
7.750674316000000000e+10 7.070600000000000000e+04
7.767957594400000000e+10 5.307900000000000000e+04
7.794594415200000000e+10 4.987100000000000000e+04
7.804638154400000000e+10 3.713300000000000000e+04
7.816981948000000000e+10 3.526800000000000728e+04
7.820643348000000000e+10 2.612900000000000000e+04
7.883655485600000000e+10 5.503200000000000000e+04
7.887174514400000000e+10 3.855300000000000000e+04
7.887180584800000000e+10 7.103000000000003638e+03
7.895023504800000000e+10 2.816900000000000000e+04
7.946240592800000000e+10 4.898700000000000000e+04
7.978721759200000000e+10 5.835300000000000000e+04
7.990655301600000000e+10 4.169700000000000000e+04
8.050504860000000000e+10 5.792300000000000000e+04
8.053843263200000000e+10 3.988000000000000000e+04
8.080219071200000000e+10 4.463300000000000000e+04
8.120633360800000000e+10 5.117900000000000000e+04
8.130942444000000000e+10 3.808600000000000000e+04
8.133851594400000000e+10 2.838100000000000000e+04
8.164872156000000000e+10 4.335400000000000000e+04
8.222281002400000000e+10 6.529800000000000000e+04
8.222287095200000000e+10 1.409300000000000364e+04
8.233004264800000000e+10 3.833000000000000000e+04
8.233009236000000000e+10 2.619000000000003638e+03
8.243650317600000000e+10 3.206500000000000000e+04
8.250079746400000000e+10 2.702300000000000728e+04
8.259870551200000000e+10 2.688800000000000000e+04
8.289790666400000000e+10 3.744800000000000000e+04
8.358656056800000000e+10 6.626900000000000000e+04
8.401557087200000000e+10 6.338800000000000000e+04
8.405859762400000000e+10 4.305300000000000000e+04
8.419902823200000000e+10 3.594500000000000000e+04
8.424197132000000000e+10 2.833100000000000000e+04
8.468801015200000000e+10 4.804500000000000000e+04
8.488085351200000000e+10 4.290500000000000000e+04
8.488160936800000000e+10 2.604500000000000000e+04
8.501872479200000000e+10 3.010400000000000000e+04
8.520009282400000000e+10 3.131500000000000000e+04
8.524368397600000000e+10 2.631400000000000000e+04
8.539491016800000000e+10 2.880900000000000000e+04
8.563247428000000000e+10 3.542100000000000000e+04
8.573226573600000000e+10 3.251400000000000728e+04
8.575658762400000000e+10 2.304400000000000000e+04
8.578605512800000000e+10 1.921800000000000000e+04
8.599849128800000000e+10 2.769400000000000000e+04
8.641651639200000000e+10 4.300200000000000000e+04
8.651279996000000000e+10 3.888200000000000000e+04
8.658311741600000000e+10 2.972000000000000000e+04
8.683367111200000000e+10 3.495999999999999272e+04
8.706345688800000000e+10 3.931600000000000000e+04
8.757630896800000000e+10 5.344100000000000000e+04
8.765065280800000000e+10 3.951100000000000000e+04
8.771320844000000000e+10 3.149699999999999272e+04
8.786303877600000000e+10 3.398500000000000000e+04
8.810318093600000000e+10 3.628700000000000000e+04
8.822831768800000000e+10 3.553400000000000000e+04
8.855133160800000000e+10 4.073500000000000000e+04
8.860839720800000000e+10 3.184400000000000000e+04
8.866272936800000000e+10 2.720399999999999272e+04
8.880992954400000000e+10 2.888699999999999272e+04
8.921943860000000000e+10 4.625000000000000000e+04
8.921948840800000000e+10 4.226000000000003638e+03
8.953658864800000000e+10 4.717700000000000000e+04
8.953672052000000000e+10 2.727200000000000000e+04
8.961969684000000000e+10 2.877500000000000728e+04
8.975265890400000000e+10 2.758800000000000000e+04
8.978611647200000000e+10 2.482400000000000000e+04
