# Timestamps in ns,Energies
1.195901840000000000e+08 8.670100000000000000e+04
1.625893160000000000e+09 8.269400000000000000e+04
1.626079800000000000e+09 4.717000000000000000e+04
1.641417704000000000e+09 3.802400000000000000e+04
1.703938392000000000e+09 3.516300000000000000e+04
1.796487064000000000e+09 2.863200000000000000e+04
4.308347656000000000e+09 9.408200000000000000e+04
4.650802776000000000e+09 6.736800000000000000e+04
4.888952568000000000e+09 5.605600000000000000e+04
5.485633832000000000e+09 5.797200000000000000e+04
6.109317240000000000e+09 6.413200000000000000e+04
6.652888312000000000e+09 6.365100000000000000e+04
7.617653176000000000e+09 7.805600000000000000e+04
7.617775304000000000e+09 4.128200000000000000e+04
8.972772376000000000e+09 7.628800000000000000e+04
9.499614760000000000e+09 6.806800000000000000e+04
9.756664856000000000e+09 6.521200000000000000e+04
1.025611474400000000e+10 6.568000000000000000e+04
1.025627823200000000e+10 3.146800000000000000e+04
1.068790386400000000e+10 4.764200000000000000e+04
1.085996333600000000e+10 4.137500000000000000e+04
1.114736469600000000e+10 4.835500000000000000e+04
1.125832220000000000e+10 3.655000000000000000e+04
1.145282402400000000e+10 3.676900000000000000e+04
1.240348069600000000e+10 7.564000000000000000e+04
1.292127629600000000e+10 5.919200000000000000e+04
1.299642404000000000e+10 4.205100000000000000e+04
1.309536144800000000e+10 4.067200000000000000e+04
1.389564637600000000e+10 5.856100000000000000e+04
1.413894183200000000e+10 5.016200000000000000e+04
1.432810114400000000e+10 4.257300000000000000e+04
1.439826975200000000e+10 3.408000000000000728e+04
1.451770621600000000e+10 3.293500000000000728e+04
1.457273362400000000e+10 2.810000000000000000e+04
1.465917228000000000e+10 2.573900000000000000e+04
1.481989010400000000e+10 2.847200000000000728e+04
1.668123362400000000e+10 8.206400000000000000e+04
1.766179932000000000e+10 7.337600000000000000e+04
1.783561461600000000e+10 5.376000000000000000e+04
1.810380826400000000e+10 4.877000000000000000e+04
1.834896596000000000e+10 4.913600000000000000e+04
1.850264501600000000e+10 4.057700000000000000e+04
2.009596845600000000e+10 8.633800000000000000e+04
2.037832564000000000e+10 6.047300000000000000e+04
2.111372592800000000e+10 6.365100000000000000e+04
2.162381040800000000e+10 6.398600000000000000e+04
2.189807080800000000e+10 5.164200000000000000e+04
2.200177183200000000e+10 4.328100000000000000e+04
2.201463232800000000e+10 3.187000000000000000e+04
2.315540108000000000e+10 6.603700000000000000e+04
2.392987741600000000e+10 7.240200000000000000e+04
2.485035335200000000e+10 7.911600000000000000e+04
2.523129920800000000e+10 6.139900000000000000e+04
2.549432149600000000e+10 5.831400000000000000e+04
2.549437092000000000e+10 5.359999999999992724e+03
2.585854362400000000e+10 4.745900000000000000e+04
2.669253021600000000e+10 6.688000000000000000e+04
2.708934412000000000e+10 6.152000000000000000e+04
2.710637732000000000e+10 3.839100000000000000e+04
2.801240333600000000e+10 8.036900000000001455e+04
2.893269959200000000e+10 8.499400000000001455e+04
2.994194624800000000e+10 7.853300000000000000e+04
3.011588943200000000e+10 5.143300000000000000e+04
3.020232341600000000e+10 3.953600000000000000e+04
3.141483781600000000e+10 7.049100000000000000e+04
3.162982088800000000e+10 5.763400000000000000e+04
3.163708328800000000e+10 3.749200000000000000e+04
3.203145424800000000e+10 4.829000000000000000e+04
3.218469445600000000e+10 3.884100000000000000e+04
3.241206151200000000e+10 4.674100000000000000e+04
3.304671973600000000e+10 6.411200000000000000e+04
3.304676984800000000e+10 7.119000000000007276e+03
3.317152191200000000e+10 3.837800000000000000e+04
3.388040700000000000e+10 5.750500000000000000e+04
3.760987882400000000e+10 8.896800000000001455e+04
3.788878941600000000e+10 6.587200000000000000e+04
3.788885117600000000e+10 1.516299999999999636e+04
3.817074845600000000e+10 4.793700000000000000e+04
3.840062120800000000e+10 4.506100000000000000e+04
3.850861463200000000e+10 3.749600000000000000e+04
3.875487989600000000e+10 3.792700000000000000e+04
3.885440384800000000e+10 3.331900000000000000e+04
4.044412023200000000e+10 7.520900000000000000e+04
4.055786120800000000e+10 5.152400000000000000e+04
4.055800144800000000e+10 2.873900000000000728e+04
4.086700941600000000e+10 4.409600000000000000e+04
4.099299056800000000e+10 4.018800000000000000e+04
4.141288898400000000e+10 4.888100000000000000e+04
4.284309352800000000e+10 8.311200000000000000e+04
4.284324528800000000e+10 4.281200000000000000e+04
4.435457693600000000e+10 8.405900000000000000e+04
4.461154584800000000e+10 6.313100000000000000e+04
4.498528591200000000e+10 5.701800000000000000e+04
4.500456676000000000e+10 3.576200000000000000e+04
4.500465052000000000e+10 1.533799999999999636e+04
4.547013176800000000e+10 4.930400000000000000e+04
4.587054695200000000e+10 5.312800000000000000e+04
4.675086384800000000e+10 6.464800000000000000e+04
4.686454032800000000e+10 5.353400000000000000e+04
4.700499567200000000e+10 3.915900000000000000e+04
4.700515399200000000e+10 2.486200000000000000e+04
4.714941636000000000e+10 3.180300000000000000e+04
4.719632525600000000e+10 2.591800000000000728e+04
4.744416218400000000e+10 3.177000000000000000e+04
4.812981874400000000e+10 5.583200000000000000e+04
4.842199061600000000e+10 5.120000000000000000e+04
4.845870941600000000e+10 3.528600000000000000e+04
4.845879856800000000e+10 1.445599999999999272e+04
4.861449858400000000e+10 3.214700000000000728e+04
4.865325580000000000e+10 2.485599999999999272e+04
4.888749887200000000e+10 2.993899999999999272e+04
5.029148208800000000e+10 7.648200000000000000e+04
5.041344732000000000e+10 5.399200000000000000e+04
5.087372463200000000e+10 5.588500000000000000e+04
5.240484407200000000e+10 8.909700000000000000e+04
5.249593288800000000e+10 4.868000000000000000e+04
5.265037404000000000e+10 4.452400000000000000e+04
5.369224528800000000e+10 7.246400000000000000e+04
5.369230064800000000e+10 1.242999999999999636e+04
5.419467074400000000e+10 5.975100000000000000e+04
5.442829375200000000e+10 4.894500000000000000e+04
5.460817978400000000e+10 4.411200000000000000e+04
5.488371186400000000e+10 5.029400000000000000e+04
5.508097519200000000e+10 3.854400000000000000e+04
5.551920874400000000e+10 5.005000000000000000e+04
5.578106592800000000e+10 5.064900000000000000e+04
5.606865416800000000e+10 4.856800000000000000e+04
5.606875128800000000e+10 1.872600000000000000e+04
5.608517685600000000e+10 2.835000000000000728e+04
5.619834352800000000e+10 2.906900000000000000e+04
5.680880912800000000e+10 5.570700000000000000e+04
5.708591508000000000e+10 4.707400000000000000e+04
5.716889466400000000e+10 3.525000000000000000e+04
5.731420964000000000e+10 3.986300000000000000e+04
5.733280927200000000e+10 2.805699999999999272e+04
5.778550463200000000e+10 4.056200000000000000e+04
5.848444317600000000e+10 6.176000000000000000e+04
5.848453208800000000e+10 2.464900000000000000e+04
5.858954224800000000e+10 3.778000000000000000e+04
5.886367263200000000e+10 4.314600000000000000e+04
5.904079362400000000e+10 3.853600000000000000e+04
5.906272015200000000e+10 2.653600000000000000e+04
5.919100575200000000e+10 2.736100000000000000e+04
5.944567436000000000e+10 3.667400000000000000e+04
5.944572388000000000e+10 2.027000000000003638e+03
5.965013085600000000e+10 3.408100000000000000e+04
5.966389860000000000e+10 2.569900000000000000e+04
5.968873340000000000e+10 2.206600000000000000e+04
6.029302741600000000e+10 4.914500000000000000e+04
6.055529903200000000e+10 4.875200000000000000e+04
6.063156687200000000e+10 3.451100000000000000e+04
6.119159221600000000e+10 5.022400000000000000e+04
6.133732792800000000e+10 3.963500000000000000e+04
6.133737588000000000e+10 3.167999999999992724e+03
6.150770106400000000e+10 3.703800000000000000e+04
6.270380290400000000e+10 8.354500000000000000e+04
6.270389679200000000e+10 2.688100000000000000e+04
6.320369780000000000e+10 5.440300000000000000e+04
6.333255215200000000e+10 4.315200000000000000e+04
6.504733357600000000e+10 8.184100000000000000e+04
6.640630589600000000e+10 8.972500000000000000e+04
6.662196834400000000e+10 5.887200000000000000e+04
6.662209261600000000e+10 3.142800000000000728e+04
6.684754023200000000e+10 4.111800000000000000e+04
6.729119948000000000e+10 5.432800000000000000e+04
6.762895424800000000e+10 5.296200000000000000e+04
6.783535079200000000e+10 4.428000000000000000e+04
6.789757109600000000e+10 3.849100000000000000e+04
6.850186282400000000e+10 5.229600000000000000e+04
6.850193797600000000e+10 1.683400000000000728e+04
6.877374964000000000e+10 4.554500000000000000e+04
6.963577690400000000e+10 6.509000000000000000e+04
6.976096404000000000e+10 5.023600000000000000e+04
6.976104170400000000e+10 1.787599999999999272e+04
6.984501831200000000e+10 3.313800000000000728e+04
7.085351461600000000e+10 6.848400000000000000e+04
7.089097741600000000e+10 4.488000000000000000e+04
7.105690852000000000e+10 3.900000000000000000e+04
7.168909111200000000e+10 5.356300000000000000e+04
7.170283847200000000e+10 3.640900000000000000e+04
7.170921391200000000e+10 3.008000000000000000e+04
7.170927436000000000e+10 4.594999999999996362e+03
7.279732232800000000e+10 6.607700000000000000e+04
7.338424463200000000e+10 6.120900000000000000e+04
7.338436839200000000e+10 1.179400000000000000e+04
7.348895544800000000e+10 3.682600000000000000e+04
7.382755826400000000e+10 5.042400000000000000e+04
7.446358458400000000e+10 6.173600000000000000e+04
7.529260148000000000e+10 6.856500000000000000e+04
7.567690908000000000e+10 6.431300000000000000e+04
7.590785696800000000e+10 5.376800000000000000e+04
7.594494589600000000e+10 3.597600000000000000e+04
7.639839255200000000e+10 4.647000000000000000e+04
7.887577642400000000e+10 9.094900000000000000e+04
7.887582564000000000e+10 1.215900000000000728e+04
7.984873719200000000e+10 7.650400000000000000e+04
7.999668060000000000e+10 5.123300000000000000e+04
8.036838052000000000e+10 5.413800000000000000e+04
8.036842600800000000e+10 2.938000000000003638e+03
8.066821359200000000e+10 5.012800000000000000e+04
8.142204802400000000e+10 6.136900000000000000e+04
8.142213220000000000e+10 2.346200000000000000e+04
8.211751639200000000e+10 5.968000000000000000e+04
8.211756856800000000e+10 9.178999999999992724e+03
8.235564277600000000e+10 4.932700000000000000e+04
8.249760828000000000e+10 4.002600000000000000e+04
8.353485408800000000e+10 8.173200000000001455e+04
8.372019626400000000e+10 5.054400000000000000e+04
8.432734074400000000e+10 6.143300000000000000e+04
8.441374568800000000e+10 4.157600000000000000e+04
8.441382540000000000e+10 1.478499999999999272e+04
8.473668100000000000e+10 4.357200000000000000e+04
8.605128130400000000e+10 7.607900000000000000e+04
8.612893434400000000e+10 5.142400000000000000e+04
8.655788815200000000e+10 5.862300000000000000e+04
8.666907181600000000e+10 4.476100000000000000e+04
8.669148024800000000e+10 3.365700000000000000e+04
8.812265533600000000e+10 7.304100000000000000e+04
