# Timestamps in ns,Energies
4.854543200000000000e+07 2.098000000000000000e+04
7.091325600000000000e+07 1.729000000000000000e+04
9.188216800000000000e+07 1.470900000000000000e+04
1.360106320000000000e+08 1.440000000000000000e+04
1.793137520000000000e+08 1.403600000000000728e+04
1.946557200000000000e+08 1.165300000000000364e+04
2.448596880000000000e+08 1.240800000000000728e+04
2.559768560000000000e+08 1.028600000000000000e+04
3.473971440000000000e+08 1.320100000000000000e+04
3.649890480000000000e+08 1.101499999999999272e+04
5.356332720000000000e+08 1.723300000000000000e+04
6.251177680000000000e+08 1.853600000000000000e+04
7.733634960000000000e+08 2.148900000000000000e+04
7.813663600000000000e+08 1.657599999999999272e+04
8.591555600000000000e+08 1.743400000000000000e+04
9.037753680000000000e+08 1.534599999999999272e+04
1.117002120000000000e+09 2.271800000000000728e+04
1.176144584000000000e+09 2.071100000000000000e+04
1.206672104000000000e+09 1.816900000000000000e+04
1.265552296000000000e+09 1.729700000000000000e+04
1.331651480000000000e+09 1.700100000000000000e+04
1.474567528000000000e+09 2.112000000000000000e+04
1.521534376000000000e+09 1.836900000000000000e+04
1.566842920000000000e+09 1.722500000000000000e+04
1.771302616000000000e+09 2.414400000000000000e+04
1.813582072000000000e+09 1.915200000000000000e+04
1.944044760000000000e+09 2.194300000000000000e+04
1.975600536000000000e+09 1.884800000000000000e+04
2.007738616000000000e+09 1.662700000000000728e+04
2.059222360000000000e+09 1.638499999999999636e+04
2.064853352000000000e+09 1.282100000000000000e+04
2.227649448000000000e+09 1.863200000000000000e+04
2.245631064000000000e+09 1.566599999999999272e+04
2.304375672000000000e+09 1.516300000000000000e+04
2.515645352000000000e+09 2.276299999999999272e+04
2.542456760000000000e+09 1.863700000000000728e+04
2.558888040000000000e+09 1.561000000000000000e+04
2.697344504000000000e+09 1.967300000000000000e+04
2.842737816000000000e+09 2.195400000000000000e+04
2.899711768000000000e+09 2.000799999999999272e+04
2.932294872000000000e+09 1.770500000000000000e+04
2.941896680000000000e+09 1.383299999999999636e+04
3.218261656000000000e+09 2.640100000000000000e+04
3.319049560000000000e+09 2.508000000000000000e+04
3.376655896000000000e+09 2.329700000000000000e+04
3.634282936000000000e+09 3.298799999999999272e+04
3.644040312000000000e+09 2.256700000000000000e+04
3.683853544000000000e+09 2.010500000000000000e+04
3.812928024000000000e+09 2.257900000000000000e+04
3.852157928000000000e+09 1.952800000000000000e+04
3.898981160000000000e+09 1.760300000000000000e+04
3.973974856000000000e+09 1.864900000000000000e+04
4.013314360000000000e+09 1.606100000000000000e+04
4.050934120000000000e+09 1.513000000000000000e+04
4.051026424000000000e+09 5.826999999999996362e+03
4.082349576000000000e+09 1.238599999999999272e+04
4.158045864000000000e+09 1.400799999999999272e+04
4.272646008000000000e+09 1.712100000000000000e+04
4.321563224000000000e+09 1.616500000000000728e+04
4.495621768000000000e+09 2.129800000000000000e+04
4.504129160000000000e+09 1.644100000000000000e+04
4.607228184000000000e+09 1.840900000000000000e+04
4.708310168000000000e+09 1.981600000000000000e+04
4.720345256000000000e+09 1.602899999999999636e+04
4.753109096000000000e+09 1.454899999999999636e+04
4.768937272000000000e+09 1.227800000000000728e+04
4.828128328000000000e+09 1.349500000000000364e+04
4.844141688000000000e+09 1.088900000000000728e+04
4.882139608000000000e+09 1.126699999999999636e+04
4.915361768000000000e+09 1.065700000000000364e+04
5.033374424000000000e+09 1.447499999999999636e+04
5.084353400000000000e+09 1.391399999999999272e+04
5.104296344000000000e+09 1.199499999999999272e+04
5.425453960000000000e+09 2.510900000000000000e+04
5.494903672000000000e+09 2.302400000000000000e+04
5.495064984000000000e+09 1.528000000000000000e+04
5.514049080000000000e+09 1.497099999999999636e+04
5.677857896000000000e+09 2.080100000000000000e+04
5.771198024000000000e+09 2.123500000000000000e+04
5.809099400000000000e+09 1.792000000000000000e+04
5.869998984000000000e+09 1.751199999999999636e+04
5.900602120000000000e+09 1.574099999999999636e+04
5.918294520000000000e+09 1.351499999999999272e+04
5.955430136000000000e+09 1.270400000000000728e+04
6.025605352000000000e+09 1.404000000000000728e+04
6.080349928000000000e+09 1.381000000000000364e+04
6.097164760000000000e+09 1.211899999999999636e+04
6.138540584000000000e+09 1.203999999999999272e+04
6.208917736000000000e+09 1.321999999999999272e+04
6.228667992000000000e+09 1.139599999999999272e+04
6.231295544000000000e+09 8.746999999999996362e+03
6.259474792000000000e+09 9.134000000000003638e+03
6.375933672000000000e+09 1.327199999999999636e+04
6.614161384000000000e+09 2.179100000000000000e+04
6.671838952000000000e+09 1.984800000000000000e+04
6.705674584000000000e+09 1.715499999999999272e+04
6.763155032000000000e+09 1.681300000000000000e+04
6.791344488000000000e+09 1.491800000000000728e+04
6.791433784000000000e+09 5.398000000000000000e+03
6.856145944000000000e+09 1.399700000000000000e+04
6.886991384000000000e+09 1.270599999999999272e+04
6.986469064000000000e+09 1.495200000000000000e+04
7.079112120000000000e+09 1.702199999999999272e+04
7.144158776000000000e+09 1.607800000000000000e+04
7.233711208000000000e+09 1.810599999999999636e+04
7.242409320000000000e+09 1.401900000000000364e+04
7.245230120000000000e+09 1.013800000000000364e+04
7.386214920000000000e+09 1.624000000000000000e+04
7.386301944000000000e+09 5.765000000000000000e+03
7.403790120000000000e+09 1.220000000000000000e+04
7.461452056000000000e+09 1.323200000000000364e+04
7.636464312000000000e+09 1.851500000000000000e+04
7.889608488000000000e+09 2.636600000000000000e+04
8.104753176000000000e+09 3.180800000000000728e+04
8.104811816000000000e+09 5.903999999999996362e+03
8.138680648000000000e+09 2.282500000000000000e+04
8.163893256000000000e+09 1.960500000000000000e+04
8.195102440000000000e+09 1.703900000000000000e+04
8.232634760000000000e+09 1.561699999999999636e+04
8.255793656000000000e+09 1.368000000000000728e+04
8.285080296000000000e+09 1.272300000000000000e+04
8.389266312000000000e+09 1.599200000000000364e+04
8.413673096000000000e+09 1.321299999999999636e+04
8.630836056000000000e+09 2.218400000000000000e+04
8.703930296000000000e+09 1.945500000000000000e+04
9.028795864000000000e+09 3.456599999999999272e+04
9.036298792000000000e+09 2.261600000000000000e+04
9.039758728000000000e+09 1.648000000000000000e+04
9.055695208000000000e+09 1.520599999999999272e+04
9.126612648000000000e+09 1.683400000000000000e+04
9.224879544000000000e+09 1.912900000000000000e+04
9.324699080000000000e+09 2.003300000000000000e+04
9.377180424000000000e+09 1.777999999999999636e+04
9.497911560000000000e+09 2.077600000000000000e+04
9.543077176000000000e+09 1.788800000000000000e+04
9.560915624000000000e+09 1.530200000000000364e+04
9.561001288000000000e+09 5.013000000000003638e+03
9.736763464000000000e+09 2.066000000000000000e+04
9.759670600000000000e+09 1.690400000000000000e+04
9.786815944000000000e+09 1.480899999999999272e+04
1.011770452000000000e+10 2.766700000000000000e+04
1.021472728800000000e+10 2.790000000000000000e+04
1.027372920800000000e+10 2.295300000000000000e+04
1.031976287200000000e+10 1.994000000000000000e+04
1.041970178400000000e+10 2.086200000000000728e+04
1.043316464800000000e+10 1.692899999999999636e+04
1.048541156000000000e+10 1.712500000000000000e+04
1.053683308000000000e+10 1.625599999999999272e+04
1.057777245600000000e+10 1.510600000000000000e+04
1.072432007200000000e+10 1.968300000000000000e+04
1.087223346400000000e+10 2.268100000000000728e+04
1.092153394400000000e+10 1.965800000000000000e+04
1.093202421600000000e+10 1.637699999999999272e+04
1.095822815200000000e+10 1.435100000000000728e+04
1.135690399200000000e+10 3.240100000000000000e+04
1.135696487200000000e+10 6.276000000000003638e+03
1.139742103200000000e+10 2.363799999999999272e+04
1.180424872800000000e+10 4.171000000000000000e+04
1.189290642400000000e+10 3.267300000000000000e+04
1.195698610400000000e+10 2.926300000000000000e+04
1.198139626400000000e+10 2.191300000000000000e+04
1.201640564000000000e+10 1.872100000000000000e+04
1.208294948000000000e+10 1.951200000000000000e+04
1.227188240800000000e+10 2.552700000000000000e+04
1.229928732000000000e+10 2.070800000000000000e+04
1.233092096800000000e+10 1.744500000000000000e+04
1.239989400800000000e+10 1.805300000000000000e+04
1.241647252000000000e+10 1.437099999999999272e+04
1.255966672800000000e+10 1.901900000000000000e+04
1.267489044000000000e+10 2.086100000000000000e+04
1.274352440800000000e+10 2.034600000000000000e+04
1.285870053600000000e+10 2.148700000000000000e+04
1.289886948000000000e+10 1.844900000000000000e+04
1.294377421600000000e+10 1.699099999999999636e+04
1.306094620000000000e+10 1.979099999999999272e+04
1.306104871200000000e+10 8.860000000000007276e+03
1.310767845600000000e+10 1.568800000000000000e+04
1.330223460000000000e+10 2.184399999999999272e+04
1.338354168800000000e+10 2.270300000000000000e+04
1.344059780000000000e+10 1.980100000000000000e+04
1.352255141600000000e+10 1.979300000000000000e+04
1.360564919200000000e+10 1.953800000000000000e+04
1.360573853600000000e+10 8.301000000000003638e+03
1.363844832800000000e+10 1.524100000000000000e+04
1.371808728800000000e+10 1.652899999999999636e+04
1.374221005600000000e+10 1.432400000000000728e+04
1.382839096800000000e+10 1.668699999999999272e+04
1.390386863200000000e+10 1.666700000000000000e+04
1.391216544800000000e+10 1.299000000000000000e+04
1.405526391200000000e+10 1.858600000000000000e+04
1.415363818400000000e+10 1.970800000000000000e+04
1.422939074400000000e+10 1.844000000000000000e+04
1.439564986400000000e+10 2.242400000000000000e+04
1.450656026400000000e+10 2.441000000000000000e+04
1.451654818400000000e+10 1.792000000000000000e+04
1.462707127200000000e+10 2.116100000000000000e+04
1.464218128800000000e+10 1.675600000000000728e+04
1.479629250400000000e+10 2.184800000000000000e+04
1.481234159200000000e+10 1.788899999999999272e+04
1.486076885600000000e+10 1.620900000000000000e+04
1.506021538400000000e+10 2.263700000000000728e+04
1.515730447200000000e+10 2.213400000000000000e+04
1.515754370400000000e+10 1.676699999999999272e+04
1.517292052000000000e+10 1.477100000000000364e+04
1.530542231200000000e+10 1.902700000000000000e+04
1.542353820000000000e+10 2.088500000000000000e+04
1.544742786400000000e+10 1.715600000000000000e+04
1.545639994400000000e+10 1.399999999999999272e+04
1.554448364000000000e+10 1.607500000000000728e+04
1.559077725600000000e+10 1.559399999999999636e+04
1.569810775200000000e+10 1.765100000000000000e+04
1.571787576800000000e+10 1.479300000000000728e+04
1.585834258400000000e+10 1.861400000000000000e+04
1.593899029600000000e+10 1.928300000000000728e+04
1.593909468000000000e+10 8.899000000000007276e+03
1.598165848800000000e+10 1.519399999999999636e+04
1.608028589600000000e+10 1.700200000000000000e+04
1.609407732000000000e+10 1.425600000000000000e+04
1.619517303200000000e+10 1.685499999999999272e+04
1.621631085600000000e+10 1.415200000000000728e+04
1.629283400800000000e+10 1.556099999999999636e+04
1.630817520800000000e+10 1.286599999999999636e+04
1.648327940000000000e+10 1.975200000000000000e+04
1.653898564000000000e+10 1.801700000000000000e+04
1.658723780000000000e+10 1.640700000000000000e+04
1.663358100000000000e+10 1.572399999999999636e+04
1.670311551200000000e+10 1.635600000000000000e+04
1.684530925600000000e+10 1.996300000000000000e+04
1.686777346400000000e+10 1.688799999999999272e+04
1.707975930400000000e+10 2.409000000000000000e+04
1.707987743200000000e+10 1.234899999999999636e+04
1.727031442400000000e+10 2.625800000000000000e+04
1.732142140000000000e+10 2.304000000000000000e+04
1.737146900000000000e+10 1.957000000000000000e+04
1.738347836000000000e+10 1.572900000000000000e+04
1.754275264800000000e+10 2.072700000000000000e+04
1.763829204000000000e+10 2.113200000000000000e+04
1.772502308000000000e+10 2.102999999999999272e+04
1.772674652000000000e+10 1.595999999999999636e+04
1.779622488800000000e+10 1.696000000000000000e+04
1.781153760800000000e+10 1.386000000000000728e+04
1.785257781600000000e+10 1.393600000000000728e+04
1.786633564000000000e+10 1.156800000000000364e+04
1.789773652000000000e+10 1.120000000000000000e+04
1.791696215200000000e+10 1.028900000000000000e+04
1.795493311200000000e+10 1.028299999999999272e+04
1.800583772000000000e+10 1.088900000000000728e+04
1.815616928800000000e+10 1.586400000000000000e+04
1.820582396000000000e+10 1.502699999999999272e+04
1.846973202400000000e+10 2.528600000000000728e+04
1.849117815200000000e+10 1.980800000000000000e+04
1.851828869600000000e+10 1.680299999999999636e+04
1.856095020000000000e+10 1.583899999999999636e+04
1.856310820000000000e+10 1.190799999999999272e+04
1.861427911200000000e+10 1.317399999999999272e+04
1.887136072800000000e+10 2.382700000000000000e+04
1.887600308000000000e+10 1.742800000000000000e+04
1.898086085600000000e+10 1.978500000000000000e+04
1.898829255200000000e+10 1.550200000000000000e+04
1.898835852000000000e+10 2.924999999999996362e+03
1.908425047200000000e+10 1.688100000000000000e+04
1.908431671200000000e+10 2.283000000000003638e+03
1.919509925600000000e+10 1.891999999999999272e+04
1.927977239200000000e+10 1.887200000000000000e+04
1.929293191200000000e+10 1.476799999999999636e+04
1.936410012000000000e+10 1.566700000000000000e+04
1.943284330400000000e+10 1.636500000000000000e+04
1.949953621600000000e+10 1.636700000000000000e+04
1.954672853600000000e+10 1.517799999999999272e+04
1.965799685600000000e+10 1.776800000000000000e+04
1.966970866400000000e+10 1.429799999999999636e+04
1.971050309600000000e+10 1.392200000000000364e+04
1.976725418400000000e+10 1.403300000000000000e+04
1.987578164000000000e+10 1.648400000000000000e+04
1.999142559200000000e+10 1.881000000000000000e+04
2.002652599200000000e+10 1.654400000000000000e+04
2.003000436000000000e+10 1.242100000000000728e+04
2.009605516000000000e+10 1.436000000000000000e+04
2.013007258400000000e+10 1.324400000000000000e+04
2.014413528800000000e+10 1.124800000000000728e+04
2.027910908000000000e+10 1.607700000000000000e+04
2.043623151200000000e+10 2.081800000000000000e+04
2.045766362400000000e+10 1.678400000000000000e+04
2.072691220000000000e+10 2.664800000000000728e+04
2.073988892000000000e+10 1.957100000000000000e+04
2.084042157600000000e+10 2.128200000000000000e+04
2.095514309600000000e+10 2.389600000000000000e+04
2.099211664800000000e+10 1.968300000000000000e+04
2.104079733600000000e+10 1.807300000000000000e+04
2.105066687200000000e+10 1.454100000000000364e+04
2.108073445600000000e+10 1.339199999999999636e+04
2.109807466400000000e+10 1.186499999999999636e+04
2.111104461600000000e+10 1.011800000000000000e+04
2.127151242400000000e+10 1.701400000000000000e+04
2.135202389600000000e+10 1.731500000000000000e+04
2.153773656800000000e+10 2.271899999999999272e+04
2.165475562400000000e+10 2.401800000000000000e+04
2.169175071200000000e+10 1.946700000000000000e+04
2.174381892000000000e+10 1.840300000000000000e+04
2.184439160800000000e+10 2.008800000000000000e+04
2.184641813600000000e+10 1.480900000000000000e+04
2.188635698400000000e+10 1.474999999999999272e+04
2.207829136800000000e+10 2.160000000000000000e+04
2.207836240800000000e+10 5.523000000000003638e+03
2.209563469600000000e+10 1.542700000000000000e+04
2.213486856800000000e+10 1.484199999999999272e+04
2.224744490400000000e+10 1.776700000000000000e+04
2.225709519200000000e+10 1.405499999999999272e+04
2.231126836000000000e+10 1.454899999999999272e+04
2.245241746400000000e+10 1.828200000000000000e+04
2.254022700000000000e+10 1.919000000000000000e+04
2.264486690400000000e+10 2.039700000000000000e+04
2.276607664800000000e+10 2.190400000000000000e+04
2.280221240800000000e+10 1.912900000000000000e+04
2.280911213600000000e+10 1.453499999999999636e+04
2.284061986400000000e+10 1.387300000000000728e+04
2.294621860000000000e+10 1.683300000000000000e+04
2.304664738400000000e+10 1.859400000000000000e+04
2.307878461600000000e+10 1.616300000000000000e+04
2.322329669600000000e+10 2.086900000000000000e+04
2.330917320800000000e+10 2.023100000000000000e+04
2.330928026400000000e+10 9.343000000000000000e+03
2.334257053600000000e+10 1.540999999999999636e+04
2.334600600800000000e+10 1.173599999999999636e+04
2.335569404000000000e+10 1.010100000000000364e+04
2.341583564000000000e+10 1.202699999999999636e+04
2.356656304800000000e+10 1.739700000000000000e+04
2.372476748000000000e+10 2.112000000000000000e+04
2.372815317600000000e+10 1.608200000000000000e+04
2.374429661600000000e+10 1.346400000000000364e+04
2.383201189600000000e+10 1.600000000000000000e+04
2.383246013600000000e+10 1.196699999999999272e+04
2.387984853600000000e+10 1.278399999999999272e+04
2.392165616800000000e+10 1.271200000000000000e+04
2.398555263200000000e+10 1.387700000000000364e+04
2.409044272800000000e+10 1.620900000000000000e+04
2.411594028000000000e+10 1.387999999999999272e+04
2.431457775200000000e+10 2.111799999999999272e+04
2.443248143200000000e+10 2.193200000000000000e+04
2.444595349600000000e+10 1.680400000000000000e+04
2.460600968800000000e+10 2.210300000000000000e+04
2.460612421600000000e+10 1.149199999999999636e+04
2.469602772000000000e+10 1.890100000000000000e+04
2.471436613600000000e+10 1.592799999999999636e+04
2.472418660000000000e+10 1.313700000000000364e+04
2.476488031200000000e+10 1.271299999999999272e+04
2.479369984800000000e+10 1.198400000000000364e+04
2.484962469600000000e+10 1.241600000000000000e+04
2.505632386400000000e+10 1.984400000000000000e+04
2.525604031200000000e+10 2.519900000000000000e+04
2.542708717600000000e+10 2.814200000000000000e+04
2.543849240800000000e+10 2.208000000000000000e+04
2.547258816800000000e+10 1.801100000000000000e+04
2.553467794400000000e+10 1.793600000000000000e+04
2.565011360800000000e+10 2.044000000000000000e+04
2.567516402400000000e+10 1.676400000000000000e+04
2.568299223200000000e+10 1.347000000000000728e+04
2.568968674400000000e+10 1.111599999999999636e+04
2.577436351200000000e+10 1.412900000000000000e+04
2.577458160800000000e+10 1.012900000000000000e+04
2.596520359200000000e+10 1.829000000000000000e+04
2.604946853600000000e+10 1.914500000000000000e+04
2.607374196000000000e+10 1.584099999999999636e+04
2.630202274400000000e+10 2.425599999999999272e+04
2.631875484000000000e+10 1.830400000000000000e+04
2.632723373600000000e+10 1.474899999999999636e+04
2.637514981600000000e+10 1.488100000000000000e+04
2.637786933600000000e+10 1.169700000000000364e+04
2.638611860000000000e+10 1.007500000000000000e+04
2.649790757600000000e+10 1.480500000000000000e+04
2.673480005600000000e+10 2.264100000000000000e+04
2.675910896800000000e+10 1.866700000000000000e+04
2.679344165600000000e+10 1.649600000000000000e+04
2.688146328800000000e+10 1.810600000000000000e+04
2.688172311200000000e+10 1.515800000000000000e+04
2.692224383200000000e+10 1.346300000000000728e+04
2.696032340000000000e+10 1.300999999999999272e+04
2.712478183200000000e+10 1.884200000000000000e+04
2.715310392800000000e+10 1.578999999999999636e+04
2.754231440800000000e+10 3.133300000000000000e+04
2.754243402400000000e+10 1.898700000000000000e+04
2.756915280800000000e+10 2.014700000000000000e+04
2.759525535200000000e+10 1.797199999999999636e+04
2.767032087200000000e+10 1.805700000000000000e+04
2.783499613600000000e+10 2.344800000000000000e+04
2.784146344800000000e+10 1.691199999999999636e+04
2.786197304800000000e+10 1.474799999999999636e+04
2.791033160800000000e+10 1.510300000000000000e+04
2.791043629600000000e+10 6.809999999999992724e+03
2.808468692000000000e+10 1.927500000000000000e+04
2.808659607200000000e+10 1.495400000000000000e+04
2.827887471200000000e+10 2.146299999999999272e+04
2.839968581600000000e+10 2.305500000000000000e+04
2.847537536800000000e+10 2.272200000000000000e+04
2.848736986400000000e+10 1.696100000000000000e+04
2.864372677600000000e+10 2.256200000000000000e+04
2.866027650400000000e+10 1.760400000000000000e+04
2.866039087200000000e+10 9.014999999999992724e+03
2.870171456800000000e+10 1.455399999999999272e+04
2.870183728800000000e+10 8.318000000000003638e+03
2.871508237600000000e+10 1.065499999999999272e+04
2.872090317600000000e+10 8.828000000000007276e+03
2.883025108000000000e+10 1.345199999999999272e+04
2.900020640800000000e+10 1.902400000000000000e+04
2.914474218400000000e+10 2.186700000000000000e+04
2.917626124000000000e+10 1.881600000000000000e+04
2.922047426400000000e+10 1.712300000000000000e+04
2.930155154400000000e+10 1.761900000000000000e+04
2.931002901600000000e+10 1.398799999999999636e+04
2.932860973600000000e+10 1.222800000000000000e+04
2.942875213600000000e+10 1.531300000000000000e+04
2.947890138400000000e+10 1.474400000000000364e+04
2.948854632800000000e+10 1.184500000000000000e+04
2.953218858400000000e+10 1.228999999999999272e+04
2.953699437600000000e+10 9.749999999999996362e+03
2.966125920800000000e+10 1.458400000000000000e+04
2.973605512800000000e+10 1.505500000000000000e+04
2.978828148000000000e+10 1.465500000000000000e+04
2.979323884000000000e+10 1.151299999999999272e+04
2.994080853600000000e+10 1.699300000000000000e+04
3.009796767200000000e+10 2.098100000000000000e+04
3.011204911200000000e+10 1.665900000000000000e+04
3.015372978400000000e+10 1.584999999999999272e+04
3.026044951200000000e+10 1.825900000000000000e+04
3.028113077600000000e+10 1.494600000000000000e+04
3.029096218400000000e+10 1.240699999999999272e+04
3.044511424800000000e+10 1.840200000000000000e+04
3.053301194400000000e+10 1.884200000000000000e+04
3.060415591200000000e+10 1.769800000000000000e+04
3.074137860000000000e+10 2.116100000000000000e+04
3.079979301600000000e+10 1.935200000000000000e+04
3.084241004000000000e+10 1.696400000000000000e+04
3.099411928800000000e+10 2.151199999999999272e+04
3.108468252000000000e+10 2.193600000000000000e+04
3.119142101600000000e+10 2.189599999999999272e+04
3.119149192800000000e+10 5.781999999999996362e+03
3.131027141600000000e+10 2.244400000000000000e+04
3.131036850400000000e+10 9.404000000000007276e+03
3.137336064800000000e+10 1.810900000000000000e+04
3.141152629600000000e+10 1.640700000000000000e+04
3.148932738400000000e+10 1.700000000000000000e+04
3.148946871200000000e+10 7.492999999999996362e+03
3.150056776800000000e+10 1.165300000000000728e+04
3.151354480800000000e+10 1.025800000000000364e+04
3.153500632800000000e+10 9.635999999999996362e+03
3.158147370400000000e+10 1.055700000000000728e+04
3.159209348000000000e+10 8.892000000000007276e+03
3.167930396000000000e+10 1.166400000000000728e+04
3.167953448800000000e+10 8.552000000000000000e+03
3.189563352800000000e+10 1.776800000000000000e+04
3.207751392800000000e+10 2.253400000000000000e+04
3.208754797600000000e+10 1.761800000000000000e+04
3.213420280800000000e+10 1.703200000000000000e+04
3.225376927200000000e+10 1.942500000000000000e+04
3.231633016800000000e+10 1.838400000000000000e+04
3.239921732000000000e+10 1.910700000000000000e+04
3.253529802400000000e+10 2.145400000000000000e+04
3.258271842400000000e+10 1.931400000000000000e+04
3.260007576800000000e+10 1.561700000000000728e+04
3.269784496800000000e+10 1.776099999999999636e+04
3.269794872800000000e+10 8.423000000000003638e+03
3.272248476000000000e+10 1.343800000000000364e+04
3.274531282400000000e+10 1.237300000000000728e+04
3.283911592800000000e+10 1.507199999999999272e+04
3.285687359200000000e+10 1.247800000000000728e+04
3.294003824800000000e+10 1.437000000000000728e+04
3.294787362400000000e+10 1.159300000000000000e+04
3.296830034400000000e+10 1.065400000000000364e+04
3.297104216800000000e+10 8.248000000000000000e+03
3.298320141600000000e+10 7.744000000000000000e+03
3.300118495200000000e+10 7.464000000000000000e+03
3.306045853600000000e+10 9.163000000000007276e+03
3.320618104800000000e+10 1.383900000000000728e+04
3.328580866400000000e+10 1.470799999999999636e+04
3.338693802400000000e+10 1.664000000000000000e+04
3.343280351200000000e+10 1.546400000000000364e+04
3.348606596000000000e+10 1.504100000000000000e+04
3.350968474400000000e+10 1.329700000000000364e+04
3.352511890400000000e+10 1.135400000000000364e+04
3.356500096800000000e+10 1.152600000000000728e+04
3.362341477600000000e+10 1.221799999999999272e+04
3.370602450400000000e+10 1.413599999999999636e+04
3.374978466400000000e+10 1.334300000000000728e+04
3.381497026400000000e+10 1.364300000000000364e+04
3.382890477600000000e+10 1.164000000000000728e+04
3.395631500000000000e+10 1.584499999999999272e+04
3.406334957600000000e+10 1.751200000000000000e+04
3.407715565600000000e+10 1.422600000000000364e+04
3.421655340000000000e+10 1.848800000000000000e+04
3.430055487200000000e+10 1.980800000000000000e+04
3.443060816800000000e+10 2.091600000000000000e+04
3.444626530400000000e+10 1.700900000000000728e+04
3.444964496800000000e+10 1.315700000000000728e+04
3.445984028000000000e+10 1.120500000000000364e+04
3.449855624800000000e+10 1.184499999999999272e+04
3.457704544800000000e+10 1.369700000000000000e+04
3.467988407200000000e+10 1.623200000000000000e+04
3.472311053600000000e+10 1.494400000000000000e+04
3.487865335200000000e+10 1.936500000000000000e+04
3.489140548000000000e+10 1.539400000000000364e+04
3.489391839200000000e+10 1.182399999999999636e+04
3.492333159200000000e+10 1.200700000000000000e+04
3.492545775200000000e+10 9.161999999999992724e+03
3.498904597600000000e+10 1.142100000000000364e+04
3.517411237600000000e+10 1.792000000000000000e+04
3.538645623200000000e+10 2.365400000000000000e+04
3.541239007200000000e+10 2.026600000000000000e+04
3.566506980000000000e+10 2.756700000000000000e+04
3.576086669600000000e+10 2.644700000000000000e+04
3.577420980000000000e+10 1.926200000000000000e+04
3.595427820000000000e+10 2.547300000000000000e+04
3.620845250400000000e+10 3.244699999999999272e+04
3.622803010400000000e+10 2.271800000000000728e+04
3.624429386400000000e+10 1.886400000000000000e+04
3.630904639200000000e+10 1.923700000000000000e+04
3.632033829600000000e+10 1.515100000000000364e+04
3.632912999200000000e+10 1.237900000000000728e+04
3.632935061600000000e+10 9.364000000000000000e+03
3.653590327200000000e+10 1.952400000000000000e+04
3.655359069600000000e+10 1.601099999999999636e+04
3.659427908000000000e+10 1.463299999999999272e+04
3.664962631200000000e+10 1.480099999999999272e+04
3.673580946400000000e+10 1.600400000000000000e+04
3.673594261600000000e+10 1.025300000000000728e+04
3.676358528800000000e+10 1.221600000000000364e+04
3.677030943200000000e+10 1.023100000000000728e+04
3.680840247200000000e+10 1.056000000000000364e+04
3.686828418400000000e+10 1.156000000000000000e+04
3.696790757600000000e+10 1.416099999999999636e+04
3.703059143200000000e+10 1.408499999999999272e+04
3.708204498400000000e+10 1.360500000000000728e+04
3.713245594400000000e+10 1.356899999999999636e+04
3.719109306400000000e+10 1.402400000000000364e+04
3.732549311200000000e+10 1.767700000000000000e+04
3.739724826400000000e+10 1.770200000000000000e+04
3.744550962400000000e+10 1.578700000000000000e+04
3.757966980000000000e+10 2.015200000000000000e+04
3.757979484000000000e+10 1.104800000000000000e+04
3.762952924000000000e+10 1.592799999999999636e+04
3.762959600800000000e+10 2.387000000000000000e+03
3.765954839200000000e+10 1.316799999999999636e+04
3.768749791200000000e+10 1.218400000000000364e+04
3.771124444000000000e+10 1.100100000000000728e+04
3.771724828000000000e+10 8.905000000000000000e+03
3.780138079200000000e+10 1.191600000000000000e+04
3.806806586400000000e+10 2.176800000000000000e+04
3.808537277600000000e+10 1.753000000000000000e+04
3.812363202400000000e+10 1.599300000000000000e+04
3.824680071200000000e+10 1.911900000000000000e+04
3.872626786400000000e+10 4.055800000000000000e+04
3.881059100000000000e+10 3.274100000000000728e+04
3.891994010400000000e+10 3.043400000000000000e+04
3.909553776800000000e+10 3.175200000000000000e+04
3.912847920800000000e+10 2.425900000000000000e+04
3.918208972000000000e+10 2.185700000000000000e+04
3.921464092000000000e+10 1.800999999999999636e+04
3.931835674400000000e+10 2.019200000000000000e+04
3.934969708000000000e+10 1.690700000000000000e+04
3.952860365600000000e+10 2.244400000000000000e+04
3.954609250400000000e+10 1.829100000000000000e+04
3.955701965600000000e+10 1.490400000000000000e+04
3.959421671200000000e+10 1.415699999999999272e+04
3.961963442400000000e+10 1.277599999999999636e+04
3.965754426400000000e+10 1.273099999999999272e+04
3.965777456800000000e+10 9.672000000000000000e+03
3.986004799200000000e+10 1.824500000000000000e+04
3.992678532000000000e+10 1.820000000000000000e+04
4.016769482400000000e+10 2.800000000000000000e+04
4.023484932000000000e+10 2.381300000000000728e+04
4.029537700000000000e+10 2.112300000000000000e+04
4.032768392800000000e+10 1.830000000000000000e+04
4.043633568800000000e+10 2.048000000000000000e+04
4.050673981600000000e+10 1.986500000000000000e+04
4.050680380000000000e+10 3.044000000000003638e+03
4.054090738400000000e+10 1.576800000000000364e+04
4.054462676000000000e+10 1.205699999999999272e+04
4.062149090400000000e+10 1.468000000000000728e+04
4.083683330400000000e+10 2.181700000000000000e+04
4.085789216800000000e+10 1.822799999999999272e+04
4.085806364000000000e+10 1.255999999999999272e+04
4.105044279200000000e+10 2.176499999999999272e+04
4.105753933600000000e+10 1.680300000000000000e+04
4.111339671200000000e+10 1.700899999999999636e+04
4.117008064800000000e+10 1.644000000000000000e+04
4.134227348000000000e+10 2.086400000000000000e+04
4.134615527200000000e+10 1.615200000000000364e+04
4.137318551200000000e+10 1.426100000000000728e+04
4.140775732000000000e+10 1.361500000000000728e+04
4.142004874400000000e+10 1.135900000000000728e+04
4.147577696800000000e+10 1.270399999999999272e+04
4.153956965600000000e+10 1.362400000000000728e+04
4.154557748000000000e+10 1.055799999999999636e+04
4.154570431200000000e+10 6.056999999999996362e+03
4.155629810400000000e+10 7.910000000000000000e+03
4.169260280800000000e+10 1.382399999999999636e+04
4.183021437600000000e+10 1.707500000000000000e+04
4.183442724000000000e+10 1.331300000000000728e+04
4.196184445600000000e+10 1.762600000000000000e+04
4.203411234400000000e+10 1.760100000000000000e+04
4.220134237600000000e+10 2.274600000000000000e+04
4.224567492000000000e+10 1.916800000000000000e+04
4.249437688800000000e+10 2.862200000000000000e+04
4.257533431200000000e+10 2.710500000000000728e+04
4.267002077600000000e+10 2.368599999999999272e+04
4.269792120800000000e+10 1.954500000000000000e+04
4.276608120800000000e+10 2.038500000000000000e+04
4.278858962400000000e+10 1.646399999999999272e+04
4.283850655200000000e+10 1.596099999999999272e+04
4.283857632800000000e+10 2.971000000000000000e+03
4.293847557600000000e+10 1.706700000000000000e+04
4.300841975200000000e+10 1.704400000000000000e+04
4.309123652000000000e+10 1.816200000000000000e+04
4.319692159200000000e+10 1.944000000000000000e+04
4.327227791200000000e+10 1.888000000000000000e+04
4.355509847200000000e+10 3.073600000000000000e+04
4.355517964000000000e+10 9.897999999999996362e+03
4.361636223200000000e+10 2.187399999999999272e+04
4.370447050400000000e+10 2.192000000000000000e+04
4.374496413600000000e+10 1.921000000000000000e+04
4.378391031200000000e+10 1.712900000000000000e+04
4.378398906400000000e+10 5.643000000000007276e+03
4.382869135200000000e+10 1.467999999999999272e+04
4.384981517600000000e+10 1.271199999999999272e+04
4.388087999200000000e+10 1.208800000000000364e+04
4.389632455200000000e+10 1.060099999999999272e+04
4.413801436000000000e+10 2.021000000000000000e+04
4.424850893600000000e+10 2.121500000000000728e+04
4.426903007200000000e+10 1.776600000000000000e+04
4.437088493600000000e+10 1.904400000000000000e+04
4.442246757600000000e+10 1.765400000000000000e+04
4.451066301600000000e+10 1.767300000000000000e+04
4.451333557600000000e+10 1.372999999999999272e+04
4.467143423200000000e+10 2.009600000000000000e+04
4.475451183200000000e+10 1.932400000000000000e+04
4.481803799200000000e+10 1.792300000000000000e+04
4.485949765600000000e+10 1.630399999999999636e+04
4.495083140000000000e+10 1.796500000000000000e+04
4.518447532000000000e+10 2.478500000000000000e+04
4.525126124000000000e+10 2.312000000000000000e+04
4.529360736800000000e+10 2.052000000000000000e+04
4.530107149600000000e+10 1.541900000000000728e+04
4.533128442400000000e+10 1.475699999999999272e+04
4.533146546400000000e+10 1.005499999999999272e+04
4.534182080800000000e+10 9.942000000000007276e+03
4.544644279200000000e+10 1.414399999999999636e+04
4.563371836000000000e+10 1.994899999999999272e+04
4.582596066400000000e+10 2.624700000000000728e+04
4.584942349600000000e+10 2.096800000000000000e+04
4.592655909600000000e+10 2.009600000000000000e+04
4.594558228000000000e+10 1.631200000000000000e+04
4.598744900000000000e+10 1.533499999999999636e+04
4.602107543200000000e+10 1.442199999999999636e+04
4.602909760800000000e+10 1.139500000000000364e+04
4.603685628000000000e+10 9.843000000000003638e+03
4.607854868000000000e+10 1.064200000000000000e+04
4.608196772000000000e+10 8.424000000000003638e+03
4.615321381600000000e+10 1.095100000000000000e+04
4.616820506400000000e+10 9.426999999999992724e+03
4.623597828000000000e+10 1.120299999999999636e+04
4.623606080800000000e+10 2.300999999999992724e+03
4.625503527200000000e+10 9.100999999999992724e+03
4.626066495200000000e+10 7.378000000000000000e+03
4.645541976800000000e+10 1.515499999999999636e+04
4.656387952800000000e+10 1.724799999999999272e+04
4.659511885600000000e+10 1.511400000000000364e+04
4.661550576800000000e+10 1.300299999999999636e+04
4.669703010400000000e+10 1.461600000000000364e+04
4.685100794400000000e+10 1.920900000000000000e+04
4.693476842400000000e+10 1.971200000000000000e+04
4.708264324000000000e+10 2.320100000000000000e+04
4.708417693600000000e+10 1.632400000000000000e+04
4.719070762400000000e+10 1.969600000000000000e+04
4.719315866400000000e+10 1.468900000000000364e+04
4.724750052000000000e+10 1.546799999999999272e+04
4.743399316000000000e+10 2.206500000000000000e+04
4.755961466400000000e+10 2.340700000000000000e+04
4.765789384800000000e+10 2.305100000000000000e+04
4.766747541600000000e+10 1.763200000000000000e+04
4.772142336800000000e+10 1.744200000000000000e+04
4.788346912800000000e+10 2.208300000000000000e+04
4.799161434400000000e+10 2.304600000000000000e+04
4.800180157600000000e+10 1.744100000000000000e+04
4.821331157600000000e+10 2.532200000000000000e+04
4.821360308000000000e+10 2.321100000000000000e+04
4.841290296800000000e+10 2.495000000000000000e+04
4.850520752800000000e+10 2.512100000000000000e+04
4.850829205600000000e+10 1.765200000000000000e+04
4.851791954400000000e+10 1.447999999999999636e+04
4.852635618400000000e+10 1.237299999999999636e+04
4.852647568800000000e+10 6.515999999999996362e+03
4.878905855200000000e+10 2.396800000000000000e+04
4.879153088800000000e+10 1.694399999999999636e+04
4.881354269600000000e+10 1.474099999999999272e+04
4.882969988000000000e+10 1.270399999999999272e+04
4.890444356000000000e+10 1.456800000000000000e+04
4.897038319200000000e+10 1.495200000000000000e+04
4.897887453600000000e+10 1.214399999999999272e+04
4.930628268000000000e+10 2.655800000000000728e+04
4.961410772000000000e+10 3.551099999999999272e+04
4.967935517600000000e+10 3.053600000000000000e+04
4.971953640800000000e+10 2.244700000000000000e+04
4.972670671200000000e+10 1.800800000000000000e+04
4.974124215200000000e+10 1.533200000000000728e+04
4.976419237600000000e+10 1.367200000000000728e+04
4.999335004000000000e+10 2.224100000000000000e+04
5.002442349600000000e+10 1.921600000000000000e+04
5.020007159200000000e+10 2.387999999999999272e+04
5.020609868000000000e+10 1.773699999999999272e+04
5.020969837600000000e+10 1.364100000000000728e+04
5.052729260000000000e+10 2.931300000000000000e+04
5.057420607200000000e+10 2.351799999999999272e+04
5.058594519200000000e+10 1.809200000000000000e+04
5.058610328800000000e+10 1.255300000000000728e+04
5.060164258400000000e+10 1.249600000000000364e+04
5.061178879200000000e+10 1.100900000000000728e+04
5.070930960800000000e+10 1.464800000000000728e+04
5.084471645600000000e+10 1.842900000000000728e+04
5.092936720800000000e+10 1.850500000000000000e+04
5.098569626400000000e+10 1.789600000000000000e+04
5.113620295200000000e+10 2.127200000000000000e+04
5.121780268000000000e+10 2.107300000000000000e+04
5.125157352800000000e+10 1.812200000000000000e+04
5.127895400800000000e+10 1.518500000000000000e+04
5.128292608800000000e+10 1.199999999999999636e+04
5.145307504800000000e+10 1.855300000000000000e+04
5.156152127200000000e+10 1.999999999999999272e+04
5.165332432800000000e+10 2.042500000000000000e+04
5.179827173600000000e+10 2.321399999999999272e+04
5.185241029600000000e+10 2.050900000000000000e+04
5.187156887200000000e+10 1.629700000000000000e+04
5.190506616800000000e+10 1.538999999999999272e+04
5.194268429600000000e+10 1.436299999999999272e+04
5.204189160800000000e+10 1.697799999999999636e+04
5.208002354400000000e+10 1.503099999999999272e+04
5.209049720800000000e+10 1.252600000000000000e+04
5.215950927200000000e+10 1.392200000000000364e+04
5.221022869600000000e+10 1.378400000000000364e+04
5.222650082400000000e+10 1.173100000000000728e+04
5.226997448800000000e+10 1.190999999999999636e+04
5.234043978400000000e+10 1.313500000000000728e+04
5.237319434400000000e+10 1.216900000000000728e+04
5.241955039200000000e+10 1.192599999999999272e+04
5.254548338400000000e+10 1.559300000000000000e+04
5.266901256800000000e+10 1.816100000000000000e+04
5.279202424800000000e+10 2.056100000000000000e+04
5.279353322400000000e+10 1.455100000000000000e+04
5.285413972000000000e+10 1.582499999999999636e+04
5.288167444000000000e+10 1.399300000000000728e+04
5.301627632800000000e+10 1.826700000000000000e+04
5.319782912800000000e+10 2.268600000000000728e+04
5.321595448800000000e+10 1.887300000000000000e+04
5.324472999200000000e+10 1.628700000000000000e+04
5.329587847200000000e+10 1.625699999999999636e+04
5.334191037600000000e+10 1.514200000000000364e+04
5.336513596000000000e+10 1.335499999999999272e+04
5.342635802400000000e+10 1.381800000000000364e+04
5.346346872800000000e+10 1.302799999999999272e+04
5.347706800800000000e+10 1.112799999999999272e+04
5.352572717600000000e+10 1.189199999999999636e+04
5.353420181600000000e+10 9.427999999999992724e+03
5.356125812000000000e+10 9.323999999999996362e+03
5.360384498400000000e+10 9.856000000000007276e+03
5.385826340000000000e+10 1.952100000000000000e+04
5.403468938400000000e+10 2.419800000000000000e+04
5.403478468000000000e+10 1.145700000000000000e+04
5.412863960800000000e+10 2.044600000000000000e+04
5.423132600800000000e+10 2.065900000000000000e+04
5.441553506400000000e+10 2.506900000000000728e+04
5.444902303200000000e+10 2.147500000000000000e+04
5.444910847200000000e+10 7.560999999999996362e+03
5.447310076000000000e+10 1.582399999999999636e+04
5.451974613600000000e+10 1.549200000000000000e+04
5.454123223200000000e+10 1.314299999999999272e+04
5.454628823200000000e+10 1.039700000000000728e+04
5.454643044000000000e+10 6.661999999999992724e+03
5.479970804000000000e+10 2.026800000000000000e+04
5.505602530400000000e+10 2.985400000000000728e+04
5.512774180000000000e+10 2.576200000000000000e+04
5.512781133600000000e+10 7.500000000000003638e+03
5.515264005600000000e+10 1.824200000000000000e+04
5.515845869600000000e+10 1.431599999999999272e+04
5.518895133600000000e+10 1.353900000000000000e+04
5.521410375200000000e+10 1.244899999999999272e+04
5.528565634400000000e+10 1.406400000000000364e+04
5.542033332000000000e+10 1.795600000000000000e+04
5.558193170400000000e+10 2.212199999999999272e+04
5.568445842400000000e+10 2.277100000000000000e+04
5.572509733600000000e+10 1.967300000000000000e+04
5.572515751200000000e+10 2.244999999999996362e+03
5.578465253600000000e+10 1.776700000000000000e+04
5.595680100000000000e+10 2.255900000000000728e+04
5.606154328800000000e+10 2.304600000000000000e+04
5.616340189600000000e+10 2.336400000000000000e+04
5.617606879200000000e+10 1.771600000000000000e+04
5.621075143200000000e+10 1.632800000000000000e+04
5.628057484000000000e+10 1.673500000000000000e+04
5.629911264800000000e+10 1.432000000000000000e+04
5.651787440800000000e+10 2.337800000000000000e+04
5.651794178400000000e+10 5.351000000000000000e+03
5.658315136800000000e+10 1.894800000000000000e+04
5.661030925600000000e+10 1.640400000000000000e+04
5.661037674400000000e+10 2.504000000000003638e+03
5.671729218400000000e+10 1.784900000000000000e+04
5.679368111200000000e+10 1.824300000000000000e+04
5.705941063200000000e+10 2.726200000000000000e+04
5.710119591200000000e+10 2.349600000000000000e+04
5.720274188000000000e+10 2.240700000000000000e+04
5.723617756000000000e+10 1.904500000000000000e+04
5.727263583200000000e+10 1.736500000000000000e+04
5.740226172000000000e+10 2.053600000000000000e+04
5.769572018400000000e+10 3.177299999999999272e+04
5.776105303200000000e+10 2.700300000000000000e+04
5.779306682400000000e+10 2.136100000000000000e+04
5.779321116000000000e+10 1.279199999999999272e+04
5.788048922400000000e+10 1.872400000000000000e+04
5.795914559200000000e+10 1.875400000000000000e+04
5.803205588000000000e+10 1.889700000000000000e+04
5.803382215200000000e+10 1.406800000000000000e+04
5.805286149600000000e+10 1.284899999999999272e+04
5.819157618400000000e+10 1.743600000000000000e+04
5.820846597600000000e+10 1.417800000000000000e+04
5.834161744800000000e+10 1.822400000000000000e+04
5.857664252000000000e+10 2.521700000000000000e+04
5.860718919200000000e+10 2.127999999999999272e+04
5.865111376800000000e+10 1.984000000000000000e+04
5.871690493600000000e+10 1.792300000000000000e+04
5.897510812000000000e+10 2.671999999999999272e+04
5.910017983200000000e+10 2.728199999999999272e+04
5.910168759200000000e+10 1.907100000000000000e+04
5.919755384800000000e+10 2.213000000000000000e+04
5.919770448800000000e+10 1.386399999999999636e+04
5.945477436000000000e+10 2.790499999999999272e+04
5.953300540000000000e+10 2.451900000000000000e+04
5.962251207200000000e+10 2.320700000000000728e+04
5.962513300000000000e+10 1.742799999999999636e+04
5.993212268000000000e+10 3.078300000000000000e+04
5.993219703200000000e+10 9.588999999999992724e+03
6.001947316000000000e+10 2.447800000000000728e+04
6.013349720800000000e+10 2.480199999999999272e+04
6.021153626400000000e+10 2.473000000000000000e+04
6.022477492000000000e+10 1.768000000000000000e+04
6.022788856800000000e+10 1.367600000000000000e+04
6.037193967200000000e+10 2.032600000000000000e+04
6.038129087200000000e+10 1.536099999999999636e+04
6.043072055200000000e+10 1.546700000000000000e+04
6.049983815200000000e+10 1.609000000000000728e+04
6.052283826400000000e+10 1.372100000000000364e+04
6.067255052000000000e+10 1.856000000000000000e+04
6.070007565600000000e+10 1.557599999999999636e+04
6.077794986400000000e+10 1.664300000000000000e+04
6.083309260000000000e+10 1.630399999999999636e+04
6.085817304800000000e+10 1.423899999999999636e+04
6.090250197600000000e+10 1.361700000000000364e+04
6.106346260000000000e+10 1.896100000000000000e+04
6.120003600800000000e+10 2.280200000000000000e+04
6.124656608800000000e+10 1.872200000000000000e+04
6.124822549600000000e+10 1.396799999999999636e+04
6.132728991200000000e+10 1.632300000000000000e+04
6.168010461600000000e+10 3.079600000000000728e+04
6.173418916000000000e+10 2.608100000000000000e+04
6.192366568800000000e+10 3.083700000000000000e+04
6.192403236000000000e+10 1.896900000000000000e+04
6.194928791200000000e+10 1.792000000000000000e+04
6.202871944800000000e+10 1.874400000000000000e+04
6.209153716000000000e+10 1.814500000000000000e+04
6.213215168800000000e+10 1.677700000000000000e+04
6.213315495200000000e+10 1.196600000000000364e+04
6.213323861600000000e+10 3.382000000000007276e+03
6.215527405600000000e+10 1.101700000000000000e+04
6.216015618400000000e+10 8.872999999999992724e+03
6.247832575200000000e+10 2.384200000000000000e+04
6.251378428000000000e+10 1.967300000000000000e+04
6.253186752800000000e+10 1.611099999999999272e+04
6.255234765600000000e+10 1.392000000000000728e+04
6.256425932000000000e+10 1.154700000000000364e+04
6.256520978400000000e+10 8.862000000000000000e+03
6.273683964000000000e+10 1.717900000000000000e+04
6.294492756000000000e+10 2.337000000000000000e+04
6.298678263200000000e+10 2.023300000000000000e+04
6.319431036000000000e+10 2.610300000000000000e+04
6.321535597600000000e+10 2.048600000000000000e+04
6.331440383200000000e+10 2.171099999999999272e+04
6.333111776800000000e+10 1.793200000000000000e+04
6.335504312800000000e+10 1.536500000000000000e+04
6.342876845600000000e+10 1.661599999999999636e+04
6.347410447200000000e+10 1.569099999999999272e+04
6.351678645600000000e+10 1.464800000000000000e+04
6.368145266400000000e+10 1.972300000000000000e+04
6.368590773600000000e+10 1.498500000000000000e+04
6.369226484000000000e+10 1.201000000000000000e+04
6.383436127200000000e+10 1.756800000000000000e+04
6.395454930400000000e+10 2.050199999999999272e+04
6.395756191200000000e+10 1.479100000000000728e+04
6.410327199200000000e+10 2.021300000000000000e+04
6.412637424800000000e+10 1.625600000000000000e+04
6.414824436000000000e+10 1.351400000000000000e+04
6.422440528800000000e+10 1.548000000000000728e+04
6.423409528800000000e+10 1.237999999999999636e+04
6.438724685600000000e+10 1.793000000000000000e+04
6.452746159200000000e+10 2.137700000000000000e+04
6.465428516000000000e+10 2.288700000000000000e+04
6.476358421600000000e+10 2.399700000000000728e+04
6.478316149600000000e+10 1.786400000000000000e+04
6.479970280800000000e+10 1.440999999999999636e+04
6.483105620000000000e+10 1.370600000000000364e+04
6.489299914400000000e+10 1.465899999999999272e+04
6.491681818400000000e+10 1.273800000000000364e+04
6.492960911200000000e+10 1.082099999999999636e+04
6.503333248800000000e+10 1.420799999999999636e+04
6.509410213600000000e+10 1.435200000000000364e+04
6.510071828000000000e+10 1.169599999999999272e+04
6.516943876000000000e+10 1.302000000000000000e+04
6.550679320800000000e+10 2.721700000000000000e+04
6.551113519200000000e+10 1.918400000000000000e+04
6.553270260000000000e+10 1.673800000000000000e+04
6.564687368800000000e+10 1.969000000000000000e+04
6.569492570400000000e+10 1.824200000000000000e+04
6.576888389600000000e+10 1.824900000000000000e+04
6.579695764000000000e+10 1.565599999999999636e+04
6.584374506400000000e+10 1.504100000000000364e+04
6.584929103200000000e+10 1.187400000000000728e+04
6.590803208800000000e+10 1.347400000000000000e+04
6.601868048800000000e+10 1.582400000000000000e+04
6.601882036000000000e+10 9.866999999999996362e+03
6.617227941600000000e+10 1.840000000000000000e+04
6.618125082400000000e+10 1.489100000000000728e+04
6.621033077600000000e+10 1.358299999999999636e+04
6.626289869600000000e+10 1.369099999999999636e+04
6.633095172000000000e+10 1.435200000000000364e+04
6.633316919200000000e+10 1.102600000000000728e+04
6.633682956000000000e+10 8.879999999999992724e+03
6.638468413600000000e+10 1.042600000000000000e+04
6.640253524000000000e+10 9.293000000000003638e+03
6.648712647200000000e+10 1.190799999999999636e+04
6.667071149600000000e+10 1.808100000000000000e+04
6.668300621600000000e+10 1.456100000000000364e+04
6.674861085600000000e+10 1.469000000000000000e+04
6.682200908000000000e+10 1.552800000000000000e+04
6.683888260000000000e+10 1.281400000000000000e+04
6.690319388000000000e+10 1.381900000000000728e+04
6.721443309600000000e+10 2.611199999999999272e+04
6.724979876000000000e+10 2.200800000000000000e+04
6.725882549600000000e+10 1.684100000000000728e+04
6.754700456800000000e+10 2.915700000000000000e+04
6.760337272800000000e+10 2.480400000000000000e+04
6.766939300000000000e+10 2.151500000000000000e+04
6.770401400800000000e+10 1.920000000000000000e+04
6.781264239200000000e+10 2.096100000000000000e+04
6.781270498400000000e+10 3.462999999999996362e+03
6.787251562400000000e+10 1.838100000000000000e+04
6.787261496800000000e+10 7.835999999999992724e+03
6.791371298400000000e+10 1.491700000000000000e+04
6.800213765600000000e+10 1.664000000000000000e+04
6.800656612000000000e+10 1.273800000000000000e+04
6.808496426400000000e+10 1.501700000000000364e+04
6.809789356000000000e+10 1.238900000000000000e+04
6.820705045600000000e+10 1.584300000000000000e+04
6.837033676000000000e+10 2.064300000000000000e+04
6.861556445600000000e+10 2.950300000000000000e+04
6.868572567200000000e+10 2.513800000000000000e+04
6.882948823200000000e+10 2.739099999999999272e+04
6.883284935200000000e+10 1.904200000000000000e+04
6.883432580000000000e+10 1.457099999999999636e+04
6.887848679200000000e+10 1.566399999999999272e+04
6.892475239200000000e+10 1.510699999999999272e+04
6.893696840800000000e+10 1.240000000000000000e+04
6.894623639200000000e+10 1.039399999999999636e+04
6.906202260000000000e+10 1.463800000000000364e+04
6.908750416800000000e+10 1.306500000000000364e+04
6.926731456800000000e+10 1.849700000000000000e+04
6.930667426400000000e+10 1.679900000000000000e+04
6.932060426400000000e+10 1.347400000000000364e+04
6.938007138400000000e+10 1.432799999999999272e+04
6.948589693600000000e+10 1.735599999999999636e+04
6.963156892000000000e+10 2.021700000000000000e+04
6.968100986400000000e+10 1.861400000000000000e+04
6.976330421600000000e+10 1.863399999999999272e+04
6.991584712800000000e+10 2.173399999999999272e+04
6.994977584800000000e+10 1.984500000000000000e+04
7.000777410400000000e+10 1.829600000000000000e+04
7.006152408800000000e+10 1.695899999999999636e+04
7.012210373600000000e+10 1.632800000000000000e+04
7.016395952800000000e+10 1.552699999999999636e+04
7.023412109600000000e+10 1.586700000000000000e+04
7.032929180000000000e+10 1.751300000000000000e+04
7.049190127200000000e+10 2.223100000000000000e+04
7.053412034400000000e+10 1.856799999999999272e+04
7.067636256800000000e+10 2.231200000000000000e+04
7.080655400800000000e+10 2.402200000000000000e+04
7.087126647200000000e+10 2.106400000000000000e+04
7.096311720800000000e+10 2.214700000000000000e+04
7.097939620000000000e+10 1.752199999999999636e+04
7.100035938400000000e+10 1.510099999999999636e+04
7.122628690400000000e+10 2.308600000000000000e+04
7.135460311200000000e+10 2.482100000000000000e+04
7.135472917600000000e+10 1.035599999999999272e+04
7.144500616800000000e+10 2.112200000000000000e+04
7.145201108000000000e+10 1.573799999999999636e+04
7.150579690400000000e+10 1.659400000000000000e+04
7.153861160800000000e+10 1.494399999999999636e+04
7.173543495200000000e+10 2.128000000000000000e+04
7.173991797600000000e+10 1.620900000000000000e+04
7.205895476000000000e+10 2.930000000000000000e+04
7.216532032800000000e+10 2.895900000000000000e+04
7.218177098400000000e+10 2.026700000000000000e+04
7.231968988000000000e+10 2.387800000000000728e+04
7.232215400800000000e+10 1.780100000000000000e+04
7.238855898400000000e+10 1.872100000000000000e+04
7.257143704800000000e+10 2.403300000000000000e+04
7.275908965600000000e+10 2.909500000000000000e+04
7.279333869600000000e+10 2.260500000000000728e+04
7.285066816800000000e+10 2.031200000000000000e+04
7.307378677600000000e+10 2.671799999999999272e+04
7.307395144800000000e+10 1.831500000000000000e+04
7.321636668000000000e+10 2.466799999999999272e+04
7.323482922400000000e+10 1.927200000000000000e+04
7.324093231200000000e+10 1.518200000000000000e+04
7.331836837600000000e+10 1.680800000000000000e+04
7.331867804000000000e+10 1.215000000000000000e+04
7.335166888800000000e+10 1.292999999999999272e+04
7.355073074400000000e+10 1.997600000000000000e+04
7.358432167200000000e+10 1.712400000000000000e+04
7.358447064800000000e+10 1.094400000000000364e+04
7.378530965600000000e+10 2.129399999999999272e+04
7.390463162400000000e+10 2.244099999999999272e+04
7.403272725600000000e+10 2.369700000000000000e+04
7.408966432800000000e+10 2.169700000000000000e+04
7.409774504800000000e+10 1.647799999999999636e+04
7.409965232800000000e+10 1.276800000000000000e+04
7.418973226400000000e+10 1.612099999999999636e+04
7.431321880800000000e+10 1.905400000000000000e+04
7.431329820000000000e+10 6.002000000000000000e+03
7.436969252000000000e+10 1.689600000000000000e+04
7.448326784800000000e+10 1.936200000000000000e+04
7.473860508000000000e+10 2.753199999999999272e+04
7.477604036000000000e+10 2.277300000000000000e+04
7.479127938400000000e+10 1.875600000000000000e+04
7.481883482400000000e+10 1.563300000000000728e+04
7.499811004000000000e+10 2.240100000000000000e+04
7.511554072800000000e+10 2.314299999999999272e+04
7.523573143200000000e+10 2.418900000000000728e+04
7.527484458400000000e+10 1.976000000000000000e+04
7.527779384800000000e+10 1.579100000000000000e+04
7.529497205600000000e+10 1.351300000000000000e+04
7.530072247200000000e+10 1.104900000000000364e+04
7.535155044000000000e+10 1.228200000000000000e+04
7.543947594400000000e+10 1.465599999999999272e+04
7.544139460000000000e+10 1.108199999999999272e+04
7.551876983200000000e+10 1.353699999999999272e+04
7.572203959200000000e+10 2.102100000000000000e+04
7.574965463200000000e+10 1.713000000000000000e+04
7.587683973600000000e+10 2.042600000000000000e+04
7.588958877600000000e+10 1.613699999999999272e+04
7.591831192800000000e+10 1.480400000000000364e+04
7.599790919200000000e+10 1.615400000000000000e+04
7.608700170400000000e+10 1.712200000000000000e+04
7.622751740000000000e+10 2.040199999999999272e+04
7.632690559200000000e+10 2.128200000000000000e+04
7.645636322400000000e+10 2.266500000000000000e+04
7.656681543200000000e+10 2.336100000000000000e+04
7.659908167200000000e+10 1.952900000000000000e+04
7.660402405600000000e+10 1.476000000000000728e+04
7.666798981600000000e+10 1.679099999999999272e+04
7.670005629600000000e+10 1.443300000000000364e+04
7.697542351200000000e+10 2.499000000000000728e+04
7.697557424800000000e+10 1.602199999999999272e+04
7.701177938400000000e+10 1.760900000000000000e+04
7.706549410400000000e+10 1.712000000000000000e+04
7.706559066400000000e+10 6.966000000000007276e+03
7.708288607200000000e+10 1.270599999999999636e+04
7.725651960800000000e+10 1.895800000000000000e+04
7.742707906400000000e+10 2.335900000000000000e+04
7.750728919200000000e+10 2.248000000000000000e+04
7.768769749600000000e+10 2.590300000000000000e+04
7.773724055200000000e+10 2.224900000000000000e+04
7.782154285600000000e+10 2.272000000000000000e+04
7.786771828000000000e+10 2.043200000000000000e+04
7.797135960800000000e+10 2.119200000000000000e+04
7.800832372000000000e+10 1.861300000000000000e+04
7.815144567200000000e+10 2.080900000000000000e+04
7.821589786400000000e+10 2.050600000000000000e+04
7.835001304800000000e+10 2.271700000000000000e+04
7.835816860000000000e+10 1.714500000000000000e+04
7.838522684000000000e+10 1.535999999999999636e+04
7.839108503200000000e+10 1.250600000000000728e+04
7.842053084000000000e+10 1.180300000000000728e+04
7.888813621600000000e+10 3.276600000000000000e+04
7.898338666400000000e+10 2.950699999999999272e+04
7.898346794400000000e+10 1.058400000000000728e+04
7.898911892000000000e+10 1.808300000000000000e+04
7.899428799200000000e+10 1.365799999999999272e+04
7.914335452000000000e+10 2.040500000000000000e+04
7.936461808800000000e+10 2.794900000000000000e+04
7.945001797600000000e+10 2.450399999999999272e+04
7.949503351200000000e+10 2.192100000000000000e+04
7.949759685600000000e+10 1.584300000000000000e+04
7.960184727200000000e+10 1.880300000000000000e+04
7.962408189600000000e+10 1.616300000000000000e+04
7.966294608800000000e+10 1.513599999999999272e+04
7.971899925600000000e+10 1.486300000000000000e+04
7.971943453600000000e+10 1.129400000000000364e+04
7.973812213600000000e+10 1.065700000000000364e+04
7.974806688800000000e+10 9.088999999999996362e+03
7.982227104800000000e+10 1.176599999999999636e+04
7.994660055200000000e+10 1.532000000000000000e+04
7.994669853600000000e+10 6.162000000000007276e+03
8.014560956000000000e+10 2.043900000000000000e+04
8.016083752800000000e+10 1.617299999999999272e+04
8.019168900000000000e+10 1.472300000000000000e+04
8.024303597600000000e+10 1.426600000000000364e+04
8.028623183200000000e+10 1.407300000000000728e+04
8.065681263200000000e+10 3.146200000000000000e+04
8.069789212000000000e+10 2.272199999999999272e+04
8.069799532000000000e+10 1.082899999999999272e+04
8.076702015200000000e+10 1.880800000000000000e+04
8.080578349600000000e+10 1.775200000000000000e+04
8.081778450400000000e+10 1.397000000000000000e+04
8.086163389600000000e+10 1.419100000000000000e+04
8.086836287200000000e+10 1.128900000000000000e+04
8.104337429600000000e+10 1.823200000000000000e+04
8.117476424800000000e+10 2.144100000000000000e+04
8.130334716000000000e+10 2.256800000000000000e+04
8.130343639200000000e+10 9.302999999999996362e+03
8.143546658400000000e+10 2.242600000000000000e+04
8.143565288800000000e+10 1.769400000000000364e+04
8.145647682400000000e+10 1.470599999999999636e+04
8.161601077600000000e+10 2.032100000000000000e+04
8.162108604000000000e+10 1.559000000000000000e+04
8.172600300000000000e+10 1.824600000000000000e+04
8.174095524000000000e+10 1.486499999999999272e+04
8.174716837600000000e+10 1.216299999999999636e+04
8.189110245600000000e+10 1.788900000000000000e+04
8.191675882400000000e+10 1.489799999999999636e+04
8.198272437600000000e+10 1.544999999999999636e+04
8.198535975200000000e+10 1.195299999999999636e+04
8.200435440800000000e+10 1.099600000000000364e+04
8.205992053600000000e+10 1.214399999999999272e+04
8.207776400800000000e+10 1.053899999999999272e+04
8.210304261600000000e+10 9.799999999999992724e+03
8.214521109600000000e+10 1.039899999999999636e+04
8.244356287200000000e+10 2.237600000000000000e+04
8.255547244000000000e+10 2.192300000000000000e+04
8.262240308000000000e+10 2.044800000000000000e+04
8.266721093600000000e+10 1.873600000000000000e+04
8.270282058400000000e+10 1.702000000000000728e+04
8.275166780000000000e+10 1.636799999999999272e+04
8.282344060000000000e+10 1.630400000000000000e+04
8.286467018400000000e+10 1.531400000000000728e+04
8.287425304800000000e+10 1.250600000000000364e+04
8.290370061600000000e+10 1.180099999999999272e+04
8.291463636000000000e+10 1.006800000000000364e+04
8.294180693600000000e+10 9.821000000000003638e+03
8.303361418400000000e+10 1.252799999999999636e+04
8.308139445600000000e+10 1.267200000000000728e+04
8.321418266400000000e+10 1.605299999999999636e+04
8.324711869600000000e+10 1.478499999999999272e+04
8.326277591200000000e+10 1.219100000000000364e+04
8.333374316000000000e+10 1.363300000000000728e+04
8.336835444000000000e+10 1.237499999999999272e+04
8.336845936800000000e+10 5.312000000000007276e+03
8.340410775200000000e+10 1.093000000000000728e+04
8.342476087200000000e+10 9.880999999999996362e+03
8.355199850400000000e+10 1.444800000000000364e+04
8.378431212000000000e+10 2.263900000000000000e+04
8.378443519200000000e+10 1.313799999999999272e+04
8.392174370400000000e+10 2.106600000000000000e+04
8.394109108000000000e+10 1.772800000000000000e+04
8.394119149600000000e+10 7.934000000000007276e+03
8.408772500000000000e+10 1.981600000000000000e+04
8.408781388000000000e+10 7.544000000000000000e+03
8.415712818400000000e+10 1.736000000000000000e+04
8.415886124000000000e+10 1.288800000000000000e+04
8.432125324000000000e+10 1.993300000000000000e+04
8.439030261600000000e+10 1.839300000000000000e+04
8.449962695200000000e+10 2.057200000000000000e+04
8.461467221600000000e+10 2.185200000000000000e+04
8.468198824800000000e+10 2.148800000000000000e+04
8.472245674400000000e+10 1.750400000000000728e+04
8.472271837600000000e+10 1.302599999999999636e+04
8.474701346400000000e+10 1.270399999999999636e+04
8.485014268000000000e+10 1.592800000000000000e+04
8.489049008800000000e+10 1.458300000000000000e+04
8.490546517600000000e+10 1.263900000000000000e+04
8.509567469600000000e+10 1.906600000000000000e+04
8.541674552800000000e+10 3.056200000000000000e+04
8.542123042400000000e+10 2.208900000000000000e+04
8.547627839200000000e+10 2.145599999999999272e+04
8.562486314400000000e+10 2.520000000000000000e+04
8.564273936800000000e+10 1.942100000000000000e+04
8.578724192800000000e+10 2.381999999999999272e+04
8.582812456800000000e+10 1.953700000000000000e+04
8.590696160800000000e+10 2.048299999999999272e+04
8.605453586400000000e+10 2.357800000000000000e+04
8.621467703200000000e+10 2.502500000000000000e+04
8.621473332000000000e+10 2.873000000000000000e+03
8.627675069600000000e+10 2.208200000000000000e+04
8.636963908000000000e+10 2.168800000000000000e+04
8.639679842400000000e+10 1.829500000000000000e+04
8.645284871200000000e+10 1.696000000000000000e+04
8.655929900000000000e+10 1.949600000000000000e+04
8.663459029600000000e+10 1.927100000000000000e+04
8.675374884000000000e+10 2.079799999999999272e+04
8.678451000800000000e+10 1.790400000000000000e+04
8.691473703200000000e+10 2.043800000000000728e+04
8.695704096800000000e+10 1.813299999999999636e+04
8.708309293600000000e+10 2.046999999999999272e+04
8.708315007200000000e+10 2.786000000000000000e+03
8.709949960800000000e+10 1.575399999999999636e+04
8.717649416800000000e+10 1.735299999999999636e+04
8.718182754400000000e+10 1.306599999999999636e+04
8.721096180000000000e+10 1.254899999999999636e+04
8.732503517600000000e+10 1.624100000000000000e+04
8.737187917600000000e+10 1.489700000000000728e+04
8.740732549600000000e+10 1.389900000000000000e+04
8.740763023200000000e+10 1.001700000000000728e+04
8.745940242400000000e+10 1.208300000000000000e+04
8.750839676000000000e+10 1.217699999999999272e+04
8.758777773600000000e+10 1.383200000000000000e+04
8.785429232800000000e+10 2.354500000000000000e+04
8.786684047200000000e+10 1.955500000000000000e+04
8.787081282400000000e+10 1.377800000000000364e+04
8.793974095200000000e+10 1.609800000000000000e+04
8.804444154400000000e+10 1.757600000000000000e+04
8.806851808800000000e+10 1.536000000000000000e+04
8.814542372000000000e+10 1.631899999999999636e+04
8.815742876000000000e+10 1.338500000000000364e+04
8.845336221600000000e+10 2.679899999999999272e+04
8.866418685600000000e+10 3.155399999999999272e+04
8.875328503200000000e+10 2.705100000000000000e+04
8.877138632800000000e+10 2.100800000000000000e+04
8.881584469600000000e+10 1.928800000000000000e+04
8.886076365600000000e+10 1.733300000000000000e+04
8.891579743200000000e+10 1.703299999999999636e+04
8.897846468000000000e+10 1.667500000000000000e+04
8.904666335200000000e+10 1.733599999999999636e+04
8.919809666400000000e+10 2.115600000000000000e+04
8.919826968800000000e+10 1.418100000000000364e+04
8.919836669600000000e+10 5.271999999999996362e+03
8.928749802400000000e+10 1.682200000000000000e+04
8.934483557600000000e+10 1.598400000000000000e+04
8.941424343200000000e+10 1.656199999999999636e+04
8.962618247200000000e+10 2.499799999999999272e+04
8.967245282400000000e+10 1.984200000000000000e+04
8.970920274400000000e+10 1.757600000000000000e+04
8.972377842400000000e+10 1.448700000000000000e+04
8.979940660000000000e+10 1.599199999999999636e+04
8.979950434400000000e+10 6.656999999999996362e+03
8.993418986400000000e+10 1.817600000000000000e+04
