# Timestamps in ns,Energies
2.048722160000000000e+08 2.295900000000000728e+04
2.972817200000000000e+08 2.127799999999999272e+04
3.680441680000000000e+08 2.101300000000000000e+04
4.470170960000000000e+08 1.998400000000000000e+04
4.722289840000000000e+08 1.673000000000000000e+04
5.269743600000000000e+08 1.668900000000000000e+04
5.334112240000000000e+08 1.301600000000000364e+04
6.416222960000000000e+08 1.656800000000000728e+04
6.825413520000000000e+08 1.512900000000000728e+04
6.914204880000000000e+08 1.243399999999999272e+04
8.969157840000000000e+08 2.072100000000000000e+04
9.159622640000000000e+08 1.670399999999999636e+04
9.418932080000000000e+08 1.468999999999999272e+04
1.011683576000000000e+09 1.584000000000000000e+04
1.040378744000000000e+09 1.383199999999999636e+04
1.085830920000000000e+09 1.342399999999999272e+04
1.119454904000000000e+09 1.258399999999999636e+04
1.397860712000000000e+09 2.375600000000000728e+04
1.508000200000000000e+09 2.414300000000000000e+04
1.508146648000000000e+09 1.466700000000000364e+04
1.536930904000000000e+09 1.624999999999999636e+04
1.574730264000000000e+09 1.514200000000000000e+04
1.674284552000000000e+09 1.728200000000000000e+04
1.766875864000000000e+09 1.809000000000000000e+04
1.776302248000000000e+09 1.492300000000000000e+04
1.841832904000000000e+09 1.536300000000000000e+04
1.846570904000000000e+09 1.190200000000000364e+04
1.995007976000000000e+09 1.747500000000000000e+04
1.999429096000000000e+09 1.380400000000000364e+04
2.036662024000000000e+09 1.295000000000000364e+04
2.065335112000000000e+09 1.207899999999999636e+04
2.210514712000000000e+09 1.696000000000000000e+04
2.210619544000000000e+09 7.580999999999996362e+03
2.235682600000000000e+09 1.268800000000000364e+04
2.299052264000000000e+09 1.409299999999999636e+04
2.349199992000000000e+09 1.348400000000000364e+04
2.393413416000000000e+09 1.362300000000000000e+04
2.519220200000000000e+09 1.754399999999999636e+04
2.537063112000000000e+09 1.388000000000000728e+04
2.537143832000000000e+09 3.526999999999992724e+03
2.731067384000000000e+09 1.955200000000000000e+04
2.745420536000000000e+09 1.588599999999999636e+04
2.811673768000000000e+09 1.663399999999999636e+04
3.032070232000000000e+09 2.394500000000000000e+04
3.125360664000000000e+09 2.345700000000000000e+04
3.195648040000000000e+09 2.062400000000000000e+04
3.247415064000000000e+09 1.819200000000000000e+04
3.312658312000000000e+09 1.824700000000000000e+04
3.365202328000000000e+09 1.708999999999999636e+04
3.398651576000000000e+09 1.489799999999999636e+04
3.528593160000000000e+09 1.888600000000000000e+04
3.651466088000000000e+09 2.076800000000000000e+04
3.743994568000000000e+09 2.237600000000000000e+04
3.862142312000000000e+09 2.366400000000000000e+04
3.888177544000000000e+09 1.920000000000000000e+04
4.135904936000000000e+09 2.774100000000000728e+04
4.140994216000000000e+09 2.059400000000000000e+04
4.249448648000000000e+09 2.196800000000000000e+04
4.408771992000000000e+09 2.531899999999999272e+04
4.444455800000000000e+09 2.214300000000000000e+04
4.446853224000000000e+09 1.603900000000000000e+04
4.563253144000000000e+09 1.968900000000000000e+04
4.564794248000000000e+09 1.407899999999999272e+04
4.688617368000000000e+09 1.871400000000000000e+04
4.880022664000000000e+09 2.418000000000000000e+04
4.976859048000000000e+09 2.362699999999999272e+04
4.983692888000000000e+09 1.824200000000000000e+04
5.003593208000000000e+09 1.559400000000000728e+04
5.168571528000000000e+09 2.175500000000000000e+04
5.168634616000000000e+09 3.585000000000003638e+03
5.215366024000000000e+09 1.777800000000000000e+04
5.260313176000000000e+09 1.617300000000000000e+04
5.345694648000000000e+09 1.733700000000000000e+04
5.430005624000000000e+09 1.848100000000000000e+04
5.492713080000000000e+09 1.789600000000000000e+04
5.689460808000000000e+09 2.305200000000000000e+04
5.746488536000000000e+09 2.209200000000000000e+04
5.746654840000000000e+09 1.464000000000000000e+04
5.815563336000000000e+09 1.708800000000000000e+04
5.927457240000000000e+09 1.953700000000000000e+04
6.193663816000000000e+09 2.876000000000000000e+04
6.215496104000000000e+09 2.261499999999999272e+04
6.321427432000000000e+09 2.319200000000000000e+04
6.351587208000000000e+09 1.952900000000000000e+04
6.386627000000000000e+09 1.742900000000000000e+04
6.500556664000000000e+09 1.950400000000000000e+04
6.566989928000000000e+09 1.881500000000000000e+04
6.592908968000000000e+09 1.608100000000000000e+04
6.598021976000000000e+09 1.280800000000000364e+04
6.644357336000000000e+09 1.323099999999999636e+04
6.679041976000000000e+09 1.262400000000000728e+04
6.748440296000000000e+09 1.366499999999999636e+04
6.863113960000000000e+09 1.716799999999999636e+04
6.991881320000000000e+09 1.979300000000000000e+04
7.115573352000000000e+09 2.181400000000000000e+04
7.147927064000000000e+09 1.895600000000000000e+04
7.200498504000000000e+09 1.776800000000000000e+04
7.565252792000000000e+09 3.107900000000000000e+04
7.753501528000000000e+09 3.627600000000000728e+04
7.806970488000000000e+09 2.722999999999999272e+04
7.855923976000000000e+09 2.401700000000000000e+04
8.065233176000000000e+09 3.085900000000000000e+04
8.065291752000000000e+09 4.662999999999996362e+03
8.108869832000000000e+09 2.169800000000000000e+04
8.132043496000000000e+09 1.828200000000000000e+04
8.173487816000000000e+09 1.727399999999999636e+04
8.263099304000000000e+09 1.943200000000000000e+04
8.276009272000000000e+09 1.512500000000000364e+04
8.477805560000000000e+09 2.304800000000000000e+04
8.665524440000000000e+09 2.753500000000000000e+04
8.828525416000000000e+09 3.105600000000000000e+04
8.866086712000000000e+09 2.367200000000000000e+04
9.010715016000000000e+09 2.576700000000000728e+04
9.129504808000000000e+09 2.514000000000000000e+04
9.188456072000000000e+09 2.312000000000000000e+04
9.188594632000000000e+09 1.421900000000000728e+04
9.188684760000000000e+09 4.686999999999996362e+03
9.215736424000000000e+09 1.503199999999999636e+04
9.334602408000000000e+09 1.903300000000000000e+04
9.335780936000000000e+09 1.362300000000000364e+04
9.482385256000000000e+09 1.928300000000000000e+04
9.586279560000000000e+09 2.125900000000000000e+04
9.653282072000000000e+09 1.924400000000000000e+04
9.713442024000000000e+09 1.814599999999999636e+04
9.713514776000000000e+09 4.334000000000007276e+03
9.849502072000000000e+09 2.027300000000000000e+04
1.011705671200000000e+10 2.890499999999999272e+04
1.036934202400000000e+10 3.571200000000000728e+04
1.047722551200000000e+10 3.166600000000000000e+04
1.047773388000000000e+10 2.055000000000000728e+04
1.059809093600000000e+10 2.480100000000000000e+04
1.059889464800000000e+10 1.778500000000000000e+04
1.063590492000000000e+10 1.717700000000000728e+04
1.098457426400000000e+10 3.265500000000000728e+04
1.104919808800000000e+10 2.606900000000000000e+04
1.104928429600000000e+10 1.059199999999999272e+04
1.110576743200000000e+10 2.006300000000000000e+04
1.129001964000000000e+10 2.575800000000000000e+04
1.165777514400000000e+10 4.000400000000000000e+04
1.173786263200000000e+10 3.116600000000000000e+04
1.184352088800000000e+10 2.889299999999999272e+04
1.208706207200000000e+10 3.431000000000000000e+04
1.209670666400000000e+10 2.604600000000000000e+04
1.209770941600000000e+10 1.826199999999999272e+04
1.210316348000000000e+10 1.499999999999999636e+04
1.215090436000000000e+10 1.513999999999999636e+04
1.222086973600000000e+10 1.677199999999999272e+04
1.224498936800000000e+10 1.392799999999999272e+04
1.241309684000000000e+10 2.003500000000000000e+04
1.247191309600000000e+10 1.866500000000000000e+04
1.250134738400000000e+10 1.617100000000000364e+04
1.250450754400000000e+10 1.238400000000000728e+04
1.267542196000000000e+10 1.981000000000000000e+04
1.278051493600000000e+10 1.997300000000000000e+04
1.281840007200000000e+10 1.744100000000000000e+04
1.281859370400000000e+10 1.303100000000000364e+04
1.282780408800000000e+10 1.142100000000000364e+04
1.294268208800000000e+10 1.618899999999999636e+04
1.295373264800000000e+10 1.279700000000000728e+04
1.309597005600000000e+10 1.798600000000000000e+04
1.313835029600000000e+10 1.582299999999999272e+04
1.324188495200000000e+10 1.807700000000000000e+04
1.331789471200000000e+10 1.810600000000000000e+04
1.347829636000000000e+10 2.253500000000000000e+04
1.364483495200000000e+10 2.703600000000000000e+04
1.370101677600000000e+10 2.334900000000000000e+04
1.371236456800000000e+10 1.679499999999999636e+04
1.391168799200000000e+10 2.441800000000000000e+04
1.396247288800000000e+10 2.196200000000000000e+04
1.403954512800000000e+10 1.944900000000000000e+04
1.412930154400000000e+10 1.988200000000000000e+04
1.427404268000000000e+10 2.463100000000000000e+04
1.436566522400000000e+10 2.200700000000000000e+04
1.443512552800000000e+10 2.115600000000000000e+04
1.443535237600000000e+10 1.610900000000000000e+04
1.460148868000000000e+10 2.284400000000000000e+04
1.472221128800000000e+10 2.328900000000000728e+04
1.476004386400000000e+10 2.048200000000000000e+04
1.490250829600000000e+10 2.498400000000000000e+04
1.501629276000000000e+10 2.440600000000000000e+04
1.501641192800000000e+10 1.240099999999999272e+04
1.505494453600000000e+10 1.743499999999999636e+04
1.510938509600000000e+10 1.685800000000000000e+04
1.520201965600000000e+10 1.802000000000000000e+04
1.522289776800000000e+10 1.518400000000000728e+04
1.536866832800000000e+10 1.961000000000000000e+04
1.538304432800000000e+10 1.569999999999999636e+04
1.539433021600000000e+10 1.299699999999999272e+04
1.553231642400000000e+10 1.852000000000000000e+04
1.558419959200000000e+10 1.702399999999999272e+04
1.571931135200000000e+10 2.047200000000000000e+04
1.573840976800000000e+10 1.647399999999999636e+04
1.586285800800000000e+10 2.032300000000000000e+04
1.592959181600000000e+10 1.868200000000000000e+04
1.607250344800000000e+10 2.269600000000000000e+04
1.609117696800000000e+10 1.806799999999999636e+04
1.616453959200000000e+10 1.792300000000000000e+04
1.616462196000000000e+10 6.026000000000000000e+03
1.621036802400000000e+10 1.549599999999999272e+04
1.621045312800000000e+10 4.846999999999992724e+03
1.625269114400000000e+10 1.325699999999999272e+04
1.643067524000000000e+10 1.983200000000000000e+04
1.650338087200000000e+10 1.917200000000000000e+04
1.651671160800000000e+10 1.570500000000000728e+04
1.660877893600000000e+10 1.765200000000000000e+04
1.665218666400000000e+10 1.548300000000000000e+04
1.666648836000000000e+10 1.289799999999999636e+04
1.671403000800000000e+10 1.316999999999999636e+04
1.672708407200000000e+10 1.108000000000000364e+04
1.681651954400000000e+10 1.373399999999999636e+04
1.685034292000000000e+10 1.294400000000000728e+04
1.696577303200000000e+10 1.574599999999999272e+04
1.702528013600000000e+10 1.526399999999999272e+04
1.713365580000000000e+10 1.726700000000000000e+04
1.715133656800000000e+10 1.479999999999999636e+04
1.724203660000000000e+10 1.612300000000000000e+04
1.735823552800000000e+10 1.884000000000000000e+04
1.739044712800000000e+10 1.633200000000000000e+04
1.742469109600000000e+10 1.472000000000000364e+04
1.747525756000000000e+10 1.473000000000000000e+04
1.760344208800000000e+10 1.822800000000000000e+04
1.785662632800000000e+10 2.850399999999999272e+04
1.790932730400000000e+10 2.355600000000000000e+04
1.809990604000000000e+10 2.871700000000000000e+04
1.809999533600000000e+10 1.302300000000000728e+04
1.819685285600000000e+10 2.301500000000000000e+04
1.824933927200000000e+10 2.007300000000000000e+04
1.827661141600000000e+10 1.718400000000000000e+04
1.877073138400000000e+10 3.729600000000000000e+04
1.883119306400000000e+10 3.160600000000000000e+04
1.884864362400000000e+10 2.425300000000000000e+04
1.897097717600000000e+10 2.613600000000000728e+04
1.899240532000000000e+10 1.984700000000000000e+04
1.899263191200000000e+10 1.527400000000000364e+04
1.902857116000000000e+10 1.544199999999999272e+04
1.916397480800000000e+10 1.880800000000000000e+04
1.920187615200000000e+10 1.704900000000000000e+04
1.924783848800000000e+10 1.597700000000000000e+04
1.929605944800000000e+10 1.542500000000000728e+04
1.934235304800000000e+10 1.464899999999999272e+04
1.960507261600000000e+10 2.472600000000000728e+04
1.967159706400000000e+10 2.213799999999999272e+04
1.968344140000000000e+10 1.765700000000000000e+04
1.970475226400000000e+10 1.520800000000000000e+04
1.973285280800000000e+10 1.380500000000000364e+04
1.980592391200000000e+10 1.518399999999999636e+04
1.980609548000000000e+10 1.118100000000000364e+04
1.983468653600000000e+10 1.152199999999999272e+04
2.008930647200000000e+10 2.246100000000000000e+04
2.025347469600000000e+10 2.492400000000000000e+04
2.034051676000000000e+10 2.251200000000000000e+04
2.038572757600000000e+10 1.984600000000000000e+04
2.045336080800000000e+10 2.035900000000000000e+04
2.051868957600000000e+10 1.840300000000000000e+04
2.059465436000000000e+10 1.847700000000000000e+04
2.065494183200000000e+10 1.775200000000000000e+04
2.081505197600000000e+10 2.267899999999999272e+04
2.110694634400000000e+10 3.208500000000000000e+04
2.124710597600000000e+10 3.019500000000000000e+04
2.125797068000000000e+10 2.274700000000000000e+04
2.128159738400000000e+10 1.995300000000000000e+04
2.134080319200000000e+10 1.917600000000000000e+04
2.154644490400000000e+10 2.625299999999999272e+04
2.154938844000000000e+10 1.824500000000000000e+04
2.171118492000000000e+10 2.497600000000000000e+04
2.179603448800000000e+10 2.321600000000000000e+04
2.204405231200000000e+10 3.295900000000000000e+04
2.204411292000000000e+10 5.806000000000003638e+03
2.218016082400000000e+10 2.856399999999999272e+04
2.218023959200000000e+10 9.292000000000000000e+03
2.227042666400000000e+10 2.356699999999999272e+04
2.233572768800000000e+10 2.192100000000000000e+04
2.233583157600000000e+10 1.017799999999999636e+04
2.237156970400000000e+10 1.598400000000000000e+04
2.251591320800000000e+10 2.064000000000000000e+04
2.259537016800000000e+10 2.112200000000000000e+04
2.261167768800000000e+10 1.627300000000000000e+04
2.268850018400000000e+10 1.783199999999999636e+04
2.274625975200000000e+10 1.629099999999999272e+04
2.279767146400000000e+10 1.624000000000000000e+04
2.301731626400000000e+10 2.432000000000000000e+04
2.305879968800000000e+10 2.060200000000000000e+04
2.310353197600000000e+10 1.902700000000000000e+04
2.317094676000000000e+10 1.798399999999999636e+04
2.318972056800000000e+10 1.552899999999999272e+04
2.345868567200000000e+10 2.641700000000000000e+04
2.351276007200000000e+10 2.288900000000000000e+04
2.358963298400000000e+10 2.224300000000000000e+04
2.361113842400000000e+10 1.740799999999999636e+04
2.369637482400000000e+10 1.821600000000000000e+04
2.371864968800000000e+10 1.550799999999999272e+04
2.389537261600000000e+10 2.163300000000000000e+04
2.398948477600000000e+10 2.236700000000000000e+04
2.400547349600000000e+10 1.770400000000000000e+04
2.402843693600000000e+10 1.493500000000000000e+04
2.435831972000000000e+10 2.937500000000000000e+04
2.441605023200000000e+10 2.385600000000000000e+04
2.451908085600000000e+10 2.431900000000000000e+04
2.461815322400000000e+10 2.376399999999999272e+04
2.462117015200000000e+10 1.774400000000000728e+04
2.470010079200000000e+10 1.895400000000000000e+04
2.472444797600000000e+10 1.616700000000000000e+04
2.474044064800000000e+10 1.362499999999999272e+04
2.474075232800000000e+10 9.490000000000003638e+03
2.474676525600000000e+10 8.990999999999996362e+03
2.476012452000000000e+10 8.338000000000000000e+03
2.480940536800000000e+10 9.992000000000007276e+03
2.498967688800000000e+10 1.665699999999999636e+04
2.519391482400000000e+10 2.293700000000000000e+04
2.539174037600000000e+10 2.667299999999999272e+04
2.554177829600000000e+10 2.875100000000000728e+04
2.557898498400000000e+10 2.224400000000000000e+04
2.571844093600000000e+10 2.489800000000000000e+04
2.576167130400000000e+10 2.134500000000000000e+04
2.593072546400000000e+10 2.611600000000000000e+04
2.598408954400000000e+10 2.226500000000000000e+04
2.601530866400000000e+10 1.920300000000000000e+04
2.608874997600000000e+10 1.877600000000000000e+04
2.620796464800000000e+10 2.092700000000000000e+04
2.651710575200000000e+10 3.319800000000000728e+04
2.653438672800000000e+10 2.357700000000000000e+04
2.661639261600000000e+10 2.272600000000000000e+04
2.674748263200000000e+10 2.456800000000000000e+04
2.676596743200000000e+10 2.003400000000000000e+04
2.692040410400000000e+10 2.457300000000000000e+04
2.692057202400000000e+10 1.639799999999999272e+04
2.693519223200000000e+10 1.507200000000000364e+04
2.693536842400000000e+10 1.056000000000000364e+04
2.700012543200000000e+10 1.424299999999999636e+04
2.706925647200000000e+10 1.564699999999999272e+04
2.707727023200000000e+10 1.232100000000000000e+04
2.708168724000000000e+10 9.807000000000007276e+03
2.712677516000000000e+10 1.079000000000000364e+04
2.714144304800000000e+10 9.519000000000000000e+03
2.722645612000000000e+10 1.223499999999999272e+04
2.741183242400000000e+10 1.900000000000000000e+04
2.742836032800000000e+10 1.481500000000000728e+04
2.758956084000000000e+10 2.065000000000000000e+04
2.778697351200000000e+10 2.663800000000000000e+04
2.782965679200000000e+10 2.112600000000000000e+04
2.785441700000000000e+10 1.841700000000000000e+04
2.796065778400000000e+10 2.010400000000000000e+04
2.799179498400000000e+10 1.728900000000000000e+04
2.799766607200000000e+10 1.348699999999999636e+04
2.839650975200000000e+10 3.150299999999999272e+04
2.847142268000000000e+10 2.769000000000000000e+04
2.855584440800000000e+10 2.535100000000000000e+04
2.856507068000000000e+10 1.854500000000000000e+04
2.860851796000000000e+10 1.757800000000000000e+04
2.883344223200000000e+10 2.497600000000000000e+04
2.884105519200000000e+10 1.860500000000000000e+04
2.884126412000000000e+10 1.364900000000000000e+04
2.913204304800000000e+10 2.788600000000000000e+04
2.916660572000000000e+10 2.352300000000000000e+04
2.921236578400000000e+10 2.002600000000000000e+04
2.922950354400000000e+10 1.641700000000000000e+04
2.946397072800000000e+10 2.510900000000000000e+04
2.947896855200000000e+10 1.934400000000000000e+04
2.948141596000000000e+10 1.555300000000000728e+04
2.969302583200000000e+10 2.504800000000000000e+04
2.972478975200000000e+10 1.944100000000000000e+04
3.003509074400000000e+10 3.205999999999999272e+04
3.022176684000000000e+10 3.340000000000000000e+04
3.033174607200000000e+10 2.980499999999999272e+04
3.034730842400000000e+10 2.335400000000000000e+04
3.034745402400000000e+10 1.343800000000000000e+04
3.044581762400000000e+10 2.088599999999999272e+04
3.044820909600000000e+10 1.491400000000000364e+04
3.056272797600000000e+10 1.941600000000000000e+04
3.056805005600000000e+10 1.472899999999999272e+04
3.064217607200000000e+10 1.595199999999999636e+04
3.069747079200000000e+10 1.556999999999999272e+04
3.072407941600000000e+10 1.383499999999999272e+04
3.080554012000000000e+10 1.522599999999999272e+04
3.080563957600000000e+10 6.510999999999992724e+03
3.081149733600000000e+10 1.050300000000000000e+04
3.105156480800000000e+10 2.112300000000000000e+04
3.115245237600000000e+10 2.114700000000000000e+04
3.152585220000000000e+10 3.489000000000000000e+04
3.158662623200000000e+10 2.893600000000000000e+04
3.160461258400000000e+10 2.200900000000000000e+04
3.182128464800000000e+10 3.031100000000000728e+04
3.190174152800000000e+10 2.657299999999999272e+04
3.195733908000000000e+10 2.261100000000000000e+04
3.210436636000000000e+10 2.516800000000000000e+04
3.213939397600000000e+10 2.125600000000000000e+04
3.213955735200000000e+10 1.347600000000000000e+04
3.221908770400000000e+10 1.809000000000000000e+04
3.224820111200000000e+10 1.563999999999999636e+04
3.251392732000000000e+10 2.535799999999999272e+04
3.252570928800000000e+10 1.964000000000000000e+04
3.255575808800000000e+10 1.760000000000000000e+04
3.258961848800000000e+10 1.580700000000000364e+04
3.271786080800000000e+10 1.986000000000000000e+04
3.272102314400000000e+10 1.440300000000000000e+04
3.282766516000000000e+10 1.792500000000000000e+04
3.286715562400000000e+10 1.636400000000000000e+04
3.326945194400000000e+10 3.371100000000000000e+04
3.330941060000000000e+10 2.580200000000000000e+04
3.335084786400000000e+10 2.199400000000000000e+04
3.337375706400000000e+10 1.750500000000000000e+04
3.338297967200000000e+10 1.469600000000000000e+04
3.370301759200000000e+10 3.070900000000000728e+04
3.378156964000000000e+10 2.499900000000000000e+04
3.379413316000000000e+10 1.951200000000000000e+04
3.380434623200000000e+10 1.544500000000000000e+04
3.380591450400000000e+10 1.200800000000000000e+04
3.380599840800000000e+10 3.479000000000000000e+03
3.387506504800000000e+10 1.397999999999999636e+04
3.391382722400000000e+10 1.291600000000000728e+04
3.400228194400000000e+10 1.505999999999999636e+04
3.402329644000000000e+10 1.276799999999999272e+04
3.407596570400000000e+10 1.336800000000000364e+04
3.422262304800000000e+10 1.760200000000000000e+04
3.440478572000000000e+10 2.290400000000000000e+04
3.442564644000000000e+10 1.830000000000000000e+04
3.442574794400000000e+10 9.005999999999992724e+03
3.458775608800000000e+10 2.167900000000000000e+04
3.466350410400000000e+10 2.140700000000000000e+04
3.470001162400000000e+10 1.771300000000000000e+04
3.489360039200000000e+10 2.394000000000000000e+04
3.494101029600000000e+10 2.030400000000000000e+04
3.511098431200000000e+10 2.628300000000000000e+04
3.515370621600000000e+10 1.997800000000000000e+04
3.515943236000000000e+10 1.595700000000000728e+04
3.517580548000000000e+10 1.367200000000000728e+04
3.518227762400000000e+10 1.133699999999999636e+04
3.518511612000000000e+10 8.943999999999996362e+03
3.526084389600000000e+10 1.240299999999999272e+04
3.526697338400000000e+10 9.868999999999996362e+03
3.539960727200000000e+10 1.486699999999999636e+04
3.542296722400000000e+10 1.270799999999999636e+04
3.548166455200000000e+10 1.355500000000000728e+04
3.556063732000000000e+10 1.484799999999999272e+04
3.598881655200000000e+10 3.312699999999999272e+04
3.618560628000000000e+10 3.532900000000000000e+04
3.618568615200000000e+10 1.149299999999999636e+04
3.621575973600000000e+10 2.304100000000000000e+04
3.622790557600000000e+10 1.795499999999999272e+04
3.625546580000000000e+10 1.600000000000000000e+04
3.638191205600000000e+10 1.963900000000000000e+04
3.641808615200000000e+10 1.704400000000000000e+04
3.642821629600000000e+10 1.394400000000000728e+04
3.667007719200000000e+10 2.520900000000000000e+04
3.672038695200000000e+10 2.096000000000000000e+04
3.674305396000000000e+10 1.713700000000000000e+04
3.674870813600000000e+10 1.358300000000000000e+04
3.680040199200000000e+10 1.427700000000000000e+04
3.688472399200000000e+10 1.588199999999999636e+04
3.688484818400000000e+10 8.656000000000007276e+03
3.693047992800000000e+10 1.332700000000000728e+04
3.708247693600000000e+10 1.852000000000000000e+04
3.708905458400000000e+10 1.415299999999999636e+04
3.712300469600000000e+10 1.337500000000000728e+04
3.718696133600000000e+10 1.388899999999999272e+04
3.718725269600000000e+10 9.717000000000000000e+03
3.723692805600000000e+10 1.181699999999999272e+04
3.738799039200000000e+10 1.665200000000000000e+04
3.769673068000000000e+10 2.952600000000000000e+04
3.775721234400000000e+10 2.470400000000000000e+04
3.790686116000000000e+10 2.688400000000000000e+04
3.797385388000000000e+10 2.261700000000000000e+04
3.797391101600000000e+10 2.268000000000007276e+03
3.800847685600000000e+10 1.902600000000000000e+04
3.801609698400000000e+10 1.415399999999999636e+04
3.817203820000000000e+10 2.040100000000000000e+04
3.827425644000000000e+10 2.145500000000000000e+04
3.864099341600000000e+10 3.631900000000000728e+04
3.865786904800000000e+10 2.735100000000000000e+04
3.868073232800000000e+10 2.139200000000000000e+04
3.868079154400000000e+10 2.018999999999996362e+03
3.869575282400000000e+10 1.586399999999999636e+04
3.876900725600000000e+10 1.698500000000000364e+04
3.877708015200000000e+10 1.351200000000000000e+04
3.879005770400000000e+10 1.159300000000000364e+04
3.882506514400000000e+10 1.171199999999999636e+04
3.886187767200000000e+10 1.134699999999999636e+04
3.888203519200000000e+10 1.024099999999999636e+04
3.889817927200000000e+10 9.179000000000000000e+03
3.917093756000000000e+10 2.102500000000000000e+04
3.933388208800000000e+10 2.427000000000000728e+04
3.936787312800000000e+10 1.948000000000000000e+04
3.939272836000000000e+10 1.702099999999999636e+04
3.940301527200000000e+10 1.374900000000000364e+04
3.963885860000000000e+10 2.368099999999999272e+04
3.968341597600000000e+10 1.983200000000000000e+04
3.968347647200000000e+10 2.063999999999996362e+03
3.983650850400000000e+10 2.338100000000000000e+04
4.001506898400000000e+10 2.590600000000000728e+04
4.005166588000000000e+10 2.177100000000000000e+04
4.008460608800000000e+10 1.889000000000000000e+04
4.029995045600000000e+10 2.718399999999999272e+04
4.030907690400000000e+10 1.982400000000000000e+04
4.063758957600000000e+10 3.320600000000000000e+04
4.066827068000000000e+10 2.545500000000000000e+04
4.070902167200000000e+10 2.208400000000000000e+04
4.079247613600000000e+10 2.184400000000000000e+04
4.080167517600000000e+10 1.681900000000000000e+04
4.089778472800000000e+10 1.896100000000000000e+04
4.092555632800000000e+10 1.636299999999999636e+04
4.101019138400000000e+10 1.812800000000000000e+04
4.110754796000000000e+10 1.930700000000000000e+04
4.113084309600000000e+10 1.551199999999999636e+04
4.120357960800000000e+10 1.649000000000000000e+04
4.123905719200000000e+10 1.531699999999999636e+04
4.165965269600000000e+10 3.401400000000000000e+04
4.167483482400000000e+10 2.331400000000000000e+04
4.185385968800000000e+10 3.120000000000000000e+04
4.190380087200000000e+10 2.399200000000000000e+04
4.195986066400000000e+10 2.162600000000000000e+04
4.224985148000000000e+10 3.379699999999999272e+04
4.225220300000000000e+10 2.186500000000000000e+04
4.227625596000000000e+10 1.814000000000000000e+04
4.237328724000000000e+10 1.969700000000000000e+04
4.238134746400000000e+10 1.552099999999999636e+04
4.251269628000000000e+10 2.024600000000000000e+04
4.253071975200000000e+10 1.679700000000000728e+04
4.265730493600000000e+10 1.930100000000000000e+04
4.270550612000000000e+10 1.810600000000000000e+04
4.285253468000000000e+10 2.184100000000000000e+04
4.300227552800000000e+10 2.495700000000000000e+04
4.308401260000000000e+10 2.271200000000000000e+04
4.321356368800000000e+10 2.448200000000000000e+04
4.325054869600000000e+10 2.120600000000000728e+04
4.328889223200000000e+10 1.749600000000000000e+04
4.331708218400000000e+10 1.551000000000000000e+04
4.332122612000000000e+10 1.176400000000000728e+04
4.336522477600000000e+10 1.211500000000000000e+04
4.371311412000000000e+10 2.744400000000000728e+04
4.380354858400000000e+10 2.506200000000000000e+04
4.380361970400000000e+10 6.727999999999992724e+03
4.394335876000000000e+10 2.479899999999999272e+04
4.408184090400000000e+10 2.650400000000000728e+04
4.425673551200000000e+10 3.023699999999999272e+04
4.432673786400000000e+10 2.584900000000000000e+04
4.433297317600000000e+10 1.916900000000000000e+04
4.465245861600000000e+10 3.310900000000000000e+04
4.479380367200000000e+10 3.103000000000000000e+04
4.491667767200000000e+10 3.121100000000000000e+04
4.495378888800000000e+10 2.432300000000000000e+04
4.496256261600000000e+10 1.769800000000000000e+04
4.496267909600000000e+10 1.205500000000000364e+04
4.516071245600000000e+10 2.328100000000000000e+04
4.516078247200000000e+10 6.130999999999996362e+03
4.525113399200000000e+10 2.079500000000000000e+04
4.539224368800000000e+10 2.446700000000000000e+04
4.543146552800000000e+10 2.004900000000000000e+04
4.555593863200000000e+10 2.270400000000000000e+04
4.559778277600000000e+10 1.920300000000000000e+04
4.606167592800000000e+10 4.123700000000000000e+04
4.614131119200000000e+10 3.123100000000000000e+04
4.634057074400000000e+10 3.743700000000000000e+04
4.635473818400000000e+10 2.590000000000000000e+04
4.637778741600000000e+10 1.929199999999999272e+04
4.639487792800000000e+10 1.756899999999999272e+04
4.639494472800000000e+10 2.830000000000000000e+03
4.666385143200000000e+10 2.618400000000000000e+04
4.666391757600000000e+10 6.235000000000000000e+03
4.675508637600000000e+10 2.338400000000000000e+04
4.690077204000000000e+10 2.611800000000000000e+04
4.719763508000000000e+10 3.677800000000000000e+04
4.723685813600000000e+10 2.816100000000000000e+04
4.738385146400000000e+10 2.825399999999999272e+04
4.740931717600000000e+10 2.273600000000000000e+04
4.749224410400000000e+10 2.274600000000000000e+04
4.750526234400000000e+10 1.725100000000000000e+04
4.755178280800000000e+10 1.731400000000000000e+04
4.760112661600000000e+10 1.664600000000000000e+04
4.787414234400000000e+10 2.632600000000000000e+04
4.791803935200000000e+10 2.384200000000000000e+04
4.793139295200000000e+10 1.768900000000000000e+04
4.807551076000000000e+10 2.192800000000000000e+04
4.808568853600000000e+10 1.696200000000000000e+04
4.821786687200000000e+10 2.072000000000000000e+04
4.822602821600000000e+10 1.624900000000000000e+04
4.828925772000000000e+10 1.682600000000000000e+04
4.832359098400000000e+10 1.505399999999999272e+04
4.846034223200000000e+10 1.953700000000000000e+04
4.849946647200000000e+10 1.685699999999999636e+04
4.858866925600000000e+10 1.785700000000000000e+04
4.858884730400000000e+10 1.235599999999999636e+04
4.859611928800000000e+10 1.154500000000000364e+04
4.869481012000000000e+10 1.490400000000000364e+04
4.873368872800000000e+10 1.411700000000000000e+04
4.886931116000000000e+10 1.840000000000000000e+04
4.902294298400000000e+10 2.171200000000000000e+04
4.904674480800000000e+10 1.806800000000000000e+04
4.911730492000000000e+10 1.806599999999999636e+04
4.917590128800000000e+10 1.724000000000000000e+04
4.921121288800000000e+10 1.582399999999999636e+04
4.923097570400000000e+10 1.353000000000000364e+04
4.928972804000000000e+10 1.335799999999999272e+04
4.940496612000000000e+10 1.667200000000000000e+04
4.949234349600000000e+10 1.788899999999999272e+04
4.968075064800000000e+10 2.329600000000000000e+04
4.970510666400000000e+10 1.863200000000000000e+04
4.972857656800000000e+10 1.632199999999999636e+04
4.977489720800000000e+10 1.526400000000000364e+04
4.978036175200000000e+10 1.130200000000000364e+04
4.984262226400000000e+10 1.317699999999999636e+04
5.001745839200000000e+10 1.912900000000000000e+04
5.001757316000000000e+10 1.009600000000000728e+04
5.026344184800000000e+10 2.497100000000000728e+04
5.030847485600000000e+10 2.170500000000000000e+04
5.048711892000000000e+10 2.655000000000000000e+04
5.049502255200000000e+10 1.997200000000000000e+04
5.058239109600000000e+10 2.094100000000000000e+04
5.058588176800000000e+10 1.579000000000000000e+04
5.063210157600000000e+10 1.535200000000000000e+04
5.092242469600000000e+10 2.820400000000000000e+04
5.092257586400000000e+10 1.730400000000000364e+04
5.093126124000000000e+10 1.551500000000000000e+04
5.098942090400000000e+10 1.668600000000000000e+04
5.100469255200000000e+10 1.404000000000000728e+04
5.104005263200000000e+10 1.321800000000000364e+04
5.104502298400000000e+10 1.044000000000000364e+04
5.106470236000000000e+10 9.875999999999996362e+03
5.117005207200000000e+10 1.353400000000000000e+04
5.139139474400000000e+10 2.159800000000000728e+04
5.160195389600000000e+10 2.648100000000000728e+04
5.165293282400000000e+10 2.304000000000000000e+04
5.197385629600000000e+10 3.721400000000000000e+04
5.225289184800000000e+10 4.204700000000000000e+04
5.229614472800000000e+10 3.151900000000000000e+04
5.249135215200000000e+10 3.423900000000000728e+04
5.308999213600000000e+10 5.275400000000000000e+04
5.316751218400000000e+10 3.691200000000000000e+04
5.316756317600000000e+10 4.559000000000000000e+03
5.320617776800000000e+10 2.836000000000000000e+04
5.339538252000000000e+10 3.145800000000000000e+04
5.340559087200000000e+10 2.311900000000000000e+04
5.345110988000000000e+10 2.095800000000000000e+04
5.356655436000000000e+10 2.287100000000000000e+04
5.364759935200000000e+10 2.165300000000000000e+04
5.386872717600000000e+10 2.840700000000000728e+04
5.406146989600000000e+10 3.125600000000000000e+04
5.417816868000000000e+10 2.966900000000000000e+04
5.421862341600000000e+10 2.353200000000000000e+04
5.422313300000000000e+10 1.835200000000000000e+04
5.425237136800000000e+10 1.662400000000000728e+04
5.433988949600000000e+10 1.874500000000000000e+04
5.459702336800000000e+10 2.833599999999999272e+04
5.460094218400000000e+10 2.007900000000000000e+04
5.461249749600000000e+10 1.640100000000000000e+04
5.465379501600000000e+10 1.599499999999999636e+04
5.469150106400000000e+10 1.477800000000000364e+04
5.469707412000000000e+10 1.168000000000000364e+04
5.475867908000000000e+10 1.330700000000000000e+04
5.480032712800000000e+10 1.298299999999999636e+04
5.481507324000000000e+10 1.101700000000000364e+04
5.497399085600000000e+10 1.690500000000000000e+04
5.498471879200000000e+10 1.345600000000000364e+04
5.499551005600000000e+10 1.136800000000000364e+04
5.508009932000000000e+10 1.403200000000000000e+04
5.512347848800000000e+10 1.350400000000000000e+04
5.513973842400000000e+10 1.124800000000000364e+04
5.516526828000000000e+10 1.070400000000000364e+04
5.522852026400000000e+10 1.182400000000000364e+04
5.545064749600000000e+10 1.960100000000000000e+04
5.545071327200000000e+10 3.777999999999992724e+03
5.546483460000000000e+10 1.475499999999999636e+04
5.557176359200000000e+10 1.783700000000000000e+04
5.557667452000000000e+10 1.364800000000000728e+04
5.559253749600000000e+10 1.183199999999999272e+04
5.559267557600000000e+10 7.172999999999992724e+03
5.582993749600000000e+10 2.080000000000000000e+04
5.588558165600000000e+10 1.804500000000000000e+04
5.589184093600000000e+10 1.380100000000000364e+04
5.592663984800000000e+10 1.350500000000000728e+04
5.596098767200000000e+10 1.250600000000000000e+04
5.624518056800000000e+10 2.444500000000000000e+04
5.626082223200000000e+10 2.000200000000000000e+04
5.626449602400000000e+10 1.441299999999999636e+04
5.637041903200000000e+10 1.824000000000000000e+04
5.640105533600000000e+10 1.595300000000000000e+04
5.643828034400000000e+10 1.432500000000000000e+04
5.643979988000000000e+10 1.076499999999999636e+04
5.644585711200000000e+10 9.174000000000007276e+03
5.645170744800000000e+10 7.689000000000007276e+03
5.651660272800000000e+10 1.047999999999999636e+04
5.666691093600000000e+10 1.553100000000000000e+04
5.673659248800000000e+10 1.566300000000000728e+04
5.673666512800000000e+10 3.334000000000003638e+03
5.678239551200000000e+10 1.396800000000000728e+04
5.693430871200000000e+10 1.873900000000000000e+04
5.698577760800000000e+10 1.719600000000000000e+04
5.707764021600000000e+10 1.779399999999999272e+04
5.715138997600000000e+10 1.841699999999999272e+04
5.717868951200000000e+10 1.536199999999999636e+04
5.718355413600000000e+10 1.215799999999999636e+04
5.730496300000000000e+10 1.679200000000000000e+04
5.731251906400000000e+10 1.295100000000000728e+04
5.731597250400000000e+10 1.030300000000000000e+04
5.732289268000000000e+10 8.845000000000003638e+03
5.734102064800000000e+10 8.466999999999992724e+03
5.735750196000000000e+10 8.062000000000000000e+03
5.750601031200000000e+10 1.380599999999999636e+04
5.750775741600000000e+10 1.060300000000000364e+04
5.752598079200000000e+10 9.980999999999992724e+03
5.753576960800000000e+10 8.033000000000000000e+03
5.758765519200000000e+10 9.458999999999992724e+03
5.760595036000000000e+10 8.542999999999996362e+03
5.767357384800000000e+10 1.035500000000000728e+04
5.795155575200000000e+10 2.126600000000000000e+04
5.814488135200000000e+10 2.639000000000000728e+04
5.817743444000000000e+10 2.180400000000000000e+04
5.835890389600000000e+10 2.545999999999999272e+04
5.836451765600000000e+10 1.963700000000000000e+04
5.840222696800000000e+10 1.728000000000000000e+04
5.853873620000000000e+10 2.081700000000000000e+04
5.862563562400000000e+10 2.119700000000000000e+04
5.865080788000000000e+10 1.736100000000000000e+04
5.884039421600000000e+10 2.354900000000000000e+04
5.884047508000000000e+10 8.102999999999996362e+03
5.900515220000000000e+10 2.493699999999999272e+04
5.902570600800000000e+10 1.957800000000000000e+04
5.906511258400000000e+10 1.729100000000000000e+04
5.908796069600000000e+10 1.545600000000000364e+04
5.913907847200000000e+10 1.492900000000000000e+04
5.914134346400000000e+10 1.158500000000000728e+04
5.916603036000000000e+10 1.129100000000000364e+04
5.929865151200000000e+10 1.566299999999999636e+04
5.950676274400000000e+10 2.237800000000000000e+04
5.961030855200000000e+10 2.286700000000000000e+04
5.966465682400000000e+10 1.958500000000000000e+04
5.969701037600000000e+10 1.699700000000000000e+04
5.978019357600000000e+10 1.814500000000000000e+04
5.986413757600000000e+10 1.862700000000000000e+04
5.986640264800000000e+10 1.405399999999999636e+04
5.986748028000000000e+10 1.087800000000000364e+04
5.994468231200000000e+10 1.408800000000000728e+04
6.021248138400000000e+10 2.393300000000000000e+04
6.023958325600000000e+10 1.968000000000000000e+04
6.023964740000000000e+10 3.332000000000003638e+03
6.024107229600000000e+10 1.340800000000000000e+04
6.036128141600000000e+10 1.827300000000000000e+04
6.040003613600000000e+10 1.660700000000000728e+04
6.041318172000000000e+10 1.343800000000000000e+04
6.054090770400000000e+10 1.712200000000000000e+04
6.064682133600000000e+10 1.896000000000000000e+04
6.079638589600000000e+10 2.263900000000000000e+04
6.079840237600000000e+10 1.673000000000000000e+04
6.089540999200000000e+10 1.983200000000000000e+04
6.102984138400000000e+10 2.209800000000000000e+04
6.102999284000000000e+10 1.333599999999999272e+04
6.103120528800000000e+10 1.263299999999999272e+04
6.106422112800000000e+10 1.329600000000000000e+04
6.121079338400000000e+10 1.843400000000000000e+04
6.121428263200000000e+10 1.403700000000000000e+04
6.127874978400000000e+10 1.504299999999999636e+04
6.135112071200000000e+10 1.595100000000000728e+04
6.135118613600000000e+10 2.810999999999996362e+03
6.138729863200000000e+10 1.366400000000000364e+04
6.141520128800000000e+10 1.250700000000000728e+04
6.158589047200000000e+10 1.887200000000000000e+04
6.166976992800000000e+10 1.880800000000000000e+04
6.189413978400000000e+10 2.672600000000000000e+04
6.204742900000000000e+10 2.798300000000000000e+04
6.204751549600000000e+10 7.633000000000007276e+03
6.223917412000000000e+10 2.937999999999999272e+04
6.229401325600000000e+10 2.320399999999999272e+04
6.234620269600000000e+10 2.150500000000000000e+04
6.255278442400000000e+10 2.849399999999999272e+04
6.257353692000000000e+10 2.205700000000000000e+04
6.258268205600000000e+10 1.613799999999999272e+04
6.301514084000000000e+10 3.617100000000000000e+04
6.307490623200000000e+10 2.915400000000000728e+04
6.319336320800000000e+10 2.753400000000000000e+04
6.328674584800000000e+10 2.685500000000000000e+04
6.334817316000000000e+10 2.400400000000000000e+04
6.334875197600000000e+10 1.666999999999999272e+04
6.335821650400000000e+10 1.427500000000000000e+04
6.342447997600000000e+10 1.532800000000000000e+04
6.348404125600000000e+10 1.544100000000000000e+04
6.362603416800000000e+10 1.944800000000000000e+04
6.367798202400000000e+10 1.802700000000000000e+04
6.368704248800000000e+10 1.467200000000000728e+04
6.368724050400000000e+10 1.037899999999999636e+04
6.369980176800000000e+10 9.639000000000000000e+03
6.433308138400000000e+10 4.006400000000000000e+04
6.437485148000000000e+10 2.969699999999999272e+04
6.446341834400000000e+10 2.849499999999999272e+04
6.449700890400000000e+10 2.270999999999999272e+04
6.453156456800000000e+10 1.910700000000000000e+04
6.453906453600000000e+10 1.577799999999999272e+04
6.472510463200000000e+10 2.344800000000000000e+04
6.473708164000000000e+10 1.760200000000000000e+04
6.493243183200000000e+10 2.441599999999999272e+04
6.494537623200000000e+10 1.847300000000000000e+04
6.506732776800000000e+10 2.185600000000000000e+04
6.537476128800000000e+10 3.102399999999999272e+04
6.550501495200000000e+10 3.158000000000000000e+04
6.550899928800000000e+10 2.264300000000000000e+04
6.556332765600000000e+10 2.135200000000000000e+04
6.573991658400000000e+10 2.567400000000000728e+04
6.574654352800000000e+10 1.952400000000000000e+04
6.586277308000000000e+10 2.199100000000000000e+04
6.601491840800000000e+10 2.534400000000000000e+04
6.606176344800000000e+10 2.128200000000000000e+04
6.607262789600000000e+10 1.713599999999999636e+04
6.611064997600000000e+10 1.560000000000000728e+04
6.626013053600000000e+10 2.012700000000000000e+04
6.628109196000000000e+10 1.670000000000000000e+04
6.628142104800000000e+10 1.194900000000000728e+04
6.628189228000000000e+10 9.544000000000000000e+03
6.631100482400000000e+10 1.096400000000000000e+04
6.637847530400000000e+10 1.237899999999999636e+04
6.642871988000000000e+10 1.253299999999999636e+04
6.642879856800000000e+10 2.294999999999992724e+03
6.648558783200000000e+10 1.228700000000000000e+04
6.648569162400000000e+10 5.292999999999992724e+03
6.656428304800000000e+10 1.284899999999999272e+04
6.693526810400000000e+10 2.993900000000000000e+04
6.703129311200000000e+10 2.778900000000000728e+04
6.746483927200000000e+10 4.213600000000000000e+04
6.755928572000000000e+10 3.541400000000000728e+04
6.774839333600000000e+10 3.588100000000000000e+04
6.786397018400000000e+10 3.203800000000000000e+04
6.786402215200000000e+10 2.879000000000003638e+03
6.787784895200000000e+10 2.161700000000000000e+04
6.789677812000000000e+10 1.867600000000000000e+04
6.802693168800000000e+10 2.240100000000000000e+04
6.803842949600000000e+10 1.665000000000000000e+04
6.807325452000000000e+10 1.546899999999999636e+04
6.812113720800000000e+10 1.558999999999999636e+04
6.813657386400000000e+10 1.269800000000000000e+04
6.814563261600000000e+10 1.059500000000000000e+04
6.820672668000000000e+10 1.238800000000000000e+04
6.824573506400000000e+10 1.185999999999999272e+04
6.833784732000000000e+10 1.405499999999999636e+04
6.844068423200000000e+10 1.633200000000000000e+04
6.884179312800000000e+10 3.212600000000000000e+04
6.884513517600000000e+10 2.240100000000000000e+04
6.886320784800000000e+10 1.868800000000000000e+04
6.886523181600000000e+10 1.417299999999999636e+04
6.889971791200000000e+10 1.489599999999999636e+04
6.891400031200000000e+10 1.250500000000000728e+04
6.892967760800000000e+10 1.039200000000000000e+04
6.905344159200000000e+10 1.499200000000000000e+04
6.918212898400000000e+10 1.841800000000000000e+04
6.924939284000000000e+10 1.826900000000000000e+04
6.925759191200000000e+10 1.430299999999999272e+04
6.926815332000000000e+10 1.168000000000000000e+04
6.926972405600000000e+10 9.051999999999992724e+03
6.927238295200000000e+10 7.527000000000000000e+03
6.930428442400000000e+10 8.828999999999996362e+03
6.940324877600000000e+10 1.219799999999999636e+04
6.950540666400000000e+10 1.432100000000000364e+04
6.950549815200000000e+10 5.516000000000003638e+03
6.957434634400000000e+10 1.416699999999999636e+04
6.957444434400000000e+10 5.635000000000007276e+03
6.979414277600000000e+10 2.032500000000000000e+04
6.986163084000000000e+10 1.931400000000000000e+04
6.999251370400000000e+10 2.167500000000000000e+04
7.000780674400000000e+10 1.682600000000000000e+04
7.001708298400000000e+10 1.397899999999999636e+04
7.007071559200000000e+10 1.462899999999999636e+04
7.017647992800000000e+10 1.717700000000000000e+04
7.055068268000000000e+10 3.396000000000000000e+04
7.062551141600000000e+10 2.860900000000000000e+04
7.064988263200000000e+10 2.201800000000000000e+04
7.091020944800000000e+10 3.083200000000000000e+04
7.111901882400000000e+10 3.442900000000000728e+04
7.123336618400000000e+10 2.994700000000000000e+04
7.125343485600000000e+10 2.383199999999999272e+04
7.125659602400000000e+10 1.759400000000000000e+04
7.133816236000000000e+10 1.970600000000000000e+04
7.134505594400000000e+10 1.536200000000000000e+04
7.141516922400000000e+10 1.637200000000000000e+04
7.147071248800000000e+10 1.645499999999999272e+04
7.157988983200000000e+10 1.853600000000000000e+04
7.164857333600000000e+10 1.802600000000000000e+04
7.180138658400000000e+10 2.248900000000000000e+04
7.188462898400000000e+10 2.145600000000000000e+04
7.201030381600000000e+10 2.320100000000000000e+04
7.202355437600000000e+10 1.852200000000000000e+04
7.207437938400000000e+10 1.761700000000000000e+04
7.215004066400000000e+10 1.754600000000000000e+04
7.230251943200000000e+10 2.210299999999999272e+04
7.269992016800000000e+10 3.817000000000000000e+04
7.273260692000000000e+10 2.924099999999999272e+04
7.276834896800000000e+10 2.288100000000000000e+04
7.288828428000000000e+10 2.537500000000000000e+04
7.294530650400000000e+10 2.186800000000000000e+04
7.299590832800000000e+10 2.019500000000000000e+04
7.300509348000000000e+10 1.550699999999999636e+04
7.316715940000000000e+10 2.213300000000000000e+04
7.325877148000000000e+10 2.095500000000000000e+04
7.329442060000000000e+10 1.807300000000000000e+04
7.330473264800000000e+10 1.484300000000000364e+04
7.330600602400000000e+10 1.131000000000000000e+04
7.333210332000000000e+10 1.115000000000000728e+04
7.357799234400000000e+10 2.180900000000000000e+04
7.358294628000000000e+10 1.633199999999999272e+04
7.364104927200000000e+10 1.672700000000000000e+04
7.369669706400000000e+10 1.640500000000000000e+04
7.373216572000000000e+10 1.467400000000000728e+04
7.387254140000000000e+10 1.856000000000000000e+04
7.395661352800000000e+10 1.885600000000000000e+04
7.400780736800000000e+10 1.724100000000000000e+04
7.409748746400000000e+10 1.848400000000000000e+04
7.415488834400000000e+10 1.724000000000000000e+04
7.420063540000000000e+10 1.597799999999999272e+04
7.420083231200000000e+10 1.202599999999999636e+04
7.427485167200000000e+10 1.502499999999999636e+04
7.430326895200000000e+10 1.270900000000000728e+04
7.436178040800000000e+10 1.353599999999999272e+04
7.436196324000000000e+10 1.007900000000000000e+04
7.453253448800000000e+10 1.758400000000000000e+04
7.462297890400000000e+10 1.835500000000000000e+04
7.465359112800000000e+10 1.575600000000000000e+04
7.470982226400000000e+10 1.552700000000000000e+04
7.479612338400000000e+10 1.688000000000000000e+04
7.485882733600000000e+10 1.635299999999999272e+04
7.487115296800000000e+10 1.305600000000000364e+04
7.497715775200000000e+10 1.622299999999999272e+04
7.518524964000000000e+10 2.281700000000000728e+04
7.536776732000000000e+10 2.750100000000000728e+04
7.558668151200000000e+10 3.111899999999999272e+04
7.572097186400000000e+10 3.084600000000000000e+04
7.578206980000000000e+10 2.709399999999999272e+04
7.578213917600000000e+10 7.664000000000007276e+03
7.582469032800000000e+10 2.051500000000000000e+04
7.602986949600000000e+10 2.743799999999999272e+04
7.611039535200000000e+10 2.434000000000000000e+04
7.617950807200000000e+10 2.432200000000000000e+04
7.626586656800000000e+10 2.172800000000000000e+04
7.643445959200000000e+10 2.609100000000000000e+04
7.644635844000000000e+10 1.968100000000000000e+04
7.648634589600000000e+10 1.778500000000000000e+04
7.653174532000000000e+10 1.718400000000000000e+04
7.677312236000000000e+10 2.480100000000000000e+04
7.691740384800000000e+10 2.798800000000000000e+04
7.733579479200000000e+10 4.260800000000000000e+04
7.735766944800000000e+10 2.869500000000000728e+04
7.745922650400000000e+10 2.885599999999999272e+04
7.748508712800000000e+10 2.248200000000000000e+04
7.757083490400000000e+10 2.185000000000000000e+04
7.759983061600000000e+10 1.888100000000000000e+04
7.763305160800000000e+10 1.685899999999999272e+04
7.770194988000000000e+10 1.736300000000000000e+04
7.784367615200000000e+10 2.176200000000000000e+04
7.787552986400000000e+10 1.751000000000000000e+04
7.792096220000000000e+10 1.651400000000000000e+04
7.811608282400000000e+10 2.392600000000000000e+04
7.812866208800000000e+10 1.832200000000000000e+04
7.836553344800000000e+10 2.660099999999999272e+04
7.861759106400000000e+10 3.379100000000000000e+04
7.874399138400000000e+10 3.285300000000000000e+04
7.886778824800000000e+10 2.964500000000000728e+04
7.893195692000000000e+10 2.527600000000000000e+04
7.902034306400000000e+10 2.474199999999999272e+04
7.902041522400000000e+10 6.763000000000007276e+03
7.904049015200000000e+10 1.805900000000000364e+04
7.907505052000000000e+10 1.590499999999999272e+04
7.927083543200000000e+10 2.401399999999999272e+04
7.927092064800000000e+10 8.532999999999992724e+03
7.938575920800000000e+10 2.224800000000000000e+04
7.953371653600000000e+10 2.495700000000000728e+04
7.954344012000000000e+10 1.910700000000000000e+04
7.978380405600000000e+10 2.815900000000000728e+04
7.978405892000000000e+10 2.047100000000000000e+04
7.993435565600000000e+10 2.451200000000000728e+04
7.997592712800000000e+10 2.120000000000000000e+04
8.002009002400000000e+10 1.865000000000000000e+04
8.010872653600000000e+10 1.936200000000000000e+04
8.018799408800000000e+10 2.000800000000000000e+04
8.034705951200000000e+10 2.380800000000000000e+04
8.044723906400000000e+10 2.462500000000000000e+04
8.056489423200000000e+10 2.352000000000000000e+04
8.056642493600000000e+10 1.828200000000000728e+04
8.072371336800000000e+10 2.369799999999999272e+04
8.084233375200000000e+10 2.460500000000000728e+04
8.084440143200000000e+10 1.705399999999999636e+04
8.097751600800000000e+10 2.149500000000000000e+04
8.116985944800000000e+10 2.568600000000000000e+04
8.119808384800000000e+10 2.232800000000000000e+04
8.120989359200000000e+10 1.676100000000000000e+04
8.128591908000000000e+10 1.808100000000000000e+04
8.149484530400000000e+10 2.527100000000000000e+04
8.164787237600000000e+10 2.746500000000000000e+04
8.169146160800000000e+10 2.241300000000000000e+04
8.174421444000000000e+10 2.048100000000000000e+04
8.190701383200000000e+10 2.614500000000000000e+04
8.193085864800000000e+10 1.937100000000000000e+04
8.200386692000000000e+10 1.969200000000000000e+04
8.214043890400000000e+10 2.235900000000000000e+04
8.215988402400000000e+10 1.872200000000000000e+04
8.240863815200000000e+10 2.746999999999999272e+04
8.240876223200000000e+10 1.444300000000000364e+04
8.248525372000000000e+10 2.216300000000000000e+04
8.250091261600000000e+10 1.736899999999999636e+04
8.253205424800000000e+10 1.504300000000000000e+04
8.267388016800000000e+10 1.980000000000000000e+04
8.272675072800000000e+10 1.865800000000000000e+04
8.283222085600000000e+10 2.018300000000000728e+04
8.284328914400000000e+10 1.567299999999999636e+04
8.284342055200000000e+10 7.086999999999996362e+03
8.285880812000000000e+10 1.152099999999999272e+04
8.286617124000000000e+10 9.661000000000003638e+03
8.295845255200000000e+10 1.316300000000000728e+04
8.305012071200000000e+10 1.516800000000000728e+04
8.324419728800000000e+10 2.116900000000000000e+04
8.326934536800000000e+10 1.776800000000000000e+04
8.327393604000000000e+10 1.345899999999999636e+04
8.332362133600000000e+10 1.443799999999999272e+04
8.356747922400000000e+10 2.248200000000000000e+04
8.366078540000000000e+10 2.297500000000000728e+04
8.376747202400000000e+10 2.335500000000000000e+04
8.380681676000000000e+10 1.944100000000000000e+04
8.383232879200000000e+10 1.633499999999999272e+04
8.386648474400000000e+10 1.514999999999999636e+04
8.414401100000000000e+10 2.536900000000000000e+04
8.414829516000000000e+10 1.922400000000000000e+04
8.423018648800000000e+10 1.996600000000000000e+04
8.435354802400000000e+10 2.271900000000000000e+04
8.455115767200000000e+10 2.732100000000000000e+04
8.470732701600000000e+10 2.837500000000000000e+04
8.481347957600000000e+10 2.849500000000000000e+04
8.498164743200000000e+10 3.087600000000000728e+04
8.515417983200000000e+10 3.190500000000000000e+04
8.522226570400000000e+10 2.705900000000000000e+04
8.523377408800000000e+10 1.985300000000000000e+04
8.524591016800000000e+10 1.659300000000000000e+04
8.528116016800000000e+10 1.512800000000000728e+04
8.534731410400000000e+10 1.610799999999999636e+04
8.541043716000000000e+10 1.597199999999999636e+04
8.544817594400000000e+10 1.450999999999999272e+04
8.545733487200000000e+10 1.201600000000000364e+04
8.562529778400000000e+10 1.840100000000000000e+04
8.573541503200000000e+10 1.961000000000000000e+04
8.578185970400000000e+10 1.792099999999999636e+04
8.584202575200000000e+10 1.703200000000000000e+04
8.587079778400000000e+10 1.515200000000000364e+04
8.597015719200000000e+10 1.720900000000000000e+04
8.612225786400000000e+10 2.152900000000000000e+04
8.619825064800000000e+10 2.016200000000000000e+04
8.650111224800000000e+10 3.160100000000000000e+04
8.651942368800000000e+10 2.202700000000000000e+04
8.662684687200000000e+10 2.404300000000000000e+04
8.672541444000000000e+10 2.342400000000000000e+04
8.672549485600000000e+10 8.271000000000003638e+03
8.680403583200000000e+10 2.109000000000000000e+04
8.683905856800000000e+10 1.807099999999999636e+04
8.691728829600000000e+10 1.900000000000000000e+04
8.693754780000000000e+10 1.478800000000000728e+04
8.722959279200000000e+10 2.638600000000000000e+04
8.738104976800000000e+10 3.040200000000000000e+04
8.779170807200000000e+10 4.616000000000000000e+04
8.782914197600000000e+10 3.319300000000000000e+04
8.790773892000000000e+10 2.671800000000000000e+04
8.794944412000000000e+10 2.355400000000000000e+04
8.801395284000000000e+10 2.111200000000000000e+04
8.805090847200000000e+10 1.885000000000000000e+04
8.811495914400000000e+10 1.838900000000000000e+04
8.839383482400000000e+10 2.944199999999999272e+04
8.840733364000000000e+10 2.156600000000000000e+04
8.849161813600000000e+10 2.247599999999999272e+04
8.861170152800000000e+10 2.367600000000000000e+04
8.861180964000000000e+10 1.228200000000000000e+04
8.876087508000000000e+10 2.327900000000000000e+04
8.880723836000000000e+10 2.104000000000000000e+04
8.883044012000000000e+10 1.682399999999999636e+04
8.887420896800000000e+10 1.588100000000000364e+04
8.899289655200000000e+10 1.919200000000000000e+04
8.901162370400000000e+10 1.549800000000000728e+04
8.922197612000000000e+10 2.303400000000000000e+04
8.931194754400000000e+10 2.224900000000000000e+04
8.948609797600000000e+10 2.703700000000000728e+04
8.951646525600000000e+10 2.168000000000000000e+04
8.966648351200000000e+10 2.553700000000000000e+04
8.968370341600000000e+10 1.992600000000000000e+04
8.970196847200000000e+10 1.611100000000000364e+04
8.972421301600000000e+10 1.411700000000000000e+04
8.987099271200000000e+10 1.899000000000000000e+04
8.995724823200000000e+10 2.016000000000000000e+04
