# Timestamps in ns,Energies
7.788489040000000000e+08 6.104400000000000000e+04
9.849834000000000000e+08 5.197300000000000000e+04
9.850707920000000000e+08 2.092799999999999272e+04
1.375606296000000000e+09 4.835500000000000000e+04
1.437068120000000000e+09 3.743500000000000000e+04
1.873523752000000000e+09 5.201700000000000000e+04
1.905783256000000000e+09 3.349400000000000000e+04
1.993365832000000000e+09 3.050600000000000000e+04
2.243157784000000000e+09 3.726800000000000000e+04
2.243241208000000000e+09 7.882000000000000000e+03
2.511979880000000000e+09 3.927300000000000000e+04
2.712199784000000000e+09 3.771100000000000000e+04
2.791964408000000000e+09 3.392800000000000000e+04
3.287088312000000000e+09 4.956500000000000000e+04
3.287273112000000000e+09 3.245200000000000000e+04
3.568293768000000000e+09 4.200100000000000000e+04
3.599541528000000000e+09 2.916200000000000000e+04
3.612583192000000000e+09 2.280500000000000000e+04
3.785333880000000000e+09 2.689299999999999272e+04
4.312293992000000000e+09 4.424800000000000000e+04
4.616134408000000000e+09 4.643500000000000000e+04
4.616183256000000000e+09 4.360000000000007276e+03
4.789589336000000000e+09 4.134300000000000000e+04
4.931261864000000000e+09 3.882300000000000000e+04
5.089325704000000000e+09 3.352400000000000728e+04
5.098950136000000000e+09 2.393300000000000000e+04
5.343923336000000000e+09 3.505100000000000728e+04
5.384227944000000000e+09 2.577400000000000000e+04
5.442757816000000000e+09 2.316400000000000728e+04
6.022567480000000000e+09 4.787900000000000000e+04
6.219295800000000000e+09 4.166000000000000000e+04
6.244824040000000000e+09 3.022200000000000000e+04
6.244881992000000000e+09 5.147999999999996362e+03
6.983303928000000000e+09 5.813600000000000000e+04
7.311049256000000000e+09 5.224300000000000000e+04
7.380085128000000000e+09 4.052000000000000000e+04
7.557325048000000000e+09 3.594900000000000000e+04
8.051817960000000000e+09 5.033100000000000000e+04
8.133110648000000000e+09 4.141400000000000000e+04
8.172843864000000000e+09 2.993299999999999272e+04
8.633061816000000000e+09 4.797700000000000000e+04
9.189500920000000000e+09 5.826900000000000000e+04
9.231123064000000000e+09 4.250000000000000000e+04
9.367308616000000000e+09 3.769700000000000000e+04
9.383668888000000000e+09 2.595100000000000000e+04
9.589666936000000000e+09 3.090600000000000728e+04
9.780846136000000000e+09 3.397100000000000728e+04
9.903039208000000000e+09 3.131500000000000000e+04
9.993803832000000000e+09 2.984100000000000000e+04
1.009367560800000000e+10 2.838399999999999272e+04
1.029915325600000000e+10 3.304700000000000000e+04
1.095530815200000000e+10 5.466300000000000000e+04
1.095542456800000000e+10 2.965800000000000000e+04
1.120893653600000000e+10 4.279000000000000000e+04
1.142961440800000000e+10 4.153100000000000000e+04
1.146412719200000000e+10 3.413100000000000000e+04
1.149358525600000000e+10 2.487400000000000000e+04
1.196598732000000000e+10 4.334900000000000000e+04
1.281200868000000000e+10 6.547400000000000000e+04
1.284235202400000000e+10 4.377700000000000000e+04
1.327495648800000000e+10 5.520200000000000000e+04
1.327503458400000000e+10 1.956399999999999272e+04
1.379809210400000000e+10 5.890400000000000000e+04
1.381014359200000000e+10 3.542000000000000728e+04
1.418976672800000000e+10 4.425900000000000000e+04
1.422042352800000000e+10 3.422100000000000728e+04
1.431961623200000000e+10 3.151500000000000000e+04
1.449556098400000000e+10 3.160900000000000000e+04
1.519852888800000000e+10 5.482600000000000000e+04
1.525355764000000000e+10 4.292200000000000000e+04
1.553311063200000000e+10 4.081100000000000000e+04
1.562970397600000000e+10 3.629100000000000728e+04
1.566370256800000000e+10 2.832599999999999272e+04
1.566379064800000000e+10 1.099099999999999272e+04
1.576810168800000000e+10 2.516000000000000000e+04
1.595956148000000000e+10 2.829300000000000728e+04
1.603992565600000000e+10 2.539000000000000000e+04
1.613085581600000000e+10 2.539000000000000000e+04
1.621894624800000000e+10 2.409799999999999272e+04
1.621900976800000000e+10 4.763000000000000000e+03
1.685745455200000000e+10 4.546500000000000000e+04
1.685750008800000000e+10 1.991999999999996362e+03
1.755400506400000000e+10 6.234800000000000000e+04
1.792159386400000000e+10 5.543100000000000000e+04
1.823534260000000000e+10 5.429600000000000000e+04
1.835791524000000000e+10 4.503700000000000000e+04
1.860921204000000000e+10 4.448800000000000000e+04
1.860928533600000000e+10 1.274499999999999636e+04
1.922204868000000000e+10 5.662300000000000000e+04
1.973911327200000000e+10 5.798400000000000000e+04
1.990458887200000000e+10 4.714800000000000000e+04
1.995446002400000000e+10 3.476600000000000000e+04
2.007025405600000000e+10 3.060800000000000000e+04
2.009601028000000000e+10 2.572999999999999272e+04
2.013207156000000000e+10 2.197700000000000000e+04
2.016685645600000000e+10 1.810700000000000000e+04
2.057609613600000000e+10 3.375400000000000000e+04
2.058260813600000000e+10 2.411400000000000000e+04
2.058608399200000000e+10 1.953300000000000728e+04
2.194916450400000000e+10 7.949400000000000000e+04
2.282488168800000000e+10 7.815100000000000000e+04
2.288048045600000000e+10 4.679200000000000000e+04
2.288054792800000000e+10 1.259199999999999636e+04
2.343879303200000000e+10 5.384400000000000000e+04
2.365335648800000000e+10 4.801300000000000000e+04
2.388776805600000000e+10 4.964500000000000000e+04
2.477397866400000000e+10 7.458500000000000000e+04
2.478355280800000000e+10 4.105800000000000000e+04
2.478612919200000000e+10 2.856900000000000000e+04
2.531892023200000000e+10 4.872600000000000000e+04
2.569757255200000000e+10 5.831800000000000000e+04
2.585261080800000000e+10 4.121600000000000000e+04
2.589215469600000000e+10 3.480599999999999272e+04
2.681088133600000000e+10 6.822900000000000000e+04
2.690086632800000000e+10 4.593100000000000000e+04
2.750440124000000000e+10 6.609300000000000000e+04
2.780232133600000000e+10 5.372000000000000000e+04
2.832800245600000000e+10 5.563000000000000000e+04
2.882718682400000000e+10 6.134300000000000000e+04
2.894701418400000000e+10 4.601400000000000000e+04
2.918106544800000000e+10 4.309300000000000000e+04
2.959128413600000000e+10 5.030000000000000000e+04
2.982371700000000000e+10 5.211700000000000000e+04
3.003688045600000000e+10 4.376900000000000000e+04
3.003699252000000000e+10 1.958100000000000000e+04
3.003709640800000000e+10 1.130299999999999272e+04
3.019254048800000000e+10 2.938700000000000000e+04
3.158486424800000000e+10 7.352000000000000000e+04
3.158490800800000000e+10 2.644000000000003638e+03
3.172552711200000000e+10 4.977700000000000000e+04
3.172560197600000000e+10 1.535399999999999636e+04
3.210740996000000000e+10 4.728300000000000000e+04
3.326403805600000000e+10 7.055300000000000000e+04
3.370527636000000000e+10 6.844500000000000000e+04
3.406032672800000000e+10 6.286100000000000000e+04
3.426678164000000000e+10 5.095300000000000000e+04
3.442282218400000000e+10 3.916500000000000000e+04
3.458850917600000000e+10 3.907400000000000000e+04
3.459660364000000000e+10 2.750800000000000000e+04
3.474215567200000000e+10 2.873099999999999272e+04
3.545267245600000000e+10 5.892300000000000000e+04
3.568754906400000000e+10 5.364800000000000000e+04
3.574334991200000000e+10 3.501400000000000000e+04
3.619669812000000000e+10 4.895900000000000000e+04
3.624433568800000000e+10 3.714000000000000000e+04
3.639619432800000000e+10 3.403900000000000000e+04
3.639627274400000000e+10 1.276199999999999272e+04
3.647988728800000000e+10 2.792300000000000000e+04
3.681457301600000000e+10 3.878400000000000000e+04
3.722881970400000000e+10 4.527000000000000000e+04
3.765055197600000000e+10 4.970700000000000000e+04
3.770715804000000000e+10 3.586900000000000000e+04
3.777709076000000000e+10 3.224600000000000728e+04
3.885238631200000000e+10 6.762300000000000000e+04
3.885249655200000000e+10 2.776800000000000728e+04
3.898490151200000000e+10 4.261000000000000000e+04
3.953794901600000000e+10 5.409000000000000000e+04
4.002951176800000000e+10 5.519600000000000000e+04
4.036531842400000000e+10 6.643700000000000000e+04
4.078264300000000000e+10 5.961300000000000000e+04
4.087520869600000000e+10 4.135800000000000000e+04
4.157724522400000000e+10 6.206400000000000000e+04
4.173521752800000000e+10 4.670100000000000000e+04
4.194621120800000000e+10 4.426900000000000000e+04
4.202315082400000000e+10 3.436300000000000000e+04
4.207387364000000000e+10 2.713700000000000728e+04
4.215888202400000000e+10 2.685300000000000728e+04
4.266466274400000000e+10 4.744600000000000000e+04
4.288839935200000000e+10 4.002500000000000000e+04
4.296190396000000000e+10 3.489399999999999272e+04
4.297671047200000000e+10 2.467100000000000000e+04
4.312433114400000000e+10 2.972400000000000000e+04
4.326677058400000000e+10 2.916800000000000000e+04
4.331350935200000000e+10 2.440400000000000000e+04
4.368520367200000000e+10 4.020500000000000000e+04
4.393988221600000000e+10 4.138700000000000000e+04
4.428858127200000000e+10 4.763200000000000000e+04
4.428868237600000000e+10 2.322699999999999272e+04
4.482045842400000000e+10 5.364100000000000000e+04
4.529313346400000000e+10 5.784800000000000000e+04
4.571395653600000000e+10 5.281100000000000000e+04
4.647163484000000000e+10 6.409800000000000000e+04
4.647169031200000000e+10 1.240000000000000364e+04
4.700375997600000000e+10 6.515100000000000000e+04
4.700392736800000000e+10 3.286700000000000000e+04
4.700401476000000000e+10 1.510400000000000000e+04
4.708789311200000000e+10 2.940400000000000000e+04
4.745386053600000000e+10 4.500900000000000000e+04
4.751628413600000000e+10 3.660500000000000000e+04
4.823605432800000000e+10 5.540100000000000000e+04
4.830349983200000000e+10 3.830800000000000000e+04
4.852247488800000000e+10 4.543100000000000000e+04
4.858262428000000000e+10 3.291300000000000728e+04
4.858269620000000000e+10 9.518000000000007276e+03
4.882144687200000000e+10 3.906600000000000000e+04
4.916073330400000000e+10 4.181600000000000000e+04
4.916079071200000000e+10 7.438000000000007276e+03
4.940547156000000000e+10 4.046000000000000000e+04
4.955576482400000000e+10 3.567400000000000000e+04
5.055881848800000000e+10 6.639700000000000000e+04
5.081357752800000000e+10 5.245800000000000000e+04
5.117234031200000000e+10 5.598800000000000000e+04
5.156139224800000000e+10 5.112000000000000000e+04
5.182107133600000000e+10 5.130300000000000000e+04
5.236230477600000000e+10 5.358400000000000000e+04
5.242572338400000000e+10 3.816600000000000000e+04
5.284515293600000000e+10 5.279700000000000000e+04
5.288599247200000000e+10 3.938400000000000000e+04
5.312272514400000000e+10 3.924400000000000000e+04
5.378233364000000000e+10 5.921800000000000000e+04
5.489615324000000000e+10 7.687000000000000000e+04
5.505239490400000000e+10 5.331300000000000000e+04
5.562821629600000000e+10 5.969400000000000000e+04
5.578278936800000000e+10 4.626300000000000000e+04
5.623469884000000000e+10 6.041500000000000000e+04
5.632703090400000000e+10 3.886400000000000000e+04
5.632708992800000000e+10 8.053999999999992724e+03
5.678612066400000000e+10 5.002500000000000000e+04
5.686419018400000000e+10 3.783400000000000000e+04
5.686428855200000000e+10 1.784300000000000728e+04
5.688314175200000000e+10 2.293900000000000000e+04
5.714815436000000000e+10 3.230699999999999272e+04
5.725315722400000000e+10 3.010300000000000728e+04
5.767809437600000000e+10 4.363200000000000000e+04
5.786283943200000000e+10 4.068200000000000000e+04
5.789070698400000000e+10 2.938899999999999272e+04
5.824442439200000000e+10 3.943500000000000000e+04
5.827699607200000000e+10 2.947299999999999272e+04
5.874938157600000000e+10 4.677500000000000000e+04
5.874944980000000000e+10 1.330299999999999636e+04
5.922278666400000000e+10 5.036300000000000000e+04
5.978157276000000000e+10 6.459400000000000000e+04
5.978173093600000000e+10 4.153700000000000000e+04
5.979879490400000000e+10 2.846700000000000000e+04
6.013273703200000000e+10 4.295000000000000000e+04
6.029522344800000000e+10 3.619000000000000000e+04
6.075196764000000000e+10 4.907200000000000000e+04
6.075207992800000000e+10 2.429500000000000728e+04
6.096891226400000000e+10 3.896300000000000000e+04
6.160256096800000000e+10 5.994700000000000000e+04
6.160263557600000000e+10 1.816399999999999636e+04
6.182035626400000000e+10 4.455100000000000000e+04
6.185014333600000000e+10 3.165500000000000000e+04
6.190461356000000000e+10 2.810199999999999272e+04
6.217235893600000000e+10 3.561499999999999272e+04
6.240650258400000000e+10 4.023900000000000000e+04
6.314286324000000000e+10 5.792500000000000000e+04
6.351916740000000000e+10 5.614900000000000000e+04
6.375582436000000000e+10 5.279400000000000000e+04
6.375587343200000000e+10 5.525000000000000000e+03
6.376483314400000000e+10 2.844800000000000000e+04
6.393413428000000000e+10 3.348500000000000000e+04
6.394152557600000000e+10 2.473800000000000000e+04
6.400134320800000000e+10 2.311900000000000000e+04
6.452787968800000000e+10 4.182900000000000000e+04
6.471558464800000000e+10 3.992100000000000000e+04
6.546617828000000000e+10 6.459000000000000000e+04
6.592801088800000000e+10 6.136900000000000000e+04
6.592808309600000000e+10 1.861699999999999272e+04
6.601751914400000000e+10 3.806200000000000000e+04
6.632398896800000000e+10 4.254100000000000000e+04
6.639566216800000000e+10 3.497499999999999272e+04
6.646779712800000000e+10 3.113599999999999272e+04
6.646791367200000000e+10 1.553200000000000728e+04
6.739207069600000000e+10 5.752000000000000000e+04
6.748456823200000000e+10 4.303000000000000000e+04
6.753881173600000000e+10 3.444700000000000000e+04
6.783655303200000000e+10 3.878300000000000000e+04
6.795738954400000000e+10 3.496200000000000000e+04
6.830434536800000000e+10 4.841300000000000000e+04
6.833378725600000000e+10 3.165200000000000728e+04
6.852529911200000000e+10 3.308800000000000000e+04
6.859885948000000000e+10 2.833400000000000728e+04
6.909711559200000000e+10 4.844100000000000000e+04
6.929419076000000000e+10 4.659900000000000000e+04
6.953005015200000000e+10 4.198800000000000000e+04
6.961791564000000000e+10 3.410999999999999272e+04
6.981786492000000000e+10 3.495400000000000000e+04
7.060831356000000000e+10 6.255600000000000000e+04
7.060836013600000000e+10 5.672999999999992724e+03
7.062500471200000000e+10 4.062800000000000000e+04
7.062506306400000000e+10 6.187000000000000000e+03
7.062773612000000000e+10 2.239200000000000000e+04
7.077350135200000000e+10 2.828200000000000728e+04
7.096085096800000000e+10 3.329500000000000000e+04
7.109141156000000000e+10 2.963500000000000728e+04
7.119741221600000000e+10 2.916500000000000728e+04
7.180226783200000000e+10 5.304400000000000000e+04
7.303877373600000000e+10 7.558800000000000000e+04
7.358638760800000000e+10 7.393200000000000000e+04
7.360443528800000000e+10 4.388900000000000000e+04
7.363162634400000000e+10 3.236200000000000000e+04
7.371335938400000000e+10 2.955800000000000000e+04
7.408998040800000000e+10 4.123200000000000000e+04
7.409110440800000000e+10 2.712100000000000000e+04
7.430962572000000000e+10 3.484900000000000000e+04
7.446886919200000000e+10 3.362800000000000000e+04
7.457639452000000000e+10 3.168200000000000000e+04
7.529502642400000000e+10 5.278400000000000000e+04
7.540952669600000000e+10 4.151400000000000000e+04
7.621707356000000000e+10 6.916600000000000000e+04
7.676032773600000000e+10 6.065200000000000000e+04
7.685614775200000000e+10 4.552400000000000000e+04
7.687822205600000000e+10 3.379699999999999272e+04
7.722745551200000000e+10 4.257100000000000000e+04
7.763120455200000000e+10 5.007800000000000000e+04
7.804417648800000000e+10 5.694900000000000000e+04
7.811341444000000000e+10 3.838400000000000000e+04
7.827176658400000000e+10 3.788200000000000000e+04
7.849849204000000000e+10 4.046600000000000000e+04
7.894503925600000000e+10 4.784400000000000000e+04
7.896133629600000000e+10 3.368500000000000000e+04
7.973754911200000000e+10 5.913000000000000000e+04
8.000078373600000000e+10 5.042900000000000000e+04
8.037604597600000000e+10 5.988800000000000000e+04
8.056569266400000000e+10 4.962400000000000000e+04
8.065373024800000000e+10 3.684600000000000000e+04
8.074395509600000000e+10 3.002900000000000000e+04
8.074400828000000000e+10 3.475000000000000000e+03
8.181589333600000000e+10 7.599400000000001455e+04
8.207477776800000000e+10 5.729200000000000000e+04
8.224061426400000000e+10 5.090500000000000000e+04
8.236508639200000000e+10 3.699500000000000000e+04
8.238211911200000000e+10 2.715000000000000000e+04
8.272573911200000000e+10 3.946500000000000000e+04
8.279846007200000000e+10 3.089300000000000000e+04
8.279850957600000000e+10 2.604000000000007276e+03
8.295043943200000000e+10 2.982200000000000728e+04
8.406528303200000000e+10 7.138500000000000000e+04
8.422768263200000000e+10 4.718100000000000000e+04
8.425433340000000000e+10 3.428000000000000000e+04
8.441527618400000000e+10 3.740800000000000000e+04
8.461138709600000000e+10 3.538400000000000000e+04
8.477828144800000000e+10 3.724600000000000000e+04
8.528820608800000000e+10 4.942200000000000000e+04
8.545676567200000000e+10 4.926500000000000000e+04
8.598443815200000000e+10 5.629000000000000000e+04
8.621746845600000000e+10 5.517700000000000000e+04
8.641205719200000000e+10 4.054700000000000000e+04
8.663651879200000000e+10 4.250100000000000000e+04
8.694625304800000000e+10 4.615900000000000000e+04
8.710230300000000000e+10 4.021500000000000000e+04
8.718047661600000000e+10 3.342900000000000000e+04
8.760590308000000000e+10 4.439600000000000000e+04
8.761156744800000000e+10 3.279500000000000000e+04
8.778468096800000000e+10 3.328900000000000728e+04
8.797646821600000000e+10 3.563500000000000728e+04
8.805891575200000000e+10 3.009099999999999272e+04
8.843394434400000000e+10 4.603300000000000000e+04
8.866917218400000000e+10 4.232200000000000000e+04
8.875616162400000000e+10 3.423799999999999272e+04
8.901185893600000000e+10 3.749200000000000000e+04
8.911452552800000000e+10 3.146900000000000000e+04
8.936145954400000000e+10 3.825300000000000000e+04
8.952719348000000000e+10 3.619699999999999272e+04
