# Timestamps in ns,Energies
7.765680800000000000e+07 4.678600000000000000e+04
1.701033360000000000e+08 4.057700000000000000e+04
4.069963280000000000e+08 3.859200000000000000e+04
7.618533840000000000e+08 5.142600000000000000e+04
1.253113944000000000e+09 5.280100000000000000e+04
1.444777000000000000e+09 4.575400000000000000e+04
1.480311448000000000e+09 3.562600000000000000e+04
2.013103416000000000e+09 4.897900000000000000e+04
2.134273368000000000e+09 4.321600000000000000e+04
2.505633688000000000e+09 4.668500000000000000e+04
2.826402120000000000e+09 4.891200000000000000e+04
2.831711304000000000e+09 2.990000000000000000e+04
2.953698248000000000e+09 3.079299999999999272e+04
2.998865880000000000e+09 2.549700000000000000e+04
3.219062744000000000e+09 3.225500000000000000e+04
3.219112920000000000e+09 2.709000000000000000e+03
3.753600520000000000e+09 5.577400000000000000e+04
3.753648632000000000e+09 3.802000000000003638e+03
4.006314808000000000e+09 4.875300000000000000e+04
4.410959528000000000e+09 5.312900000000000000e+04
4.528067416000000000e+09 3.815100000000000000e+04
4.582511656000000000e+09 3.288100000000000728e+04
5.402205608000000000e+09 5.881700000000000000e+04
5.708106344000000000e+09 5.245700000000000000e+04
6.209400840000000000e+09 5.707600000000000000e+04
6.209444216000000000e+09 1.527000000000007276e+03
6.320489688000000000e+09 4.186900000000000000e+04
6.320556968000000000e+09 1.325100000000000728e+04
6.419230680000000000e+09 3.251100000000000000e+04
6.470744744000000000e+09 2.780900000000000000e+04
6.520812328000000000e+09 2.378700000000000000e+04
6.522966984000000000e+09 1.715300000000000000e+04
7.037101576000000000e+09 3.910400000000000000e+04
7.037150008000000000e+09 3.111999999999992724e+03
7.081144008000000000e+09 2.794499999999999272e+04
7.601599944000000000e+09 5.016500000000000000e+04
7.661663112000000000e+09 3.986900000000000000e+04
7.807806728000000000e+09 3.606299999999999272e+04
7.868467224000000000e+09 2.735099999999999272e+04
8.087131784000000000e+09 3.425600000000000000e+04
8.290093656000000000e+09 3.531299999999999272e+04
8.350819224000000000e+09 2.900600000000000000e+04
8.508220456000000000e+09 2.876700000000000000e+04
8.726513832000000000e+09 3.400099999999999272e+04
9.180774056000000000e+09 5.044100000000000000e+04
1.043357941600000000e+10 7.577700000000000000e+04
1.082832725600000000e+10 6.973600000000000000e+04
1.125334647200000000e+10 5.774200000000000000e+04
1.126995413600000000e+10 4.021900000000000000e+04
1.145140594400000000e+10 4.175300000000000000e+04
1.165712372000000000e+10 3.739600000000000000e+04
1.182113269600000000e+10 3.779000000000000000e+04
1.228298772000000000e+10 4.872700000000000000e+04
1.249327317600000000e+10 4.756000000000000000e+04
1.298791450400000000e+10 5.928000000000000000e+04
1.312658154400000000e+10 4.511000000000000000e+04
1.316593458400000000e+10 3.109799999999999272e+04
1.329261471200000000e+10 3.192600000000000000e+04
1.334538639200000000e+10 2.556800000000000000e+04
1.360195965600000000e+10 3.409700000000000000e+04
1.363252983200000000e+10 2.555400000000000000e+04
1.384698186400000000e+10 3.179900000000000000e+04
1.394017818400000000e+10 2.944400000000000728e+04
1.401122692000000000e+10 2.560800000000000000e+04
1.456715026400000000e+10 4.863200000000000000e+04
1.460480460000000000e+10 3.522400000000000000e+04
1.466253346400000000e+10 2.864600000000000000e+04
1.480679341600000000e+10 3.018200000000000728e+04
1.490760602400000000e+10 2.739700000000000000e+04
1.519433133600000000e+10 3.740200000000000000e+04
1.519443730400000000e+10 1.651899999999999272e+04
1.558044394400000000e+10 4.262400000000000000e+04
1.580377183200000000e+10 4.057900000000000000e+04
1.591781428000000000e+10 3.517400000000000000e+04
1.599857040800000000e+10 3.145599999999999272e+04
1.599865261600000000e+10 1.033699999999999636e+04
1.603133092000000000e+10 2.165400000000000000e+04
1.649418546400000000e+10 4.044100000000000000e+04
1.650987783200000000e+10 2.962900000000000000e+04
1.677183152800000000e+10 3.449100000000000000e+04
1.697177362400000000e+10 3.720200000000000000e+04
1.709972157600000000e+10 3.442300000000000000e+04
1.755881672800000000e+10 5.084100000000000000e+04
1.771289194400000000e+10 4.123800000000000000e+04
1.803816567200000000e+10 4.349600000000000000e+04
1.811860252000000000e+10 3.654000000000000000e+04
1.835869564000000000e+10 4.092500000000000000e+04
1.835877644000000000e+10 1.506500000000000000e+04
1.843519576800000000e+10 2.957000000000000728e+04
1.883120613600000000e+10 4.264200000000000000e+04
1.904997368800000000e+10 4.272800000000000000e+04
1.905991660000000000e+10 2.897200000000000728e+04
1.945324072800000000e+10 4.219400000000000000e+04
1.945338280800000000e+10 2.017400000000000728e+04
1.970844586400000000e+10 3.854100000000000000e+04
1.970862380000000000e+10 2.302500000000000000e+04
1.982170356000000000e+10 2.960000000000000000e+04
2.009694186400000000e+10 3.409700000000000000e+04
2.037782997600000000e+10 4.121600000000000000e+04
2.037787719200000000e+10 1.819000000000003638e+03
2.104704469600000000e+10 5.950000000000000000e+04
2.149373218400000000e+10 6.135200000000000000e+04
2.149378101600000000e+10 6.914999999999996362e+03
2.158267428000000000e+10 4.361800000000000000e+04
2.164804954400000000e+10 3.304600000000000000e+04
2.208403530400000000e+10 4.373200000000000000e+04
2.256482004000000000e+10 5.588800000000000000e+04
2.263039346400000000e+10 4.057000000000000000e+04
2.268984484000000000e+10 3.326499999999999272e+04
2.312945357600000000e+10 5.160000000000000000e+04
2.313697956000000000e+10 2.846900000000000000e+04
2.329772575200000000e+10 3.254600000000000000e+04
2.330121140000000000e+10 2.250600000000000000e+04
2.343828906400000000e+10 2.760400000000000000e+04
2.358051988000000000e+10 2.687199999999999272e+04
2.368846360800000000e+10 2.798300000000000000e+04
2.379594919200000000e+10 2.684200000000000000e+04
2.386315613600000000e+10 2.333700000000000728e+04
2.392841152800000000e+10 2.155400000000000000e+04
2.456658228000000000e+10 5.346400000000000000e+04
2.488807367200000000e+10 4.732000000000000000e+04
2.500945112800000000e+10 4.240300000000000000e+04
2.502743284000000000e+10 2.752800000000000000e+04
2.502750226400000000e+10 7.703999999999992724e+03
2.523426872800000000e+10 3.240500000000000728e+04
2.529436944800000000e+10 2.714400000000000728e+04
2.533548669600000000e+10 2.346200000000000728e+04
2.538625116000000000e+10 2.002700000000000000e+04
2.545547167200000000e+10 1.961100000000000000e+04
2.545796274400000000e+10 1.461799999999999272e+04
2.552491546400000000e+10 1.623000000000000000e+04
2.619485808800000000e+10 4.429500000000000000e+04
2.636570288800000000e+10 4.361700000000000000e+04
2.661150735200000000e+10 4.500300000000000000e+04
2.673817405600000000e+10 3.770200000000000000e+04
2.681518068000000000e+10 3.232900000000000000e+04
2.719792680800000000e+10 4.458800000000000000e+04
2.741776861600000000e+10 4.359200000000000000e+04
2.746825096800000000e+10 3.078099999999999272e+04
2.751134080800000000e+10 2.616800000000000000e+04
2.767971378400000000e+10 2.839399999999999272e+04
2.772110202400000000e+10 2.336700000000000000e+04
2.796022605600000000e+10 3.243600000000000000e+04
2.803662709600000000e+10 2.711900000000000000e+04
2.827611866400000000e+10 3.380699999999999272e+04
2.832672133600000000e+10 2.741300000000000728e+04
2.845667135200000000e+10 2.736600000000000728e+04
2.894369501600000000e+10 4.920900000000000000e+04
2.909245552800000000e+10 4.110500000000000000e+04
2.963227064800000000e+10 5.270400000000000000e+04
2.984358405600000000e+10 4.577800000000000000e+04
2.985633052000000000e+10 3.055099999999999272e+04
2.992080074400000000e+10 2.938400000000000728e+04
3.009989972000000000e+10 2.945400000000000000e+04
3.033203916000000000e+10 3.416100000000000000e+04
3.039370077600000000e+10 2.857800000000000000e+04
3.057455604000000000e+10 3.624200000000000000e+04
3.063349488800000000e+10 2.707800000000000728e+04
3.084619861600000000e+10 3.050999999999999272e+04
3.146409316000000000e+10 5.786200000000000000e+04
3.148520661600000000e+10 3.552500000000000000e+04
3.148531813600000000e+10 1.795099999999999636e+04
3.158179424800000000e+10 2.833800000000000000e+04
3.173178717600000000e+10 2.806300000000000000e+04
3.192400887200000000e+10 3.345399999999999272e+04
3.222268712800000000e+10 3.901100000000000000e+04
3.224121344800000000e+10 2.817500000000000728e+04
3.232334290400000000e+10 2.786800000000000000e+04
3.268687128800000000e+10 3.949800000000000000e+04
3.273692213600000000e+10 3.066300000000000000e+04
3.336100212000000000e+10 5.612000000000000000e+04
3.372032037600000000e+10 5.761500000000000000e+04
3.387086311200000000e+10 4.290800000000000000e+04
3.398508104800000000e+10 3.581400000000000000e+04
3.431529540000000000e+10 4.737400000000000000e+04
3.436140404000000000e+10 3.356400000000000000e+04
3.436154783200000000e+10 1.941200000000000000e+04
3.461111527200000000e+10 3.416100000000000000e+04
3.463126976800000000e+10 2.492400000000000000e+04
3.517641578400000000e+10 4.581300000000000000e+04
3.524354250400000000e+10 3.688000000000000000e+04
3.525569559200000000e+10 2.477200000000000728e+04
3.542062117600000000e+10 2.960600000000000000e+04
3.578124597600000000e+10 3.989300000000000000e+04
3.578134437600000000e+10 1.730499999999999272e+04
3.578312690400000000e+10 2.048800000000000000e+04
3.582382135200000000e+10 2.132699999999999272e+04
3.588072199200000000e+10 1.928400000000000000e+04
3.603211167200000000e+10 2.376600000000000000e+04
3.628636420000000000e+10 3.216800000000000728e+04
3.638567528800000000e+10 3.048800000000000000e+04
3.668932181600000000e+10 4.091900000000000000e+04
3.679079911200000000e+10 3.394299999999999272e+04
3.726975965600000000e+10 4.714300000000000000e+04
3.727666130400000000e+10 3.318300000000000000e+04
3.728763653600000000e+10 2.532800000000000000e+04
3.745869610400000000e+10 2.993499999999999272e+04
3.748633589600000000e+10 2.239899999999999272e+04
3.787171360800000000e+10 3.830300000000000000e+04
3.791863807200000000e+10 2.893000000000000000e+04
3.798759208800000000e+10 2.758000000000000000e+04
3.827837197600000000e+10 3.690100000000000000e+04
3.840594746400000000e+10 3.355400000000000728e+04
3.854430117600000000e+10 3.104400000000000000e+04
3.892059989600000000e+10 4.573400000000000000e+04
3.916186623200000000e+10 4.156300000000000000e+04
3.945132740000000000e+10 4.461500000000000000e+04
3.970046204000000000e+10 4.526700000000000000e+04
3.987901557600000000e+10 4.230200000000000000e+04
3.995633693600000000e+10 3.386000000000000728e+04
3.995640492000000000e+10 8.506000000000000000e+03
3.996164876000000000e+10 2.137700000000000000e+04
3.996177284000000000e+10 1.097600000000000728e+04
4.002621380000000000e+10 1.850000000000000000e+04
4.017680421600000000e+10 2.223900000000000000e+04
4.019794424800000000e+10 1.893700000000000000e+04
4.076596012000000000e+10 4.465900000000000000e+04
4.080569629600000000e+10 3.363100000000000728e+04
4.095712052000000000e+10 3.294200000000000000e+04
4.098197141600000000e+10 2.533600000000000000e+04
4.126390368800000000e+10 3.642200000000000000e+04
4.133458272800000000e+10 3.001400000000000728e+04
4.173572903200000000e+10 4.188200000000000000e+04
4.180600820000000000e+10 3.373600000000000728e+04
4.180653044000000000e+10 2.249800000000000000e+04
4.202058957600000000e+10 3.043099999999999272e+04
4.253350740000000000e+10 4.712000000000000000e+04
4.284125744800000000e+10 5.376200000000000000e+04
4.300750420000000000e+10 4.208200000000000000e+04
4.319989373600000000e+10 4.373000000000000000e+04
4.350649178400000000e+10 4.593900000000000000e+04
4.357980244000000000e+10 3.513000000000000000e+04
4.360443175200000000e+10 2.643400000000000728e+04
4.400608365600000000e+10 3.970800000000000000e+04
4.430308770400000000e+10 4.522100000000000000e+04
4.453784837600000000e+10 4.413000000000000000e+04
4.453792055200000000e+10 1.255600000000000000e+04
4.463345757600000000e+10 3.046400000000000000e+04
4.496818944800000000e+10 4.584500000000000000e+04
4.507738311200000000e+10 3.320600000000000000e+04
4.520962661600000000e+10 3.306300000000000000e+04
4.573278204000000000e+10 4.672800000000000000e+04
4.588309986400000000e+10 4.307900000000000000e+04
4.655081695200000000e+10 5.759900000000000000e+04
4.720767047200000000e+10 6.712200000000000000e+04
4.787830746400000000e+10 7.268500000000000000e+04
4.810773069600000000e+10 5.286100000000000000e+04
4.810792036000000000e+10 3.250200000000000000e+04
4.813511680800000000e+10 2.889799999999999272e+04
4.825777826400000000e+10 2.866500000000000000e+04
4.825805028000000000e+10 2.506300000000000000e+04
4.827111925600000000e+10 1.728200000000000000e+04
4.827123504800000000e+10 8.288000000000007276e+03
4.911441975200000000e+10 5.088000000000000000e+04
4.919886877600000000e+10 4.281600000000000000e+04
4.963227797600000000e+10 5.200800000000000000e+04
4.971660784800000000e+10 3.837700000000000000e+04
4.998206058400000000e+10 4.285500000000000000e+04
5.015801855200000000e+10 4.075400000000000000e+04
5.040553156000000000e+10 4.249500000000000000e+04
5.075709639200000000e+10 4.370500000000000000e+04
5.080571685600000000e+10 3.484699999999999272e+04
5.089276631200000000e+10 3.347100000000000000e+04
5.090741890400000000e+10 2.276800000000000000e+04
5.100916295200000000e+10 2.375200000000000000e+04
5.109820716000000000e+10 2.424000000000000000e+04
5.142055269600000000e+10 3.670000000000000000e+04
5.147997420000000000e+10 2.738300000000000728e+04
5.165905975200000000e+10 2.919000000000000000e+04
5.212412154400000000e+10 4.561900000000000000e+04
5.219688082400000000e+10 4.065600000000000000e+04
5.262936690400000000e+10 4.822400000000000000e+04
5.264238690400000000e+10 3.321200000000000000e+04
5.264251416800000000e+10 1.508800000000000000e+04
5.266706360800000000e+10 2.148500000000000000e+04
5.315523279200000000e+10 4.308400000000000000e+04
5.315540055200000000e+10 1.582999999999999636e+04
5.403702298400000000e+10 6.663200000000000000e+04
5.415194188000000000e+10 5.258400000000000000e+04
5.429262749600000000e+10 4.031600000000000000e+04
5.429270552800000000e+10 1.294500000000000728e+04
5.429941301600000000e+10 2.401600000000000000e+04
5.496499669600000000e+10 5.800000000000000000e+04
5.497585405600000000e+10 3.516500000000000000e+04
5.520474748000000000e+10 3.894600000000000000e+04
5.524386474400000000e+10 2.789400000000000000e+04
5.525668759200000000e+10 2.232100000000000000e+04
5.552370285600000000e+10 3.282500000000000000e+04
5.563468237600000000e+10 2.869900000000000000e+04
5.568688855200000000e+10 2.730600000000000000e+04
5.602518688800000000e+10 3.678300000000000000e+04
5.638687613600000000e+10 4.932600000000000000e+04
5.638692789600000000e+10 6.005000000000000000e+03
5.655326424800000000e+10 3.773800000000000000e+04
5.674412232800000000e+10 3.609700000000000000e+04
5.693145412000000000e+10 3.462300000000000000e+04
5.707834778400000000e+10 3.420799999999999272e+04
5.720889536800000000e+10 3.355000000000000000e+04
5.720909991200000000e+10 2.271200000000000000e+04
5.734103674400000000e+10 2.634500000000000000e+04
5.783467877600000000e+10 4.488800000000000000e+04
5.808131794400000000e+10 4.578300000000000000e+04
5.841867968800000000e+10 4.605600000000000000e+04
5.858365444000000000e+10 4.007000000000000000e+04
5.860637551200000000e+10 2.843900000000000000e+04
5.872224074400000000e+10 3.204100000000000000e+04
5.873820754400000000e+10 2.191400000000000000e+04
5.892262666400000000e+10 2.832700000000000000e+04
5.911010778400000000e+10 3.041399999999999272e+04
5.915225869600000000e+10 2.578599999999999272e+04
5.915518340000000000e+10 1.898600000000000000e+04
5.986272388000000000e+10 4.860100000000000000e+04
6.037510351200000000e+10 6.174700000000000000e+04
6.102618652000000000e+10 7.456600000000001455e+04
6.151762072800000000e+10 6.794600000000000000e+04
6.181264788000000000e+10 5.299200000000000000e+04
6.185797866400000000e+10 3.988600000000000000e+04
6.223712511200000000e+10 5.009700000000000000e+04
6.223718351200000000e+10 9.085999999999992724e+03
6.227041810400000000e+10 2.978500000000000000e+04
6.235268031200000000e+10 2.817599999999999272e+04
6.237062912800000000e+10 2.182000000000000000e+04
6.252823026400000000e+10 2.537899999999999272e+04
6.260048389600000000e+10 2.313499999999999272e+04
6.279455068000000000e+10 2.901300000000000000e+04
6.287795207200000000e+10 2.508000000000000000e+04
6.307990674400000000e+10 3.198099999999999272e+04
6.348174384800000000e+10 4.690000000000000000e+04
6.370325040800000000e+10 3.887000000000000000e+04
6.379113567200000000e+10 3.502399999999999272e+04
6.386800704800000000e+10 2.938800000000000000e+04
6.387342279200000000e+10 2.178400000000000000e+04
6.408613818400000000e+10 3.103800000000000728e+04
6.430573904800000000e+10 3.245500000000000728e+04
6.472276082400000000e+10 4.532000000000000000e+04
6.490660186400000000e+10 4.188000000000000000e+04
6.501624428000000000e+10 3.618699999999999272e+04
6.551276092000000000e+10 5.361700000000000000e+04
6.551280573600000000e+10 1.695999999999992724e+03
6.598390191200000000e+10 5.478800000000000000e+04
6.655195560800000000e+10 6.153900000000000000e+04
6.723963319200000000e+10 6.624900000000000000e+04
6.724641477600000000e+10 3.981600000000000000e+04
6.730768272800000000e+10 3.478899999999999272e+04
6.748433160800000000e+10 3.560000000000000000e+04
6.762512605600000000e+10 3.560600000000000000e+04
6.768795821600000000e+10 2.843899999999999272e+04
6.840133556000000000e+10 5.738900000000000000e+04
6.911455536800000000e+10 6.779700000000000000e+04
6.925763831200000000e+10 4.955200000000000000e+04
6.940487492000000000e+10 4.046300000000000000e+04
6.940492452000000000e+10 4.266999999999996362e+03
6.980279426400000000e+10 5.433000000000000000e+04
7.004516037600000000e+10 4.379800000000000000e+04
7.028734170400000000e+10 5.105500000000000000e+04
7.069545551200000000e+10 5.046300000000000000e+04
7.070339324000000000e+10 3.434900000000000000e+04
7.079610354400000000e+10 3.266100000000000000e+04
7.124141848800000000e+10 4.406500000000000000e+04
7.134868794400000000e+10 4.151300000000000000e+04
7.159350861600000000e+10 3.954000000000000000e+04
7.210013844000000000e+10 5.400000000000000000e+04
7.212324981600000000e+10 3.357099999999999272e+04
7.218968896800000000e+10 2.783400000000000000e+04
7.251138672800000000e+10 4.083700000000000000e+04
7.255889832800000000e+10 3.057100000000000000e+04
7.284757023200000000e+10 3.818800000000000000e+04
7.309690733600000000e+10 3.953900000000000000e+04
7.329652608800000000e+10 4.286500000000000000e+04
7.342957912800000000e+10 3.714900000000000000e+04
7.347382948000000000e+10 2.764999999999999272e+04
7.370834493600000000e+10 3.463900000000000000e+04
7.381627498400000000e+10 3.310500000000000000e+04
7.382211308000000000e+10 2.338700000000000000e+04
7.388991202400000000e+10 2.137700000000000000e+04
7.419941298400000000e+10 3.164100000000000000e+04
7.429383540000000000e+10 2.968400000000000728e+04
7.430004277600000000e+10 2.176000000000000728e+04
7.436169535200000000e+10 2.132600000000000000e+04
7.477985119200000000e+10 3.785600000000000000e+04
7.483486754400000000e+10 2.973300000000000000e+04
7.579627346400000000e+10 6.648900000000000000e+04
7.579631660000000000e+10 1.261000000000000000e+03
7.611020173600000000e+10 5.302400000000000000e+04
7.612855628000000000e+10 3.751900000000000000e+04
7.617382848800000000e+10 2.877400000000000000e+04
7.627564492000000000e+10 2.883100000000000000e+04
7.692667655200000000e+10 5.208300000000000000e+04
7.696413020000000000e+10 4.224000000000000000e+04
7.716867392800000000e+10 3.685100000000000000e+04
7.721987242400000000e+10 3.070500000000000000e+04
7.751155004000000000e+10 3.844100000000000000e+04
7.762790909600000000e+10 3.400000000000000000e+04
7.768386312800000000e+10 2.899399999999999272e+04
7.806387012000000000e+10 3.997100000000000000e+04
7.813891616800000000e+10 3.350600000000000728e+04
7.818357524000000000e+10 2.655200000000000000e+04
7.826521456800000000e+10 2.552000000000000000e+04
7.828796885600000000e+10 1.987400000000000000e+04
7.849467936800000000e+10 2.627900000000000728e+04
7.850569714400000000e+10 2.040100000000000000e+04
7.850576036000000000e+10 3.567000000000003638e+03
7.850585941600000000e+10 2.822999999999992724e+03
7.851911365600000000e+10 1.364000000000000364e+04
7.854804812000000000e+10 1.374999999999999636e+04
7.859134482400000000e+10 1.337600000000000364e+04
7.892884799200000000e+10 2.764400000000000000e+04
8.006245917600000000e+10 7.383399999999998545e+04
8.012900895200000000e+10 4.653800000000000000e+04
8.012910415200000000e+10 1.968800000000000000e+04
8.019200042400000000e+10 3.178500000000000000e+04
8.048537621600000000e+10 3.724800000000000000e+04
8.048544760800000000e+10 1.094799999999999272e+04
8.060109389600000000e+10 3.154400000000000728e+04
8.060114877600000000e+10 4.021000000000000000e+03
8.063163399200000000e+10 2.271900000000000000e+04
8.071750532000000000e+10 2.414400000000000000e+04
8.099377911200000000e+10 3.314799999999999272e+04
8.100906508000000000e+10 2.472800000000000000e+04
8.104960754400000000e+10 2.070100000000000728e+04
8.108556520800000000e+10 1.849000000000000728e+04
8.141825677600000000e+10 3.289499999999999272e+04
8.145982925600000000e+10 2.402000000000000000e+04
8.183693722400000000e+10 3.653200000000000000e+04
8.275100756000000000e+10 6.768000000000000000e+04
8.279052069600000000e+10 4.081500000000000000e+04
8.283819748000000000e+10 3.413100000000000000e+04
8.298943176800000000e+10 3.417300000000000728e+04
8.328000861600000000e+10 4.106400000000000000e+04
8.379739706400000000e+10 5.180800000000000000e+04
8.431052909600000000e+10 5.536000000000000000e+04
8.541758120800000000e+10 7.334800000000000000e+04
8.548388703200000000e+10 5.388000000000000000e+04
8.558016391200000000e+10 4.105100000000000000e+04
8.562005855200000000e+10 3.212900000000000000e+04
8.576779199200000000e+10 3.082400000000000000e+04
8.579204157600000000e+10 2.446599999999999272e+04
8.585994316000000000e+10 2.328800000000000000e+04
8.586004130400000000e+10 9.952000000000000000e+03
8.598049620000000000e+10 2.199200000000000000e+04
8.635118248800000000e+10 3.623900000000000000e+04
8.654268589600000000e+10 3.514499999999999272e+04
8.654833866400000000e+10 2.584000000000000000e+04
8.668103432800000000e+10 2.847100000000000000e+04
8.672227936800000000e+10 2.444100000000000000e+04
8.714750797600000000e+10 3.947900000000000000e+04
8.738232548000000000e+10 3.819200000000000000e+04
8.738240639200000000e+10 1.200599999999999272e+04
8.741853288800000000e+10 2.619500000000000000e+04
8.745383746400000000e+10 2.149300000000000000e+04
8.773095180000000000e+10 3.144700000000000000e+04
8.793895700000000000e+10 3.272100000000000000e+04
8.822572880800000000e+10 4.344100000000000000e+04
8.855370128800000000e+10 4.680100000000000000e+04
8.883397672800000000e+10 4.422200000000000000e+04
8.890058596000000000e+10 3.376000000000000000e+04
8.893850453600000000e+10 2.812300000000000000e+04
8.909158624800000000e+10 3.008600000000000000e+04
8.937391816800000000e+10 3.901200000000000000e+04
8.967851042400000000e+10 4.230800000000000000e+04
8.969221900000000000e+10 2.819100000000000728e+04
8.969228388000000000e+10 6.543000000000003638e+03
8.992875626400000000e+10 3.581400000000000000e+04
