# Timestamps in ns,Energies
1.725499120000000000e+08 3.906500000000000000e+04
2.256224400000000000e+08 2.794400000000000728e+04
7.021444240000000000e+08 5.045500000000000000e+04
7.022066960000000000e+08 1.050699999999999636e+04
1.040280536000000000e+09 5.330700000000000000e+04
1.040355160000000000e+09 1.500600000000000728e+04
1.040466728000000000e+09 9.447999999999996362e+03
1.430824712000000000e+09 4.839200000000000000e+04
1.732366168000000000e+09 4.977600000000000000e+04
1.732517096000000000e+09 2.918900000000000000e+04
1.868536408000000000e+09 3.480000000000000000e+04
1.915791928000000000e+09 2.685600000000000000e+04
2.021142216000000000e+09 2.576300000000000000e+04
2.980069144000000000e+09 6.778600000000000000e+04
3.511612136000000000e+09 7.237200000000000000e+04
3.639307576000000000e+09 4.624000000000000000e+04
3.852065384000000000e+09 4.259700000000000000e+04
3.856564440000000000e+09 2.792399999999999272e+04
3.861292264000000000e+09 2.104000000000000000e+04
4.104248920000000000e+09 3.340699999999999272e+04
4.235592456000000000e+09 3.172700000000000728e+04
4.235703272000000000e+09 1.469199999999999636e+04
4.291524744000000000e+09 2.307400000000000000e+04
4.989895544000000000e+09 5.552600000000000000e+04
5.477769576000000000e+09 5.966900000000000000e+04
5.804483304000000000e+09 5.972100000000000000e+04
5.994280984000000000e+09 4.895300000000000000e+04
6.251297736000000000e+09 5.464700000000000000e+04
6.536292424000000000e+09 4.804700000000000000e+04
6.536441592000000000e+09 1.659900000000000000e+04
6.657261128000000000e+09 3.251200000000000000e+04
7.417303544000000000e+09 6.423800000000000000e+04
7.417353288000000000e+09 7.525000000000000000e+03
8.843003528000000000e+09 9.097000000000000000e+04
9.230507928000000000e+09 8.076899999999998545e+04
9.509936264000000000e+09 5.277000000000000000e+04
9.951626440000000000e+09 6.499200000000000000e+04
1.075691061600000000e+10 7.983000000000000000e+04
1.134492543200000000e+10 7.451900000000001455e+04
1.160837879200000000e+10 5.624900000000000000e+04
1.162079452000000000e+10 3.844500000000000000e+04
1.162968890400000000e+10 2.748300000000000000e+04
1.192027352800000000e+10 3.728100000000000000e+04
1.273284735200000000e+10 7.680699999999998545e+04
1.308551813600000000e+10 5.844700000000000000e+04
1.381216807200000000e+10 7.439200000000000000e+04
1.381227092000000000e+10 3.307300000000000000e+04
1.434063928800000000e+10 6.092000000000000000e+04
1.477447239200000000e+10 6.774400000000000000e+04
1.538461762400000000e+10 7.079300000000000000e+04
1.583031900000000000e+10 6.225600000000000000e+04
1.583426556000000000e+10 3.621300000000000000e+04
1.680037533600000000e+10 7.569700000000000000e+04
1.852155205600000000e+10 9.815200000000000000e+04
1.852164960800000000e+10 3.595000000000000000e+04
1.852268477600000000e+10 3.842500000000000000e+04
1.929066684000000000e+10 7.592299999999998545e+04
1.980057260000000000e+10 7.068300000000000000e+04
1.989020509600000000e+10 4.584800000000000000e+04
2.103002496800000000e+10 9.026800000000000000e+04
2.152963288800000000e+10 7.905800000000000000e+04
2.152976735200000000e+10 3.402100000000000000e+04
2.168030239200000000e+10 4.116800000000000000e+04
2.195856421600000000e+10 4.575000000000000000e+04
2.200333180000000000e+10 3.101300000000000000e+04
2.203930965600000000e+10 2.599700000000000728e+04
2.256964948000000000e+10 4.935200000000000000e+04
2.266495885600000000e+10 3.644000000000000000e+04
2.329165031200000000e+10 6.534000000000000000e+04
2.330495988000000000e+10 3.804700000000000000e+04
2.405932895200000000e+10 6.682500000000000000e+04
2.407915269600000000e+10 4.279900000000000000e+04
2.439379648800000000e+10 4.931300000000000000e+04
2.462703546400000000e+10 4.413000000000000000e+04
2.527404876000000000e+10 6.488800000000000000e+04
2.527409332000000000e+10 1.301999999999996362e+03
2.568886463200000000e+10 7.080700000000000000e+04
2.593960312800000000e+10 4.930000000000000000e+04
2.633870781600000000e+10 5.381000000000000000e+04
2.666128967200000000e+10 6.084600000000000000e+04
2.793110740000000000e+10 9.341699999999998545e+04
2.817014373600000000e+10 6.429700000000000000e+04
2.870943836000000000e+10 6.258700000000000000e+04
2.881964324000000000e+10 4.595600000000000000e+04
2.881975432800000000e+10 2.416100000000000000e+04
2.886525309600000000e+10 2.792800000000000000e+04
2.932264428000000000e+10 4.611400000000000000e+04
2.951557946400000000e+10 4.432400000000000000e+04
2.998383920800000000e+10 5.171100000000000000e+04
3.022129000800000000e+10 5.398600000000000000e+04
3.046136128800000000e+10 4.816000000000000000e+04
3.111338261600000000e+10 6.869800000000000000e+04
3.170319860000000000e+10 6.660000000000000000e+04
3.225506764000000000e+10 7.072600000000000000e+04
3.252421752800000000e+10 5.789300000000000000e+04
3.253680792800000000e+10 3.546000000000000000e+04
3.280240960800000000e+10 4.376000000000000000e+04
3.326938461600000000e+10 5.216900000000000000e+04
3.326943772000000000e+10 7.860000000000000000e+03
3.360413047200000000e+10 4.947000000000000000e+04
3.370297060000000000e+10 3.908100000000000000e+04
3.377883157600000000e+10 3.014499999999999272e+04
3.474922231200000000e+10 6.726700000000000000e+04
3.492081151200000000e+10 5.036800000000000000e+04
3.514253189600000000e+10 4.658600000000000000e+04
3.548857058400000000e+10 4.753600000000000000e+04
3.548877519200000000e+10 3.200200000000000000e+04
3.712297962400000000e+10 8.694500000000000000e+04
3.790955751200000000e+10 8.344100000000000000e+04
3.817150341600000000e+10 5.820800000000000000e+04
3.817156980000000000e+10 7.986000000000007276e+03
3.860801055200000000e+10 5.949600000000000000e+04
3.860813911200000000e+10 2.727200000000000000e+04
3.860823375200000000e+10 1.497400000000000000e+04
3.872956784800000000e+10 3.153700000000000000e+04
3.908985263200000000e+10 4.404700000000000000e+04
3.919404940000000000e+10 3.821900000000000000e+04
3.947439444000000000e+10 4.534300000000000000e+04
3.957143236000000000e+10 3.472800000000000728e+04
3.985949674400000000e+10 4.655400000000000000e+04
3.990193501600000000e+10 3.159400000000000000e+04
4.014253311200000000e+10 3.786200000000000000e+04
4.024416637600000000e+10 3.062199999999999272e+04
4.048948461600000000e+10 3.797700000000000000e+04
4.078308666400000000e+10 4.845200000000000000e+04
4.111034612000000000e+10 4.579300000000000000e+04
4.138540692000000000e+10 4.434100000000000000e+04
4.250967527200000000e+10 7.846700000000000000e+04
4.250972884000000000e+10 1.342400000000000000e+04
4.345840754400000000e+10 8.916000000000000000e+04
4.345854916000000000e+10 3.789900000000000000e+04
4.345863200800000000e+10 1.354100000000000000e+04
4.505036516000000000e+10 8.754400000000000000e+04
4.531063191200000000e+10 7.332999999999998545e+04
4.531075333600000000e+10 2.932600000000000000e+04
4.531232564000000000e+10 2.712400000000000000e+04
4.534276133600000000e+10 2.295900000000000000e+04
4.553064719200000000e+10 3.058400000000000000e+04
4.627682240800000000e+10 6.217000000000000000e+04
4.629057100000000000e+10 3.948100000000000000e+04
4.648166901600000000e+10 3.729900000000000000e+04
4.779587607200000000e+10 8.384400000000000000e+04
4.779591788000000000e+10 1.570000000000007276e+03
4.794620914400000000e+10 5.852100000000000000e+04
4.812828095200000000e+10 4.381700000000000000e+04
4.844784853600000000e+10 5.128300000000000000e+04
4.950369946400000000e+10 8.694600000000002910e+04
4.955782829600000000e+10 5.364000000000000000e+04
4.989886351200000000e+10 4.902100000000000000e+04
5.003772044000000000e+10 4.245500000000000000e+04
5.082080268000000000e+10 6.613800000000000000e+04
5.133117516000000000e+10 6.463200000000000000e+04
5.194298132000000000e+10 6.796900000000000000e+04
5.194303943200000000e+10 1.516500000000000000e+04
5.207492044000000000e+10 4.160500000000000000e+04
5.207502378400000000e+10 2.425400000000000728e+04
5.256362808800000000e+10 5.265100000000000000e+04
5.256367706400000000e+10 4.861999999999996362e+03
5.277773725600000000e+10 4.519300000000000000e+04
5.306595040800000000e+10 4.658400000000000000e+04
5.387095088800000000e+10 7.064000000000000000e+04
5.392287431200000000e+10 4.885100000000000000e+04
5.516919860000000000e+10 8.183400000000000000e+04
5.547594024800000000e+10 6.872200000000000000e+04
5.547598500000000000e+10 3.326999999999992724e+03
5.547605040800000000e+10 1.208999999999999272e+04
5.604584362400000000e+10 6.777100000000000000e+04
5.626273652000000000e+10 4.760800000000000000e+04
5.641314087200000000e+10 4.731100000000000000e+04
5.661655677600000000e+10 3.955700000000000000e+04
5.666366700000000000e+10 3.097299999999999272e+04
5.722818127200000000e+10 5.341800000000000000e+04
5.763722247200000000e+10 5.774700000000000000e+04
5.766357956000000000e+10 3.815500000000000000e+04
5.784610832800000000e+10 3.786500000000000000e+04
5.842143042400000000e+10 6.003300000000000000e+04
5.861711981600000000e+10 5.279300000000000000e+04
5.886753546400000000e+10 4.747600000000000000e+04
5.939666714400000000e+10 6.310900000000000000e+04
5.946381672800000000e+10 3.938200000000000000e+04
5.946386808800000000e+10 4.493000000000007276e+03
6.025942749600000000e+10 7.240100000000000000e+04
6.116800800800000000e+10 8.074000000000000000e+04
6.125944748000000000e+10 4.960200000000000000e+04
6.159596159200000000e+10 5.812000000000000000e+04
6.176119101600000000e+10 4.579200000000000000e+04
6.184396730400000000e+10 3.723400000000000000e+04
6.306114220000000000e+10 9.190500000000000000e+04
6.331120596000000000e+10 5.431300000000000000e+04
6.414308202400000000e+10 8.271200000000000000e+04
6.482710069600000000e+10 8.060100000000001455e+04
6.495178389600000000e+10 4.909100000000000000e+04
6.495192202400000000e+10 3.104200000000000728e+04
6.552541976800000000e+10 6.160900000000000000e+04
6.552552781600000000e+10 2.464300000000000000e+04
6.593625813600000000e+10 5.436800000000000000e+04
6.797079986400000000e+10 1.050330000000000000e+05
6.825615930400000000e+10 6.056000000000000000e+04
6.902295090400000000e+10 8.425599999999998545e+04
6.911424239200000000e+10 5.135900000000000000e+04
6.914732858400000000e+10 3.366899999999999272e+04
6.944011805600000000e+10 4.444900000000000000e+04
6.944021180000000000e+10 1.810500000000000728e+04
6.968402050400000000e+10 4.140700000000000000e+04
7.046456858400000000e+10 6.687200000000000000e+04
7.050903581600000000e+10 4.249100000000000000e+04
7.115878076000000000e+10 6.427300000000000000e+04
7.115890311200000000e+10 2.535600000000000000e+04
7.167249252000000000e+10 5.524000000000000000e+04
7.280391260000000000e+10 8.741000000000000000e+04
7.280406644000000000e+10 2.725700000000000000e+04
7.295063114400000000e+10 4.361400000000000000e+04
7.332224103200000000e+10 5.035200000000000000e+04
7.374176012000000000e+10 5.627800000000000000e+04
7.396418520800000000e+10 4.909700000000000000e+04
7.396425852000000000e+10 1.430899999999999636e+04
7.447425631200000000e+10 5.451600000000000000e+04
7.447441335200000000e+10 2.994900000000000000e+04
7.447447061600000000e+10 2.291000000000003638e+03
7.464796804000000000e+10 3.644000000000000000e+04
7.465511680800000000e+10 2.416500000000000728e+04
7.465520989600000000e+10 1.009799999999999636e+04
7.470802084000000000e+10 1.984000000000000000e+04
7.477940303200000000e+10 2.002500000000000000e+04
7.495967197600000000e+10 2.589399999999999272e+04
7.501131138400000000e+10 2.193500000000000000e+04
7.525451197600000000e+10 3.075800000000000000e+04
7.552093612000000000e+10 3.841900000000000000e+04
7.608576896800000000e+10 6.274300000000000000e+04
7.662916144800000000e+10 6.520000000000000000e+04
7.668913839200000000e+10 4.032000000000000000e+04
7.784960636000000000e+10 7.689800000000000000e+04
7.786552760800000000e+10 4.399200000000000000e+04
7.786559380000000000e+10 1.316399999999999636e+04
7.893965127200000000e+10 8.059500000000000000e+04
7.893974863200000000e+10 2.768600000000000000e+04
7.901158546400000000e+10 3.900500000000000000e+04
7.914455968800000000e+10 3.625000000000000000e+04
7.944235391200000000e+10 4.797000000000000000e+04
8.016932060000000000e+10 7.619899999999998545e+04
8.030255495200000000e+10 4.586700000000000000e+04
8.083916188000000000e+10 6.307600000000000000e+04
8.105186720800000000e+10 5.964700000000000000e+04
8.114189080800000000e+10 3.534200000000000000e+04
8.147149866400000000e+10 5.422600000000000000e+04
8.165868226400000000e+10 4.432300000000000000e+04
8.165875520800000000e+10 1.248900000000000728e+04
8.257861596000000000e+10 6.749300000000000000e+04
8.265798157600000000e+10 4.845800000000000000e+04
8.304093216800000000e+10 5.454600000000000000e+04
8.304100069600000000e+10 1.452100000000000000e+04
8.304108485600000000e+10 1.033299999999999636e+04
8.352943762400000000e+10 5.789000000000000000e+04
8.395424149600000000e+10 5.672800000000000000e+04
8.457192514400000000e+10 7.442700000000000000e+04
8.475674208800000000e+10 4.888800000000000000e+04
8.519834928800000000e+10 5.855700000000000000e+04
8.543702895200000000e+10 4.902800000000000000e+04
8.594569207200000000e+10 6.080700000000000000e+04
8.612928744800000000e+10 4.497800000000000000e+04
8.634624112800000000e+10 4.777700000000000000e+04
8.671994746400000000e+10 5.180300000000000000e+04
8.724790279200000000e+10 5.936100000000000000e+04
8.732613284000000000e+10 4.110000000000000000e+04
8.753768191200000000e+10 4.215700000000000000e+04
8.811203376800000000e+10 5.989600000000000000e+04
8.834383648800000000e+10 4.924200000000000000e+04
8.886269845600000000e+10 6.988200000000000000e+04
8.886274416800000000e+10 4.029999999999996362e+03
8.998907317600000000e+10 9.005199999999998545e+04
8.998911791200000000e+10 5.730999999999992724e+03
8.998919336800000000e+10 1.950900000000000000e+04
