# Timestamps in ns,Energies
2.249383920000000000e+08 5.891800000000000000e+04
2.250220080000000000e+08 1.974400000000000000e+04
2.809202640000000000e+08 3.679900000000000000e+04
4.080893680000000000e+08 3.110000000000000000e+04
7.445101680000000000e+08 4.933100000000000000e+04
7.445741040000000000e+08 9.674999999999992724e+03
9.092234320000000000e+08 3.474500000000000000e+04
9.508579600000000000e+08 2.815900000000000000e+04
9.829367920000000000e+08 2.157700000000000000e+04
1.082325368000000000e+09 2.314500000000000000e+04
1.484748968000000000e+09 4.037200000000000000e+04
1.495894504000000000e+09 2.752100000000000000e+04
1.635670712000000000e+09 3.035299999999999272e+04
1.704029352000000000e+09 2.640900000000000000e+04
1.741225832000000000e+09 2.118300000000000000e+04
1.859486968000000000e+09 2.293600000000000000e+04
2.210053640000000000e+09 3.842000000000000000e+04
2.259761736000000000e+09 2.976600000000000000e+04
2.339442408000000000e+09 2.467600000000000000e+04
2.565885640000000000e+09 3.322299999999999272e+04
2.618399128000000000e+09 2.648100000000000000e+04
2.668956216000000000e+09 2.225000000000000000e+04
2.690312904000000000e+09 1.803500000000000000e+04
2.755370856000000000e+09 1.824000000000000000e+04
2.834106808000000000e+09 1.849100000000000000e+04
3.306648888000000000e+09 4.125200000000000000e+04
3.446328248000000000e+09 3.436700000000000728e+04
3.603459976000000000e+09 3.561500000000000000e+04
3.936952632000000000e+09 4.152800000000000000e+04
3.937026232000000000e+09 1.316000000000000728e+04
3.968286184000000000e+09 2.641800000000000000e+04
4.636602792000000000e+09 5.917700000000000000e+04
4.676526616000000000e+09 3.925900000000000000e+04
5.323054616000000000e+09 6.186700000000000000e+04
5.437273224000000000e+09 4.694200000000000000e+04
5.437320392000000000e+09 2.060000000000007276e+03
5.775120360000000000e+09 4.960800000000000000e+04
5.801518056000000000e+09 3.373900000000000000e+04
6.358785544000000000e+09 5.181000000000000000e+04
6.462477912000000000e+09 4.444500000000000000e+04
6.463588936000000000e+09 2.696700000000000000e+04
6.463649032000000000e+09 4.050999999999992724e+03
6.463814856000000000e+09 8.984000000000000000e+03
6.611349224000000000e+09 2.516300000000000000e+04
6.911717096000000000e+09 3.654400000000000000e+04
7.129220760000000000e+09 3.875800000000000000e+04
7.722791608000000000e+09 5.652200000000000000e+04
7.815618776000000000e+09 4.384800000000000000e+04
7.989808088000000000e+09 3.945700000000000000e+04
8.071704472000000000e+09 3.275300000000000728e+04
8.811299512000000000e+09 6.923300000000000000e+04
8.898633832000000000e+09 4.344000000000000000e+04
9.141489032000000000e+09 4.638400000000000000e+04
9.141582088000000000e+09 1.788000000000000364e+04
9.528397352000000000e+09 4.913900000000000000e+04
9.628205848000000000e+09 3.652500000000000000e+04
9.747663864000000000e+09 3.298100000000000000e+04
9.932633160000000000e+09 3.487500000000000728e+04
1.000216364000000000e+10 2.715900000000000000e+04
1.041219588000000000e+10 4.416200000000000000e+04
1.107831247200000000e+10 6.722600000000000000e+04
1.107836431200000000e+10 8.691999999999992724e+03
1.158638285600000000e+10 6.786400000000000000e+04
1.220617293600000000e+10 6.935200000000000000e+04
1.223401728800000000e+10 4.456800000000000000e+04
1.269824306400000000e+10 5.520800000000000000e+04
1.275446192800000000e+10 3.935000000000000000e+04
1.295839618400000000e+10 4.436200000000000000e+04
1.303059434400000000e+10 3.059399999999999272e+04
1.315788525600000000e+10 2.928300000000000000e+04
1.331434959200000000e+10 3.305100000000000000e+04
1.331448727200000000e+10 1.887500000000000000e+04
1.337544255200000000e+10 2.227600000000000000e+04
1.359715052000000000e+10 2.854200000000000000e+04
1.359721461600000000e+10 6.410000000000000000e+03
1.364551949600000000e+10 2.142400000000000000e+04
1.374848311200000000e+10 2.359400000000000000e+04
1.439303828000000000e+10 5.600200000000000000e+04
1.474597031200000000e+10 5.304100000000000000e+04
1.504935304800000000e+10 5.012300000000000000e+04
1.567277746400000000e+10 6.643300000000000000e+04
1.602181847200000000e+10 5.699600000000000000e+04
1.610103104800000000e+10 3.968800000000000000e+04
1.610115274400000000e+10 1.725200000000000728e+04
1.613852319200000000e+10 2.681800000000000000e+04
1.624070900000000000e+10 2.605000000000000000e+04
1.688642551200000000e+10 6.074700000000000000e+04
1.719218605600000000e+10 5.499500000000000000e+04
1.752310197600000000e+10 5.436500000000000000e+04
1.756973621600000000e+10 3.734300000000000000e+04
1.798269788000000000e+10 5.129700000000000000e+04
1.798910804000000000e+10 3.420000000000000000e+04
1.826822156000000000e+10 4.223600000000000000e+04
1.826831759200000000e+10 1.767300000000000364e+04
1.840698388000000000e+10 3.152000000000000728e+04
1.842107004000000000e+10 2.334500000000000000e+04
1.842124039200000000e+10 1.609999999999999636e+04
1.842131309600000000e+10 2.550000000000000000e+03
1.892059650400000000e+10 4.302300000000000000e+04
1.903186535200000000e+10 3.422600000000000000e+04
1.928878828000000000e+10 4.142400000000000000e+04
1.998549255200000000e+10 6.536900000000000000e+04
2.035996805600000000e+10 6.471200000000000000e+04
2.036005786400000000e+10 2.424900000000000728e+04
2.123930559200000000e+10 7.520800000000000000e+04
2.123942165600000000e+10 1.894499999999999272e+04
2.157596578400000000e+10 5.786000000000000000e+04
2.162049381600000000e+10 3.925800000000000000e+04
2.187779063200000000e+10 4.307400000000000000e+04
2.211744922400000000e+10 4.513500000000000000e+04
2.242170628000000000e+10 4.567600000000000000e+04
2.254373837600000000e+10 3.934600000000000000e+04
2.265109639200000000e+10 3.205400000000000000e+04
2.297267088800000000e+10 4.292400000000000000e+04
2.312075034400000000e+10 3.584000000000000000e+04
2.329914976800000000e+10 3.662500000000000000e+04
2.329922796000000000e+10 1.216099999999999636e+04
2.352296746400000000e+10 3.678700000000000000e+04
2.387350615200000000e+10 5.341600000000000000e+04
2.402154277600000000e+10 3.711100000000000000e+04
2.434202612000000000e+10 4.570400000000000000e+04
2.448127407200000000e+10 3.884000000000000000e+04
2.455490776800000000e+10 3.427599999999999272e+04
2.456460471200000000e+10 2.340000000000000000e+04
2.476431109600000000e+10 3.004700000000000728e+04
2.496964416800000000e+10 3.396299999999999272e+04
2.501129468000000000e+10 2.651700000000000000e+04
2.529086911200000000e+10 3.828700000000000000e+04
2.635711301600000000e+10 7.804099999999998545e+04
2.712677671200000000e+10 7.815400000000000000e+04
2.758169354400000000e+10 7.638800000000000000e+04
2.778543943200000000e+10 5.027400000000000000e+04
2.781946719200000000e+10 3.410300000000000000e+04
2.799680173600000000e+10 3.863800000000000000e+04
2.799690954400000000e+10 2.054900000000000000e+04
2.843049207200000000e+10 4.835200000000000000e+04
2.856356237600000000e+10 3.942100000000000000e+04
2.863333148000000000e+10 3.321600000000000000e+04
2.865571882400000000e+10 2.301700000000000000e+04
2.865580256800000000e+10 9.281000000000007276e+03
2.972018516000000000e+10 6.976000000000000000e+04
2.972024056800000000e+10 1.156099999999999636e+04
2.977755333600000000e+10 4.034400000000000000e+04
3.043729279200000000e+10 5.968800000000000000e+04
3.043735749600000000e+10 1.559199999999999272e+04
3.054673000800000000e+10 4.046200000000000000e+04
3.079547988000000000e+10 4.069800000000000000e+04
3.083421416800000000e+10 3.209500000000000000e+04
3.083436884000000000e+10 1.903600000000000000e+04
3.093062063200000000e+10 2.509000000000000000e+04
3.109098290400000000e+10 2.697400000000000000e+04
3.109105276000000000e+10 7.313000000000000000e+03
3.115145978400000000e+10 2.240600000000000000e+04
3.140097692000000000e+10 3.033100000000000728e+04
3.162531295200000000e+10 3.397800000000000000e+04
3.172732948000000000e+10 3.064099999999999272e+04
3.182909250400000000e+10 2.961099999999999272e+04
3.209871221600000000e+10 3.758400000000000000e+04
3.209877674400000000e+10 8.630999999999992724e+03
3.225855448800000000e+10 3.432699999999999272e+04
3.230532796000000000e+10 2.592200000000000000e+04
3.251129338400000000e+10 3.026200000000000000e+04
3.260922122400000000e+10 2.949400000000000000e+04
3.280244564000000000e+10 3.117700000000000000e+04
3.295445917600000000e+10 3.425500000000000000e+04
3.310742565600000000e+10 3.259599999999999272e+04
3.346819165600000000e+10 4.270400000000000000e+04
3.437903839200000000e+10 7.256100000000000000e+04
3.441368306400000000e+10 4.486200000000000000e+04
3.461077208800000000e+10 4.737800000000000000e+04
3.461094087200000000e+10 2.985300000000000000e+04
3.467896311200000000e+10 2.746800000000000000e+04
3.467904964000000000e+10 1.003899999999999272e+04
3.476084730400000000e+10 2.204100000000000000e+04
3.483653719200000000e+10 2.117000000000000000e+04
3.489448024800000000e+10 2.026400000000000000e+04
3.524769280800000000e+10 3.647400000000000000e+04
3.525537440800000000e+10 2.384200000000000000e+04
3.560704239200000000e+10 3.800600000000000000e+04
3.560721908000000000e+10 2.606900000000000000e+04
3.622198821600000000e+10 5.355200000000000000e+04
3.684479808800000000e+10 7.114400000000000000e+04
3.694034732000000000e+10 4.851200000000000000e+04
3.707314285600000000e+10 3.868400000000000000e+04
3.723063972000000000e+10 3.482500000000000000e+04
3.738038613600000000e+10 3.529499999999999272e+04
3.749181919200000000e+10 3.180900000000000000e+04
3.753147509600000000e+10 2.627800000000000728e+04
3.784860880800000000e+10 3.785700000000000000e+04
3.784872924000000000e+10 1.854400000000000000e+04
3.792967804000000000e+10 2.528800000000000000e+04
3.792974224800000000e+10 5.319000000000003638e+03
3.803592215200000000e+10 2.439200000000000000e+04
3.806977680800000000e+10 1.952200000000000000e+04
3.822531602400000000e+10 2.531600000000000000e+04
3.851195839200000000e+10 3.479900000000000000e+04
3.908043882400000000e+10 6.156100000000000000e+04
3.908048560800000000e+10 3.975999999999992724e+03
3.937410464800000000e+10 4.750600000000000000e+04
3.950321255200000000e+10 4.453200000000000000e+04
3.980720836000000000e+10 4.278500000000000000e+04
3.980735522400000000e+10 1.660600000000000364e+04
3.989163570400000000e+10 2.971200000000000000e+04
3.997376852000000000e+10 2.753600000000000000e+04
4.016554703200000000e+10 3.125400000000000728e+04
4.034225152800000000e+10 3.491200000000000000e+04
4.038293808800000000e+10 2.608000000000000000e+04
4.057568768800000000e+10 3.068600000000000000e+04
4.090015026400000000e+10 4.358500000000000000e+04
4.177705101600000000e+10 7.443499999999998545e+04
4.213729290400000000e+10 6.263700000000000000e+04
4.231062460000000000e+10 5.201900000000000000e+04
4.249345098400000000e+10 4.254500000000000000e+04
4.304375474400000000e+10 5.941400000000000000e+04
4.369141397600000000e+10 6.599200000000000000e+04
4.369162877600000000e+10 3.867700000000000000e+04
4.394967354400000000e+10 4.328300000000000000e+04
4.427148607200000000e+10 5.471700000000000000e+04
4.474407024800000000e+10 6.742500000000000000e+04
4.502248912800000000e+10 5.167200000000000000e+04
4.502254516000000000e+10 1.031500000000000000e+04
4.572398695200000000e+10 6.799600000000000000e+04
4.574344117600000000e+10 3.804000000000000000e+04
4.574349282400000000e+10 4.221999999999996362e+03
4.607893370400000000e+10 5.060000000000000000e+04
4.607902316000000000e+10 2.236600000000000000e+04
4.617914640800000000e+10 3.112500000000000000e+04
4.672315936800000000e+10 5.165600000000000000e+04
4.672327612000000000e+10 2.649400000000000000e+04
4.699225144800000000e+10 4.227200000000000000e+04
4.704608901600000000e+10 3.207700000000000000e+04
4.722386552800000000e+10 3.392700000000000728e+04
4.726509970400000000e+10 2.737800000000000000e+04
4.726515522400000000e+10 3.066000000000000000e+03
4.772245042400000000e+10 4.735200000000000000e+04
4.817037759200000000e+10 5.267200000000000000e+04
4.819479946400000000e+10 3.944000000000000000e+04
4.834252789600000000e+10 3.442300000000000000e+04
4.884539751200000000e+10 5.898800000000000000e+04
4.890650068000000000e+10 3.586999999999999272e+04
4.890654988000000000e+10 2.040999999999992724e+03
4.905714810400000000e+10 3.556700000000000000e+04
4.918119712800000000e+10 3.203400000000000000e+04
4.924769287200000000e+10 2.704100000000000000e+04
4.924778021600000000e+10 1.266400000000000364e+04
4.949981440800000000e+10 3.177299999999999272e+04
5.047353912800000000e+10 7.416800000000000000e+04
5.079616330400000000e+10 6.025300000000000000e+04
5.172546084000000000e+10 8.061700000000000000e+04
5.191413045600000000e+10 5.506600000000000000e+04
5.226218452000000000e+10 5.518400000000000000e+04
5.226227068000000000e+10 2.156400000000000000e+04
5.241477357600000000e+10 4.175100000000000000e+04
5.241484972000000000e+10 1.461500000000000728e+04
5.268707988000000000e+10 4.021400000000000000e+04
5.282634682400000000e+10 3.407700000000000000e+04
5.293184581600000000e+10 3.381300000000000000e+04
5.293190423200000000e+10 5.388000000000003638e+03
5.328333840800000000e+10 4.428600000000000000e+04
5.333391712800000000e+10 3.234400000000000728e+04
5.354443216800000000e+10 3.708200000000000000e+04
5.414207279200000000e+10 5.976100000000000000e+04
5.449275093600000000e+10 5.799300000000000000e+04
5.485487588000000000e+10 6.346600000000000000e+04
5.485494330400000000e+10 1.710200000000000000e+04
5.485501722400000000e+10 7.392000000000000000e+03
5.523486752800000000e+10 4.746600000000000000e+04
5.525574749600000000e+10 3.252700000000000000e+04
5.525579992800000000e+10 2.328000000000007276e+03
5.530997116000000000e+10 2.566100000000000000e+04
5.557574933600000000e+10 3.692300000000000000e+04
5.558153319200000000e+10 2.384800000000000000e+04
5.561467101600000000e+10 2.089100000000000000e+04
5.586499109600000000e+10 3.049300000000000728e+04
5.595691642400000000e+10 2.759400000000000000e+04
5.619588434400000000e+10 3.452500000000000000e+04
5.627649226400000000e+10 2.887400000000000000e+04
5.657889572000000000e+10 3.869200000000000000e+04
5.665762517600000000e+10 3.263800000000000000e+04
5.705092759200000000e+10 4.332900000000000000e+04
5.719019034400000000e+10 4.070800000000000000e+04
5.732425983200000000e+10 3.586299999999999272e+04
5.737264458400000000e+10 2.786100000000000000e+04
5.881583477600000000e+10 8.070700000000000000e+04
5.883038256800000000e+10 4.592000000000000000e+04
5.883044392800000000e+10 1.022299999999999272e+04
5.920860565600000000e+10 5.176900000000000000e+04
5.920866530400000000e+10 1.043600000000000364e+04
5.934152052000000000e+10 3.647100000000000000e+04
5.971200130400000000e+10 4.630500000000000000e+04
5.984927071200000000e+10 3.814000000000000000e+04
5.986353290400000000e+10 2.809400000000000000e+04
5.987471330400000000e+10 2.161400000000000000e+04
5.987490911200000000e+10 1.572400000000000728e+04
6.063171813600000000e+10 5.923300000000000000e+04
6.067502631200000000e+10 3.718500000000000000e+04
6.069172900000000000e+10 2.711500000000000000e+04
6.138435509600000000e+10 6.086600000000000000e+04
6.172621871200000000e+10 5.565600000000000000e+04
6.184736392800000000e+10 4.113000000000000000e+04
6.184744495200000000e+10 1.029499999999999636e+04
6.190252509600000000e+10 2.908600000000000000e+04
6.191127741600000000e+10 2.200100000000000000e+04
6.242583997600000000e+10 5.191500000000000000e+04
6.311432642400000000e+10 6.609000000000000000e+04
6.311444044000000000e+10 7.180999999999992724e+03
6.352330663200000000e+10 5.568000000000000000e+04
6.354677360800000000e+10 3.857800000000000000e+04
6.381575821600000000e+10 4.198300000000000000e+04
6.415086744800000000e+10 4.989800000000000000e+04
6.433484536800000000e+10 4.714300000000000000e+04
6.465925484000000000e+10 5.250700000000000000e+04
6.489113826400000000e+10 4.585900000000000000e+04
6.553782301600000000e+10 7.117700000000000000e+04
6.556015740000000000e+10 4.199100000000000000e+04
6.557553298400000000e+10 2.972700000000000000e+04
6.561837866400000000e+10 2.396599999999999272e+04
6.584155860000000000e+10 3.300600000000000728e+04
6.601187711200000000e+10 3.366500000000000000e+04
6.642631397600000000e+10 4.628100000000000000e+04
6.687507949600000000e+10 6.120100000000000000e+04
6.725912711200000000e+10 5.296800000000000000e+04
6.755111034400000000e+10 5.831900000000000000e+04
6.764410300000000000e+10 3.792000000000000000e+04
6.802345554400000000e+10 4.878700000000000000e+04
6.805898645600000000e+10 3.367600000000000000e+04
6.813490548000000000e+10 3.035200000000000000e+04
6.820271226400000000e+10 2.549500000000000000e+04
6.825725372000000000e+10 2.272800000000000000e+04
6.829352869600000000e+10 1.913000000000000000e+04
6.833733629600000000e+10 1.713599999999999636e+04
6.841158792800000000e+10 1.773100000000000000e+04
6.857357335200000000e+10 2.304200000000000000e+04
6.859391173600000000e+10 1.833800000000000000e+04
6.893494688800000000e+10 3.366699999999999272e+04
6.893512500000000000e+10 1.510600000000000000e+04
6.898449663200000000e+10 2.162000000000000000e+04
6.989526861600000000e+10 6.444100000000000000e+04
6.993519836000000000e+10 3.970400000000000000e+04
7.010722039200000000e+10 3.761700000000000000e+04
7.014445676000000000e+10 2.944900000000000000e+04
7.021586544800000000e+10 2.540599999999999272e+04
7.023130284000000000e+10 1.968300000000000000e+04
7.116679239200000000e+10 6.621900000000000000e+04
7.141355599200000000e+10 5.455300000000000000e+04
7.156334973600000000e+10 4.527600000000000000e+04
7.174124988000000000e+10 4.393600000000000000e+04
7.207092932000000000e+10 4.709200000000000000e+04
7.232903604000000000e+10 5.054800000000000000e+04
7.278453047200000000e+10 5.308900000000000000e+04
7.291924576800000000e+10 5.063900000000000000e+04
7.299534927200000000e+10 3.390400000000000000e+04
7.332959856800000000e+10 4.731100000000000000e+04
7.332973540000000000e+10 1.867900000000000000e+04
7.358569253600000000e+10 4.048100000000000000e+04
7.358575900000000000e+10 9.570000000000000000e+03
7.479204975200000000e+10 8.553000000000000000e+04
7.479219207200000000e+10 2.709900000000000000e+04
7.481913607200000000e+10 3.500000000000000000e+04
7.586738253600000000e+10 7.586000000000000000e+04
7.609478493600000000e+10 6.180000000000000000e+04
7.626836709600000000e+10 5.083000000000000000e+04
7.642263314400000000e+10 4.318600000000000000e+04
7.642276375200000000e+10 2.160700000000000728e+04
7.648946096800000000e+10 2.575800000000000000e+04
7.650849493600000000e+10 1.983200000000000000e+04
7.686203944800000000e+10 3.672700000000000000e+04
7.739212370400000000e+10 5.428900000000000000e+04
7.767956144800000000e+10 5.175400000000000000e+04
7.767968549600000000e+10 1.394999999999999636e+04
7.781300471200000000e+10 3.365300000000000728e+04
7.816459727200000000e+10 4.301900000000000000e+04
7.845303029600000000e+10 5.086500000000000000e+04
7.871025506400000000e+10 4.801000000000000000e+04
7.873346020000000000e+10 3.182800000000000728e+04
7.879189680800000000e+10 2.746100000000000000e+04
7.923764439200000000e+10 4.837800000000000000e+04
7.949193741600000000e+10 4.915100000000000000e+04
7.979156900000000000e+10 4.984900000000000000e+04
7.998587293600000000e+10 4.073600000000000000e+04
8.014645970400000000e+10 3.706600000000000000e+04
8.025286028000000000e+10 3.374300000000000000e+04
8.047973293600000000e+10 4.061200000000000000e+04
8.047986288800000000e+10 2.112700000000000000e+04
8.084149716000000000e+10 3.981600000000000000e+04
8.102959874400000000e+10 4.174200000000000000e+04
8.102964980000000000e+10 3.925000000000003638e+03
8.126712148000000000e+10 4.375100000000000000e+04
8.139717340000000000e+10 3.767800000000000000e+04
8.154845376800000000e+10 3.382999999999999272e+04
8.173242863200000000e+10 3.416700000000000728e+04
8.203058930400000000e+10 4.219400000000000000e+04
8.203064474400000000e+10 6.542000000000003638e+03
8.206249320800000000e+10 2.685300000000000000e+04
8.231713560800000000e+10 3.608000000000000000e+04
8.244441815200000000e+10 3.490200000000000728e+04
8.254106512800000000e+10 2.898700000000000000e+04
8.270281920800000000e+10 2.950999999999999272e+04
8.285991765600000000e+10 3.075000000000000000e+04
8.311261056800000000e+10 3.638200000000000000e+04
8.311266231200000000e+10 3.915999999999992724e+03
8.400377962400000000e+10 6.832700000000000000e+04
8.418805672800000000e+10 5.132800000000000000e+04
8.418810946400000000e+10 7.243000000000003638e+03
8.429387728800000000e+10 3.779500000000000000e+04
8.433308087200000000e+10 2.920000000000000000e+04
8.482892106400000000e+10 4.918400000000000000e+04
8.497285884000000000e+10 4.154200000000000000e+04
8.497295855200000000e+10 1.757600000000000728e+04
8.504458645600000000e+10 2.687200000000000000e+04
8.526102106400000000e+10 3.322300000000000728e+04
8.526109704800000000e+10 1.016200000000000728e+04
8.551687229600000000e+10 3.615000000000000000e+04
8.552132981600000000e+10 2.501000000000000000e+04
8.559377784800000000e+10 2.304000000000000000e+04
8.559785610400000000e+10 1.744300000000000000e+04
8.561724154400000000e+10 1.562399999999999636e+04
8.618793079200000000e+10 4.312300000000000000e+04
8.719520877600000000e+10 7.560000000000000000e+04
8.744923640800000000e+10 5.584000000000000000e+04
8.790760047200000000e+10 6.727900000000000000e+04
8.838965213600000000e+10 6.070300000000000000e+04
8.879522408800000000e+10 6.268900000000000000e+04
8.879527744800000000e+10 9.976000000000003638e+03
8.935949322400000000e+10 6.800100000000000000e+04
8.935960069600000000e+10 2.677800000000000728e+04
8.942392298400000000e+10 3.277500000000000000e+04
8.954764111200000000e+10 3.464499999999999272e+04
