# Timestamps in ns,Energies
1.936046480000000000e+08 5.798900000000000000e+04
3.458097680000000000e+08 4.464400000000000000e+04
3.459109520000000000e+08 1.953400000000000000e+04
5.117504560000000000e+08 3.480999999999999272e+04
1.148960568000000000e+09 6.274800000000000000e+04
1.774678472000000000e+09 7.452800000000000000e+04
2.073073096000000000e+09 5.786700000000000000e+04
2.217739064000000000e+09 4.408800000000000000e+04
2.412880888000000000e+09 4.665300000000000000e+04
2.549851848000000000e+09 3.744800000000000000e+04
2.549921096000000000e+09 1.114599999999999272e+04
2.584836264000000000e+09 2.529600000000000000e+04
2.586675848000000000e+09 1.769100000000000000e+04
2.885120536000000000e+09 3.324300000000000000e+04
3.203164456000000000e+09 4.106500000000000000e+04
3.363628504000000000e+09 3.711200000000000000e+04
3.387024424000000000e+09 2.770000000000000000e+04
3.531842760000000000e+09 2.915700000000000728e+04
3.562031544000000000e+09 2.384099999999999272e+04
3.882940200000000000e+09 3.663700000000000000e+04
4.064864888000000000e+09 3.676700000000000000e+04
4.645146552000000000e+09 6.185700000000000000e+04
4.645214104000000000e+09 1.464100000000000728e+04
4.800010168000000000e+09 4.343800000000000000e+04
4.879731144000000000e+09 3.183500000000000728e+04
5.159688056000000000e+09 3.850600000000000000e+04
5.170505000000000000e+09 2.888200000000000000e+04
5.477986552000000000e+09 3.886500000000000000e+04
5.723038680000000000e+09 4.036800000000000000e+04
5.760700216000000000e+09 3.009500000000000000e+04
5.833878472000000000e+09 2.724299999999999272e+04
5.875317672000000000e+09 2.184900000000000000e+04
6.028911672000000000e+09 2.656699999999999272e+04
6.611456552000000000e+09 5.252800000000000000e+04
6.654915480000000000e+09 3.652500000000000000e+04
6.975077144000000000e+09 4.670300000000000000e+04
7.109492600000000000e+09 3.758700000000000000e+04
7.127038248000000000e+09 2.751900000000000000e+04
7.257440152000000000e+09 2.756700000000000728e+04
7.477713208000000000e+09 3.374400000000000728e+04
7.491813928000000000e+09 2.640900000000000000e+04
7.533836216000000000e+09 2.118499999999999272e+04
7.538464968000000000e+09 1.612400000000000364e+04
7.538583848000000000e+09 7.591999999999996362e+03
7.632468808000000000e+09 1.682600000000000000e+04
7.708953096000000000e+09 1.779200000000000000e+04
7.859744616000000000e+09 2.144800000000000000e+04
7.923494152000000000e+09 1.954700000000000000e+04
8.185349880000000000e+09 2.808000000000000000e+04
8.185426712000000000e+09 9.328999999999996362e+03
8.289634840000000000e+09 2.531200000000000000e+04
8.519327144000000000e+09 3.222200000000000000e+04
8.519423608000000000e+09 1.396900000000000364e+04
8.668305832000000000e+09 2.652800000000000000e+04
9.038135688000000000e+09 4.052800000000000000e+04
9.038184360000000000e+09 1.811999999999992724e+03
9.352288536000000000e+09 4.879700000000000000e+04
9.352338792000000000e+09 4.013000000000000000e+03
9.500037400000000000e+09 3.424800000000000000e+04
9.614251480000000000e+09 3.443300000000000728e+04
9.764445480000000000e+09 3.323700000000000000e+04
9.932757512000000000e+09 3.306099999999999272e+04
9.949909144000000000e+09 2.357600000000000000e+04
9.963363592000000000e+09 1.937300000000000000e+04
1.014790071200000000e+10 2.616600000000000000e+04
1.031068799200000000e+10 2.851600000000000000e+04
1.051892799200000000e+10 3.119299999999999272e+04
1.079839474400000000e+10 3.753600000000000000e+04
1.079853301600000000e+10 2.264300000000000000e+04
1.152665600800000000e+10 6.087800000000000000e+04
1.161692279200000000e+10 4.340200000000000000e+04
1.161922112800000000e+10 2.864000000000000000e+04
1.165880111200000000e+10 2.422400000000000728e+04
1.170113672800000000e+10 2.240500000000000000e+04
1.171053200800000000e+10 1.672000000000000000e+04
1.180264444000000000e+10 1.980000000000000000e+04
1.205820660000000000e+10 2.822200000000000728e+04
1.242380868000000000e+10 4.251300000000000000e+04
1.242385746400000000e+10 3.076000000000007276e+03
1.289297800800000000e+10 4.976000000000000000e+04
1.289302591200000000e+10 4.467000000000007276e+03
1.291707197600000000e+10 3.201400000000000000e+04
1.329765962400000000e+10 4.613000000000000000e+04
1.338430050400000000e+10 3.860600000000000000e+04
1.340762109600000000e+10 2.597499999999999272e+04
1.340775284000000000e+10 1.324500000000000364e+04
1.373309602400000000e+10 3.472900000000000000e+04
1.373779207200000000e+10 2.551600000000000000e+04
1.380744084000000000e+10 2.323100000000000000e+04
1.380758285600000000e+10 1.273300000000000364e+04
1.405290727200000000e+10 2.853400000000000728e+04
1.409333253600000000e+10 2.240199999999999272e+04
1.430558920800000000e+10 2.919800000000000728e+04
1.439239461600000000e+10 2.699700000000000000e+04
1.493794218400000000e+10 5.154600000000000000e+04
1.514759464800000000e+10 4.513600000000000000e+04
1.514764205600000000e+10 2.656000000000007276e+03
1.514774591200000000e+10 1.651600000000000000e+04
1.598168093600000000e+10 6.530500000000000000e+04
1.598962192800000000e+10 3.707100000000000000e+04
1.629946298400000000e+10 5.333200000000000000e+04
1.640879674400000000e+10 3.741500000000000000e+04
1.664231842400000000e+10 4.493700000000000000e+04
1.683369154400000000e+10 4.337400000000000000e+04
1.702492541600000000e+10 3.857700000000000000e+04
1.714700975200000000e+10 3.412100000000000000e+04
1.769185584800000000e+10 5.099400000000000000e+04
1.805289343200000000e+10 5.598400000000000000e+04
1.815965426400000000e+10 4.572300000000000000e+04
1.841037951200000000e+10 4.318000000000000000e+04
1.856169104800000000e+10 4.029900000000000000e+04
1.876809557600000000e+10 3.932800000000000000e+04
1.893808792800000000e+10 3.755100000000000000e+04
1.895002447200000000e+10 2.721000000000000000e+04
1.917877580000000000e+10 3.478800000000000000e+04
1.943286092000000000e+10 3.797700000000000000e+04
1.960503192800000000e+10 3.810900000000000000e+04
1.996016903200000000e+10 4.525600000000000000e+04
2.006255154400000000e+10 3.788100000000000000e+04
2.025959828000000000e+10 3.752900000000000000e+04
2.030361357600000000e+10 2.886800000000000000e+04
2.059806506400000000e+10 3.893600000000000000e+04
2.094508968800000000e+10 4.943300000000000000e+04
2.122731536800000000e+10 4.810700000000000000e+04
2.122741932000000000e+10 1.597600000000000364e+04
2.164828700000000000e+10 5.526500000000000000e+04
2.192280596000000000e+10 4.608800000000000000e+04
2.203786285600000000e+10 3.744100000000000000e+04
2.264136973600000000e+10 5.663200000000000000e+04
2.273410586400000000e+10 4.033800000000000000e+04
2.276608290400000000e+10 3.186500000000000000e+04
2.305777498400000000e+10 4.059300000000000000e+04
2.305783013600000000e+10 5.784999999999992724e+03
2.324575106400000000e+10 3.812700000000000000e+04
2.349840743200000000e+10 4.094900000000000000e+04
2.357063455200000000e+10 3.070600000000000000e+04
2.432674725600000000e+10 6.086900000000000000e+04
2.459434876000000000e+10 5.432000000000000000e+04
2.464346184800000000e+10 3.503300000000000000e+04
2.464906789600000000e+10 2.545600000000000000e+04
2.483391631200000000e+10 3.361000000000000000e+04
2.502207167200000000e+10 3.411400000000000000e+04
2.502214359200000000e+10 9.487000000000003638e+03
2.504534837600000000e+10 2.259200000000000000e+04
2.583755586400000000e+10 5.848700000000000000e+04
2.588297970400000000e+10 4.115400000000000000e+04
2.590614519200000000e+10 2.822399999999999272e+04
2.636347600800000000e+10 5.067500000000000000e+04
2.636363440800000000e+10 2.839600000000000000e+04
2.663398336800000000e+10 4.314500000000000000e+04
2.678302228000000000e+10 3.502499999999999272e+04
2.737527218400000000e+10 5.626700000000000000e+04
2.762334389600000000e+10 5.011300000000000000e+04
2.779927746400000000e+10 4.406400000000000000e+04
2.831574807200000000e+10 5.750500000000000000e+04
2.831582836000000000e+10 1.962599999999999272e+04
2.851918826400000000e+10 4.246200000000000000e+04
2.937007082400000000e+10 7.128900000000000000e+04
2.945470671200000000e+10 5.068700000000000000e+04
3.012671346400000000e+10 7.124800000000000000e+04
3.018834082400000000e+10 4.243600000000000000e+04
3.018842700000000000e+10 1.547200000000000728e+04
3.038943805600000000e+10 3.540999999999999272e+04
3.057879516000000000e+10 3.878000000000000000e+04
3.099717658400000000e+10 4.930700000000000000e+04
3.103953095200000000e+10 3.315900000000000000e+04
3.118011981600000000e+10 3.275300000000000000e+04
3.126317746400000000e+10 2.904700000000000728e+04
3.132831053600000000e+10 2.527700000000000728e+04
3.159282916000000000e+10 3.483400000000000000e+04
3.241888640800000000e+10 6.938000000000000000e+04
3.244264095200000000e+10 4.201500000000000000e+04
3.244270349600000000e+10 1.052099999999999272e+04
3.244287068000000000e+10 1.522300000000000364e+04
3.278512031200000000e+10 4.209400000000000000e+04
3.289402791200000000e+10 3.398600000000000000e+04
3.302917804000000000e+10 3.177600000000000000e+04
3.325150597600000000e+10 3.622600000000000000e+04
3.339883135200000000e+10 3.663400000000000000e+04
3.351077420000000000e+10 3.122399999999999272e+04
3.353072914400000000e+10 2.193000000000000000e+04
3.363425724000000000e+10 2.432100000000000000e+04
3.370696242400000000e+10 2.200800000000000000e+04
3.373307848800000000e+10 1.849800000000000000e+04
3.394035373600000000e+10 2.569200000000000000e+04
3.395471039200000000e+10 1.984000000000000000e+04
3.402415903200000000e+10 1.991000000000000000e+04
3.403910178400000000e+10 1.587500000000000364e+04
3.419574442400000000e+10 2.184600000000000000e+04
3.438737368800000000e+10 2.656900000000000000e+04
3.441057405600000000e+10 2.111200000000000000e+04
3.441074676000000000e+10 1.376900000000000000e+04
3.446141924000000000e+10 1.614599999999999636e+04
3.448866912800000000e+10 1.456299999999999636e+04
3.457576552800000000e+10 1.653999999999999636e+04
3.457590562400000000e+10 9.509000000000007276e+03
3.469852596000000000e+10 1.710300000000000000e+04
3.500284325600000000e+10 2.899100000000000000e+04
3.500292208800000000e+10 9.543000000000003638e+03
3.504214493600000000e+10 2.116300000000000000e+04
3.506789767200000000e+10 1.769099999999999636e+04
3.519899954400000000e+10 2.072800000000000000e+04
3.547308138400000000e+10 3.144700000000000000e+04
3.557702116000000000e+10 2.849400000000000728e+04
3.600964330400000000e+10 4.255800000000000000e+04
3.601367757600000000e+10 2.958100000000000000e+04
3.618035764000000000e+10 3.153700000000000000e+04
3.621177941600000000e+10 2.540400000000000000e+04
3.624224349600000000e+10 2.122000000000000000e+04
3.643684879200000000e+10 2.716200000000000000e+04
3.657327076000000000e+10 2.774000000000000000e+04
3.662070260000000000e+10 2.372500000000000000e+04
3.686537735200000000e+10 3.190100000000000000e+04
3.737869181600000000e+10 4.997400000000000000e+04
3.744198535200000000e+10 3.935600000000000000e+04
3.764819173600000000e+10 3.873500000000000000e+04
3.764826644000000000e+10 1.195799999999999636e+04
3.795934642400000000e+10 4.117200000000000000e+04
3.797276666400000000e+10 2.697900000000000000e+04
3.803914530400000000e+10 2.436700000000000000e+04
3.823356970400000000e+10 3.250100000000000000e+04
3.826124197600000000e+10 2.339000000000000000e+04
3.829322890400000000e+10 1.959100000000000000e+04
3.846573836000000000e+10 2.591800000000000728e+04
3.854301658400000000e+10 2.358000000000000000e+04
3.867000927200000000e+10 2.481500000000000000e+04
3.888453517600000000e+10 3.134200000000000728e+04
3.888458927200000000e+10 3.253000000000000000e+03
3.913972285600000000e+10 3.474599999999999272e+04
3.913977341600000000e+10 2.419999999999996362e+03
3.937101471200000000e+10 3.782100000000000000e+04
3.946391775200000000e+10 3.067500000000000000e+04
3.951195277600000000e+10 2.525899999999999272e+04
3.969210802400000000e+10 3.121299999999999272e+04
4.018777986400000000e+10 4.849800000000000000e+04
4.022825866400000000e+10 3.283400000000000728e+04
4.022834543200000000e+10 1.252400000000000364e+04
4.028718079200000000e+10 2.551300000000000000e+04
4.034856437600000000e+10 2.381300000000000000e+04
4.048784087200000000e+10 2.637200000000000000e+04
4.050856064800000000e+10 2.016200000000000000e+04
4.118425852000000000e+10 5.133700000000000000e+04
4.152431245600000000e+10 5.439400000000000000e+04
4.158631008800000000e+10 4.169300000000000000e+04
4.166641402400000000e+10 3.393600000000000000e+04
4.197423927200000000e+10 4.051700000000000000e+04
4.223166143200000000e+10 4.222400000000000000e+04
4.256635228000000000e+10 4.744200000000000000e+04
4.266485221600000000e+10 3.480500000000000000e+04
4.294138861600000000e+10 4.374700000000000000e+04
4.294751815200000000e+10 2.724200000000000728e+04
4.340235256800000000e+10 4.645200000000000000e+04
4.352136197600000000e+10 3.660800000000000000e+04
4.357138397600000000e+10 3.050099999999999272e+04
4.366306180000000000e+10 2.881300000000000000e+04
4.366322912800000000e+10 1.800700000000000364e+04
4.368765367200000000e+10 1.853600000000000000e+04
4.371273813600000000e+10 1.600000000000000000e+04
4.373270839200000000e+10 1.390699999999999636e+04
4.383378904800000000e+10 1.723900000000000728e+04
4.431409815200000000e+10 4.022100000000000000e+04
4.431416005600000000e+10 7.997999999999992724e+03
4.438484725600000000e+10 2.723000000000000000e+04
4.449987175200000000e+10 2.761600000000000000e+04
4.449996007200000000e+10 1.087400000000000000e+04
4.450010448800000000e+10 9.818999999999996362e+03
4.451800541600000000e+10 1.601500000000000364e+04
4.482191436000000000e+10 3.119000000000000000e+04
4.504175580000000000e+10 3.409499999999999272e+04
4.518107760800000000e+10 3.176700000000000000e+04
4.548364551200000000e+10 3.904000000000000000e+04
4.548372948000000000e+10 1.408500000000000000e+04
4.548381332000000000e+10 7.136999999999996362e+03
4.551123280800000000e+10 2.177300000000000728e+04
4.559044485600000000e+10 2.206300000000000000e+04
4.573508893600000000e+10 2.686400000000000000e+04
4.573517684000000000e+10 9.529000000000007276e+03
4.574465799200000000e+10 1.580900000000000000e+04
4.599890324000000000e+10 2.773100000000000728e+04
4.627682999200000000e+10 3.615399999999999272e+04
4.631880837600000000e+10 2.712400000000000000e+04
4.631892018400000000e+10 1.383600000000000364e+04
4.643808818400000000e+10 2.392000000000000000e+04
4.703231487200000000e+10 4.862400000000000000e+04
4.703239487200000000e+10 1.675299999999999272e+04
4.706131805600000000e+10 2.960000000000000000e+04
4.708735757600000000e+10 2.395800000000000000e+04
4.725603722400000000e+10 2.711700000000000728e+04
4.730175490400000000e+10 2.339799999999999272e+04
4.731187138400000000e+10 1.757199999999999272e+04
4.755291714400000000e+10 2.849600000000000000e+04
4.785168367200000000e+10 3.727200000000000000e+04
4.790382034400000000e+10 2.859300000000000000e+04
4.790398407200000000e+10 1.931500000000000000e+04
4.795806456800000000e+10 2.102300000000000000e+04
4.808415740000000000e+10 2.370500000000000000e+04
4.825467605600000000e+10 2.637800000000000000e+04
4.826763228000000000e+10 1.954500000000000000e+04
4.859299466400000000e+10 3.307100000000000000e+04
4.871601924000000000e+10 3.247200000000000000e+04
4.901193068000000000e+10 3.870000000000000000e+04
4.939013984800000000e+10 4.847300000000000000e+04
4.939023858400000000e+10 2.076800000000000728e+04
4.964911698400000000e+10 4.395800000000000000e+04
4.972134157600000000e+10 3.420800000000000000e+04
4.992510924000000000e+10 3.632200000000000000e+04
5.003683111200000000e+10 3.078100000000000000e+04
5.007201964000000000e+10 2.497600000000000000e+04
5.015447613600000000e+10 2.301300000000000728e+04
5.038268247200000000e+10 3.363900000000000728e+04
5.043223845600000000e+10 2.473000000000000000e+04
5.069316376800000000e+10 3.416299999999999272e+04
5.089269663200000000e+10 3.392700000000000728e+04
5.090695136800000000e+10 2.544200000000000000e+04
5.113297743200000000e+10 3.362200000000000000e+04
5.128653548000000000e+10 3.260700000000000000e+04
5.144020674400000000e+10 3.257399999999999272e+04
5.153054104800000000e+10 3.038200000000000728e+04
5.158953146400000000e+10 2.481700000000000000e+04
5.191852730400000000e+10 3.837400000000000000e+04
5.211327487200000000e+10 3.617500000000000000e+04
5.211336136800000000e+10 1.323600000000000000e+04
5.211342975200000000e+10 2.718000000000003638e+03
5.215552863200000000e+10 2.228000000000000000e+04
5.219806210400000000e+10 2.000000000000000000e+04
5.226176540000000000e+10 1.919700000000000000e+04
5.256516965600000000e+10 3.145899999999999272e+04
5.256524858400000000e+10 1.055300000000000728e+04
5.314120992800000000e+10 5.005600000000000000e+04
5.314219869600000000e+10 2.892200000000000728e+04
5.334659359200000000e+10 3.685700000000000000e+04
5.352661215200000000e+10 3.734600000000000000e+04
5.355725034400000000e+10 2.756100000000000000e+04
5.367792200800000000e+10 2.851300000000000000e+04
5.367801112800000000e+10 1.129899999999999636e+04
5.382923535200000000e+10 2.663299999999999272e+04
5.390553272800000000e+10 2.482499999999999272e+04
5.390560527200000000e+10 6.790999999999996362e+03
5.395861127200000000e+10 1.924400000000000000e+04
5.397384101600000000e+10 1.630800000000000000e+04
5.407571098400000000e+10 1.871200000000000000e+04
5.433368682400000000e+10 2.738400000000000000e+04
5.438762888800000000e+10 2.430600000000000000e+04
5.491397724000000000e+10 4.808800000000000000e+04
5.542746271200000000e+10 6.024800000000000000e+04
5.558439544800000000e+10 4.734600000000000000e+04
5.578068077600000000e+10 4.348700000000000000e+04
5.579287460000000000e+10 2.909299999999999272e+04
5.579295868000000000e+10 1.059799999999999272e+04
5.605290280800000000e+10 3.433500000000000000e+04
5.625180826400000000e+10 3.555000000000000000e+04
5.625192724000000000e+10 1.910900000000000728e+04
5.638376863200000000e+10 2.774399999999999272e+04
5.639371060000000000e+10 2.195700000000000000e+04
5.658929576800000000e+10 2.747599999999999272e+04
5.660926125600000000e+10 2.162400000000000000e+04
5.701442063200000000e+10 3.701600000000000000e+04
5.701446935200000000e+10 1.937999999999992724e+03
5.724874455200000000e+10 4.345300000000000000e+04
5.756610469600000000e+10 4.592000000000000000e+04
5.758935375200000000e+10 3.034200000000000728e+04
5.772094962400000000e+10 3.062299999999999272e+04
5.796383308000000000e+10 3.715600000000000000e+04
5.813601042400000000e+10 3.693700000000000000e+04
5.825209541600000000e+10 3.099600000000000000e+04
5.825228226400000000e+10 2.248800000000000000e+04
5.839907652000000000e+10 2.598700000000000000e+04
5.859874778400000000e+10 3.147500000000000000e+04
5.862382159200000000e+10 2.336800000000000728e+04
5.879154856800000000e+10 2.818100000000000000e+04
5.898648445600000000e+10 3.321600000000000000e+04
5.945939967200000000e+10 4.607400000000000000e+04
5.949204175200000000e+10 3.472200000000000000e+04
5.953517778400000000e+10 2.643300000000000000e+04
5.960218551200000000e+10 2.442600000000000000e+04
6.001713655200000000e+10 4.131900000000000000e+04
6.046990802400000000e+10 5.225600000000000000e+04
6.060753292000000000e+10 4.962800000000000000e+04
6.090992661600000000e+10 4.592000000000000000e+04
6.127357340000000000e+10 5.241600000000000000e+04
6.132564812000000000e+10 3.567199999999999272e+04
6.132571786400000000e+10 1.013299999999999636e+04
6.202876717600000000e+10 6.132800000000000000e+04
6.202883879200000000e+10 1.692700000000000728e+04
6.215021148000000000e+10 3.857000000000000000e+04
6.248305719200000000e+10 4.348000000000000000e+04
6.248313044000000000e+10 1.431299999999999272e+04
6.259134658400000000e+10 3.507499999999999272e+04
6.300516413600000000e+10 4.528300000000000000e+04
6.324813389600000000e+10 4.609800000000000000e+04
6.334815242400000000e+10 3.592099999999999272e+04
6.354914488800000000e+10 3.685000000000000000e+04
6.379439103200000000e+10 4.025800000000000000e+04
6.379444488800000000e+10 6.456999999999992724e+03
6.382402647200000000e+10 2.721499999999999272e+04
6.400898068000000000e+10 3.088300000000000000e+04
6.420386565600000000e+10 3.387500000000000000e+04
6.421525919200000000e+10 2.320000000000000000e+04
6.434966010400000000e+10 2.706300000000000000e+04
6.436136266400000000e+10 2.064800000000000000e+04
6.442119301600000000e+10 1.952100000000000000e+04
6.462460959200000000e+10 2.751700000000000728e+04
6.463581125600000000e+10 1.944000000000000000e+04
6.480173556000000000e+10 2.549399999999999272e+04
6.490207999200000000e+10 2.513600000000000000e+04
6.561464964000000000e+10 5.457800000000000000e+04
6.571102984800000000e+10 4.256200000000000000e+04
6.604529836000000000e+10 4.565600000000000000e+04
6.661493858400000000e+10 6.144700000000000000e+04
6.687518586400000000e+10 5.455200000000000000e+04
6.731693362400000000e+10 5.873800000000000000e+04
6.747448072800000000e+10 4.472900000000000000e+04
6.766747202400000000e+10 4.276000000000000000e+04
6.780830986400000000e+10 3.791500000000000000e+04
6.784577176800000000e+10 3.069400000000000728e+04
6.791838669600000000e+10 2.567900000000000000e+04
6.844376079200000000e+10 5.422400000000000000e+04
6.846484727200000000e+10 3.284999999999999272e+04
6.846489954400000000e+10 3.001999999999992724e+03
6.857455597600000000e+10 2.918700000000000000e+04
6.859844096800000000e+10 2.302700000000000000e+04
6.881950997600000000e+10 3.051099999999999272e+04
6.911254408800000000e+10 3.724000000000000000e+04
6.930060356000000000e+10 3.664800000000000000e+04
6.950074850400000000e+10 3.667200000000000000e+04
6.956671213600000000e+10 3.033400000000000000e+04
6.996794642400000000e+10 4.421700000000000000e+04
6.996811514400000000e+10 2.716999999999999272e+04
7.007148612000000000e+10 2.962500000000000000e+04
7.007169432800000000e+10 2.117000000000000000e+04
7.030747740000000000e+10 3.046200000000000000e+04
7.049403146400000000e+10 3.414300000000000728e+04
7.049413773600000000e+10 1.814799999999999272e+04
7.056274453600000000e+10 2.366400000000000000e+04
7.086367192800000000e+10 3.648700000000000000e+04
7.161769548000000000e+10 6.352300000000000000e+04
7.164879125600000000e+10 4.032300000000000000e+04
7.181260231200000000e+10 3.875300000000000000e+04
7.186399837600000000e+10 3.162999999999999272e+04
7.206263066400000000e+10 3.216600000000000000e+04
7.214974818400000000e+10 3.001699999999999272e+04
7.242444373600000000e+10 3.782400000000000000e+04
7.242451047200000000e+10 9.426000000000007276e+03
7.244244295200000000e+10 2.440400000000000000e+04
7.248953192800000000e+10 2.107100000000000000e+04
7.251177986400000000e+10 1.792900000000000000e+04
7.255138156000000000e+10 1.702800000000000000e+04
7.261752848800000000e+10 1.659200000000000000e+04
7.274489170400000000e+10 1.984200000000000000e+04
7.275621152800000000e+10 1.571999999999999636e+04
7.323473506400000000e+10 3.809000000000000000e+04
7.323480207200000000e+10 9.767999999999996362e+03
7.334714645600000000e+10 2.907500000000000000e+04
7.335494476000000000e+10 2.192100000000000000e+04
7.359913988000000000e+10 3.181200000000000728e+04
7.490338183200000000e+10 8.337300000000000000e+04
7.507349408800000000e+10 5.927200000000000000e+04
7.507800732000000000e+10 3.245300000000000000e+04
7.563184519200000000e+10 5.790400000000000000e+04
7.570127512800000000e+10 4.037500000000000000e+04
7.570136840800000000e+10 1.607900000000000728e+04
7.570144164000000000e+10 5.425999999999992724e+03
7.571548437600000000e+10 2.064100000000000000e+04
7.594292452000000000e+10 3.076700000000000000e+04
7.607447764000000000e+10 2.997300000000000728e+04
7.612377016800000000e+10 2.417800000000000000e+04
7.618608349600000000e+10 2.288200000000000000e+04
7.630535564000000000e+10 2.328100000000000000e+04
7.654055711200000000e+10 3.121799999999999272e+04
7.654063871200000000e+10 1.098199999999999272e+04
7.654758469600000000e+10 1.930999999999999272e+04
7.660372516000000000e+10 1.994700000000000000e+04
7.685742471200000000e+10 2.877199999999999272e+04
7.693704288800000000e+10 2.617700000000000000e+04
7.725671759200000000e+10 3.804300000000000000e+04
7.731236053600000000e+10 2.804800000000000000e+04
7.748755461600000000e+10 3.173499999999999272e+04
7.751479036000000000e+10 2.385800000000000000e+04
7.773427816800000000e+10 3.158099999999999272e+04
7.782862629600000000e+10 3.024700000000000728e+04
7.786196143200000000e+10 2.366400000000000000e+04
7.788058588000000000e+10 1.820800000000000000e+04
7.807439904800000000e+10 2.513100000000000000e+04
7.814086789600000000e+10 2.253800000000000000e+04
7.815343455200000000e+10 1.774599999999999636e+04
7.872907717600000000e+10 4.479400000000000000e+04
7.872915213600000000e+10 1.338100000000000000e+04
7.905112303200000000e+10 4.218000000000000000e+04
7.910003682400000000e+10 3.162100000000000000e+04
7.910803087200000000e+10 2.369600000000000000e+04
7.939364932000000000e+10 3.618300000000000000e+04
7.942374394400000000e+10 2.643899999999999272e+04
7.945426586400000000e+10 2.199600000000000000e+04
7.945433821600000000e+10 5.636000000000003638e+03
7.962755882400000000e+10 2.527600000000000000e+04
7.986040388000000000e+10 3.066500000000000728e+04
7.989748381600000000e+10 2.466300000000000000e+04
8.042286288800000000e+10 5.171100000000000000e+04
8.042291764000000000e+10 7.573999999999996362e+03
8.062498208800000000e+10 4.182600000000000000e+04
8.080670463200000000e+10 3.773200000000000000e+04
8.097962095200000000e+10 3.716000000000000000e+04
8.100710480800000000e+10 2.811799999999999272e+04
8.101590504800000000e+10 2.079600000000000000e+04
8.128244741600000000e+10 3.034300000000000000e+04
8.147266589600000000e+10 3.439300000000000000e+04
8.147278980000000000e+10 1.847300000000000728e+04
8.187345600800000000e+10 4.249100000000000000e+04
8.191908012000000000e+10 3.180000000000000000e+04
8.195213108000000000e+10 2.461600000000000000e+04
8.204483616800000000e+10 2.446600000000000000e+04
8.266708680800000000e+10 5.284800000000000000e+04
8.283948400800000000e+10 4.503000000000000000e+04
8.307012340000000000e+10 4.436500000000000000e+04
8.360556028000000000e+10 5.528900000000000000e+04
8.366194605600000000e+10 4.018500000000000000e+04
8.372901636000000000e+10 3.233999999999999272e+04
8.372908469600000000e+10 8.807000000000003638e+03
8.384142719200000000e+10 2.804400000000000000e+04
8.384148727200000000e+10 5.005999999999996362e+03
8.400719700000000000e+10 2.960100000000000000e+04
8.430845528800000000e+10 3.836600000000000000e+04
8.463219055200000000e+10 4.481900000000000000e+04
8.463226322400000000e+10 7.487000000000000000e+03
8.481139295200000000e+10 3.951200000000000000e+04
8.516450047200000000e+10 4.914600000000000000e+04
8.516784280800000000e+10 3.014200000000000000e+04
8.525336762400000000e+10 3.024900000000000000e+04
8.525342888800000000e+10 5.474000000000003638e+03
8.529738853600000000e+10 2.274700000000000000e+04
8.596200458400000000e+10 5.350500000000000000e+04
8.598176706400000000e+10 3.817700000000000000e+04
8.642504650400000000e+10 5.001000000000000000e+04
8.680309893600000000e+10 6.123200000000000000e+04
8.704866362400000000e+10 5.219900000000000000e+04
8.704871508000000000e+10 5.946000000000003638e+03
8.718648818400000000e+10 3.731900000000000000e+04
8.750932412000000000e+10 4.478400000000000000e+04
8.772289453600000000e+10 4.340100000000000000e+04
8.777994824800000000e+10 3.316300000000000000e+04
8.812413127200000000e+10 4.220100000000000000e+04
8.812444935200000000e+10 3.588400000000000000e+04
8.818179260000000000e+10 2.528600000000000728e+04
8.846057904800000000e+10 3.421500000000000728e+04
8.854580674400000000e+10 3.046400000000000000e+04
8.868484688800000000e+10 2.910000000000000000e+04
8.873137242400000000e+10 2.338300000000000000e+04
8.906590837600000000e+10 3.881500000000000000e+04
8.925738642400000000e+10 3.771100000000000000e+04
8.952798215200000000e+10 4.084000000000000000e+04
8.954697503200000000e+10 2.789700000000000000e+04
8.954706640800000000e+10 1.175000000000000364e+04
8.973569418400000000e+10 3.026500000000000000e+04
