# Timestamps in ns,Energies
1.005900560000000000e+08 3.134200000000000000e+04
3.471537040000000000e+08 3.410400000000000000e+04
3.866754640000000000e+08 2.702000000000000000e+04
4.054287920000000000e+08 2.300000000000000000e+04
5.065171120000000000e+08 2.304899999999999272e+04
5.875210480000000000e+08 2.293900000000000000e+04
6.608464560000000000e+08 2.190400000000000000e+04
7.528666000000000000e+08 2.211200000000000000e+04
1.130054408000000000e+09 3.715000000000000000e+04
1.554776040000000000e+09 4.727600000000000000e+04
1.962339880000000000e+09 4.917700000000000000e+04
2.143172376000000000e+09 4.795600000000000000e+04
2.181233336000000000e+09 3.235700000000000000e+04
2.288317192000000000e+09 3.072500000000000728e+04
2.695150168000000000e+09 4.296300000000000000e+04
2.695348840000000000e+09 3.298000000000000000e+04
3.009013880000000000e+09 4.230300000000000000e+04
3.568257512000000000e+09 5.503800000000000000e+04
3.678846984000000000e+09 4.278400000000000000e+04
3.775506168000000000e+09 3.366000000000000000e+04
3.808899880000000000e+09 2.856400000000000000e+04
3.892904728000000000e+09 2.631400000000000000e+04
3.959348664000000000e+09 2.273699999999999272e+04
4.090959064000000000e+09 2.570200000000000000e+04
4.509105608000000000e+09 3.934600000000000000e+04
4.555623784000000000e+09 3.017699999999999272e+04
4.621979272000000000e+09 2.909500000000000000e+04
4.647689400000000000e+09 2.080900000000000000e+04
5.212264696000000000e+09 4.568000000000000000e+04
5.610452632000000000e+09 5.088000000000000000e+04
5.896307272000000000e+09 4.761700000000000000e+04
5.925021048000000000e+09 3.346699999999999272e+04
6.296981016000000000e+09 4.356100000000000000e+04
6.543976472000000000e+09 4.488700000000000000e+04
6.584323400000000000e+09 3.276900000000000000e+04
6.790105784000000000e+09 3.884500000000000000e+04
6.853519192000000000e+09 2.856799999999999272e+04
7.082547688000000000e+09 3.363500000000000000e+04
7.082597960000000000e+09 3.113000000000000000e+03
7.326513768000000000e+09 3.678300000000000000e+04
7.426751080000000000e+09 3.220800000000000728e+04
7.883222808000000000e+09 4.814500000000000000e+04
8.089610152000000000e+09 4.372800000000000000e+04
8.718056808000000000e+09 5.938800000000000000e+04
8.828935064000000000e+09 4.316000000000000000e+04
8.954577240000000000e+09 3.864500000000000000e+04
9.368914824000000000e+09 4.649700000000000000e+04
9.381165432000000000e+09 3.159200000000000728e+04
9.561171848000000000e+09 3.619400000000000728e+04
9.683937752000000000e+09 3.208699999999999272e+04
9.712303464000000000e+09 2.632900000000000000e+04
1.030657631200000000e+10 4.777900000000000000e+04
1.030670101600000000e+10 1.412800000000000000e+04
1.065088868000000000e+10 4.524100000000000000e+04
1.070170458400000000e+10 3.177699999999999272e+04
1.088280434400000000e+10 3.451900000000000000e+04
1.097376293600000000e+10 3.106000000000000728e+04
1.103529733600000000e+10 2.445600000000000000e+04
1.110402303200000000e+10 2.261600000000000000e+04
1.111053845600000000e+10 1.820700000000000000e+04
1.116490981600000000e+10 1.754400000000000000e+04
1.121295648800000000e+10 1.644800000000000000e+04
1.136195156000000000e+10 2.056500000000000000e+04
1.152071928800000000e+10 2.364100000000000000e+04
1.166173108000000000e+10 2.578000000000000000e+04
1.206055375200000000e+10 4.300600000000000000e+04
1.300275756000000000e+10 7.683600000000001455e+04
1.314592760800000000e+10 5.219200000000000000e+04
1.372345596000000000e+10 6.059300000000000000e+04
1.372350639200000000e+10 7.928000000000007276e+03
1.374278116000000000e+10 3.687700000000000000e+04
1.389806869600000000e+10 3.683800000000000000e+04
1.393601778400000000e+10 2.745300000000000000e+04
1.414218749600000000e+10 3.354200000000000000e+04
1.415809900000000000e+10 2.415500000000000000e+04
1.455306690400000000e+10 4.123400000000000000e+04
1.473755868000000000e+10 3.906000000000000000e+04
1.520720997600000000e+10 5.277600000000000000e+04
1.520727522400000000e+10 1.387600000000000728e+04
1.590539029600000000e+10 5.984900000000000000e+04
1.621001640800000000e+10 5.553700000000000000e+04
1.626967410400000000e+10 4.144000000000000000e+04
1.642800527200000000e+10 3.663900000000000000e+04
1.662001695200000000e+10 3.659100000000000000e+04
1.666489364000000000e+10 3.041900000000000728e+04
1.714843388000000000e+10 4.901700000000000000e+04
1.738512192800000000e+10 4.329100000000000000e+04
1.747085807200000000e+10 3.662100000000000000e+04
1.747092498400000000e+10 9.383999999999992724e+03
1.822533852000000000e+10 5.756100000000000000e+04
1.822544008800000000e+10 1.938199999999999272e+04
1.827601010400000000e+10 3.231900000000000000e+04
1.838490365600000000e+10 3.135700000000000000e+04
1.963061546400000000e+10 7.625800000000000000e+04
2.002006922400000000e+10 6.023200000000000000e+04
2.018277160800000000e+10 4.596200000000000000e+04
2.064657362400000000e+10 5.435200000000000000e+04
2.090970324000000000e+10 5.161200000000000000e+04
2.129301021600000000e+10 5.082600000000000000e+04
2.129387701600000000e+10 3.283100000000000000e+04
2.135558023200000000e+10 2.889599999999999272e+04
2.160895962400000000e+10 3.531200000000000000e+04
2.214112727200000000e+10 5.361500000000000000e+04
2.220989623200000000e+10 3.846500000000000000e+04
2.221209848800000000e+10 2.551200000000000000e+04
2.232230509600000000e+10 2.788200000000000000e+04
2.232979796000000000e+10 2.080900000000000000e+04
2.290690085600000000e+10 4.628600000000000000e+04
2.292119932000000000e+10 3.176000000000000000e+04
2.308887866400000000e+10 3.299100000000000000e+04
2.336238914400000000e+10 4.183900000000000000e+04
2.340364333600000000e+10 3.207300000000000000e+04
2.354669349600000000e+10 3.103700000000000728e+04
2.392217100000000000e+10 4.104800000000000000e+04
2.450363994400000000e+10 5.932200000000000000e+04
2.456124824800000000e+10 4.039900000000000000e+04
2.471883842400000000e+10 3.794000000000000000e+04
2.488110812000000000e+10 3.506599999999999272e+04
2.546436680800000000e+10 5.256300000000000000e+04
2.549211924000000000e+10 3.776900000000000000e+04
2.627553050400000000e+10 6.822200000000000000e+04
2.649122290400000000e+10 4.911900000000000000e+04
2.651262338400000000e+10 3.350400000000000728e+04
2.661772589600000000e+10 3.452600000000000000e+04
2.665672234400000000e+10 2.512300000000000000e+04
2.667226820000000000e+10 1.975100000000000000e+04
2.697220837600000000e+10 3.276799999999999272e+04
2.709723951200000000e+10 3.154200000000000000e+04
2.747515852000000000e+10 4.045600000000000000e+04
2.747520869600000000e+10 4.627000000000003638e+03
2.813998205600000000e+10 5.632900000000000000e+04
2.835478762400000000e+10 4.789000000000000000e+04
2.927740255200000000e+10 7.060100000000000000e+04
2.935522621600000000e+10 5.008800000000000000e+04
2.946767316000000000e+10 3.661800000000000000e+04
2.946772263200000000e+10 3.583000000000003638e+03
3.001444781600000000e+10 5.946500000000000000e+04
3.073559300000000000e+10 6.832100000000000000e+04
3.098842044000000000e+10 5.750000000000000000e+04
3.102230949600000000e+10 3.678400000000000000e+04
3.154556160800000000e+10 5.903400000000000000e+04
3.181782380000000000e+10 5.016200000000000000e+04
3.181789213600000000e+10 1.480299999999999272e+04
3.206103404000000000e+10 4.221300000000000000e+04
3.223214596000000000e+10 4.125400000000000000e+04
3.256771549600000000e+10 4.301100000000000000e+04
3.271259583200000000e+10 3.868100000000000000e+04
3.277154914400000000e+10 3.175700000000000000e+04
3.334666210400000000e+10 5.022400000000000000e+04
3.406812839200000000e+10 6.799200000000000000e+04
3.439336743200000000e+10 5.733600000000000000e+04
3.439341333600000000e+10 4.354000000000003638e+03
3.439347583200000000e+10 6.975000000000007276e+03
3.479611277600000000e+10 4.879400000000000000e+04
3.479618608800000000e+10 1.702499999999999272e+04
3.486370512800000000e+10 3.445300000000000000e+04
3.494242687200000000e+10 2.786300000000000000e+04
3.511307608800000000e+10 3.032600000000000000e+04
3.515654144800000000e+10 2.453900000000000728e+04
3.522943781600000000e+10 2.306300000000000000e+04
3.538245124000000000e+10 2.694200000000000000e+04
3.549889796000000000e+10 2.741299999999999272e+04
3.551852962400000000e+10 2.111300000000000000e+04
3.580455936800000000e+10 3.094600000000000000e+04
3.582727584800000000e+10 2.354200000000000000e+04
3.587378912800000000e+10 2.145200000000000000e+04
3.598924308000000000e+10 2.361400000000000728e+04
3.605482557600000000e+10 2.216500000000000000e+04
3.610721741600000000e+10 1.909600000000000000e+04
3.642384933600000000e+10 3.100800000000000000e+04
3.701550559200000000e+10 5.445700000000000000e+04
3.745026232800000000e+10 5.329000000000000000e+04
3.780666092000000000e+10 5.897100000000000000e+04
3.809913688800000000e+10 5.777400000000000000e+04
3.810354052000000000e+10 3.049600000000000728e+04
3.844012642400000000e+10 4.595900000000000000e+04
3.862549274400000000e+10 3.820900000000000000e+04
3.865583791200000000e+10 3.097900000000000000e+04
3.865596354400000000e+10 1.745000000000000364e+04
3.938859141600000000e+10 5.669100000000000000e+04
3.972324784800000000e+10 5.597600000000000000e+04
4.020322620000000000e+10 5.807200000000000000e+04
4.032377184800000000e+10 4.850500000000000000e+04
4.033427509600000000e+10 2.893499999999999272e+04
4.093541757600000000e+10 5.428200000000000000e+04
4.098171898400000000e+10 3.647900000000000000e+04
4.102146714400000000e+10 2.897200000000000728e+04
4.114522738400000000e+10 3.313500000000000000e+04
4.118110962400000000e+10 2.356800000000000000e+04
4.254225764000000000e+10 7.899300000000000000e+04
4.254231064800000000e+10 1.256600000000000364e+04
4.288877052000000000e+10 5.662200000000000000e+04
4.296270688800000000e+10 4.177000000000000000e+04
4.323374714400000000e+10 4.742600000000000000e+04
4.335060138400000000e+10 3.752200000000000000e+04
4.341964423200000000e+10 3.084000000000000000e+04
4.361290565600000000e+10 3.458600000000000000e+04
4.368762076000000000e+10 2.854600000000000728e+04
4.378441842400000000e+10 2.655599999999999272e+04
4.402102151200000000e+10 3.273000000000000000e+04
4.438448453600000000e+10 4.175000000000000000e+04
4.442218748000000000e+10 3.247099999999999272e+04
4.451886648800000000e+10 3.134699999999999272e+04
4.535862504800000000e+10 6.363400000000000000e+04
4.551797924000000000e+10 4.916900000000000000e+04
4.551810068000000000e+10 1.291200000000000000e+04
4.582449794400000000e+10 4.156000000000000000e+04
4.631533701600000000e+10 5.294600000000000000e+04
4.679382277600000000e+10 6.042500000000000000e+04
4.744857428000000000e+10 7.038400000000000000e+04
4.759461196000000000e+10 5.277200000000000000e+04
4.790180106400000000e+10 5.364100000000000000e+04
4.838828954400000000e+10 5.956000000000000000e+04
4.838846722400000000e+10 3.457800000000000000e+04
4.848184151200000000e+10 3.187000000000000000e+04
4.863597063200000000e+10 3.245000000000000000e+04
4.870831983200000000e+10 2.856100000000000000e+04
4.896390821600000000e+10 3.524600000000000728e+04
4.909129812000000000e+10 3.394600000000000000e+04
4.934373810400000000e+10 3.721000000000000000e+04
4.934877463200000000e+10 2.490400000000000000e+04
4.940667071200000000e+10 2.369700000000000000e+04
4.972667511200000000e+10 3.481300000000000000e+04
4.978360000800000000e+10 2.869700000000000000e+04
4.990496096800000000e+10 2.788900000000000728e+04
5.014132117600000000e+10 3.299500000000000000e+04
5.015608772000000000e+10 2.639200000000000000e+04
5.058967853600000000e+10 4.293200000000000000e+04
5.082856104800000000e+10 3.960500000000000000e+04
5.153708079200000000e+10 6.480200000000000000e+04
5.153713226400000000e+10 8.349000000000003638e+03
5.167287876000000000e+10 4.116800000000000000e+04
5.173138757600000000e+10 3.471800000000000000e+04
5.200857597600000000e+10 3.987700000000000000e+04
5.203126712800000000e+10 2.967400000000000000e+04
5.273995893600000000e+10 6.040300000000000000e+04
5.307300066400000000e+10 5.614400000000000000e+04
5.343010250400000000e+10 5.529600000000000000e+04
5.381793200800000000e+10 5.636000000000000000e+04
5.381809488800000000e+10 3.365199999999999272e+04
5.385094756000000000e+10 2.900300000000000000e+04
5.450209580000000000e+10 5.527400000000000000e+04
5.450216994400000000e+10 1.621600000000000000e+04
5.464096540000000000e+10 3.766900000000000000e+04
5.514025482400000000e+10 5.483200000000000000e+04
5.526392407200000000e+10 4.018700000000000000e+04
5.535173271200000000e+10 3.488700000000000000e+04
5.636931008800000000e+10 6.928300000000000000e+04
5.663934538400000000e+10 5.445100000000000000e+04
5.666233909600000000e+10 3.471500000000000000e+04
5.677076944800000000e+10 3.310299999999999272e+04
5.682111002400000000e+10 2.826099999999999272e+04
5.731417708000000000e+10 4.478200000000000000e+04
5.736213676000000000e+10 3.492600000000000000e+04
5.779258642400000000e+10 4.778600000000000000e+04
5.790782135200000000e+10 3.743300000000000000e+04
5.790787028000000000e+10 3.171999999999996362e+03
5.795027794400000000e+10 2.970200000000000728e+04
5.802419056800000000e+10 2.597300000000000000e+04
5.813016184800000000e+10 2.535900000000000728e+04
5.862997658400000000e+10 4.880700000000000000e+04
5.929273007200000000e+10 6.027100000000000000e+04
5.929278450400000000e+10 1.140400000000000364e+04
5.999768746400000000e+10 7.939400000000000000e+04
6.035885279200000000e+10 6.023400000000000000e+04
6.090069400800000000e+10 6.522500000000000000e+04
6.129755575200000000e+10 6.337000000000000000e+04
6.153033143200000000e+10 5.563300000000000000e+04
6.155130716000000000e+10 3.277200000000000000e+04
6.177139104800000000e+10 3.579400000000000000e+04
6.289627370400000000e+10 7.911499999999998545e+04
6.305306647200000000e+10 5.164500000000000000e+04
6.315492610400000000e+10 4.265400000000000000e+04
6.391021882400000000e+10 6.708000000000000000e+04
6.391027196000000000e+10 1.070099999999999272e+04
6.392923557600000000e+10 3.529900000000000000e+04
6.403371452000000000e+10 3.436700000000000000e+04
6.414649658400000000e+10 2.985500000000000728e+04
6.450097004000000000e+10 4.079300000000000000e+04
6.517689381600000000e+10 6.082600000000000000e+04
6.561304884000000000e+10 6.013600000000000000e+04
6.566719652000000000e+10 3.856800000000000000e+04
6.600085384800000000e+10 4.699300000000000000e+04
6.603807319200000000e+10 3.384000000000000728e+04
6.615616112800000000e+10 3.185399999999999272e+04
6.634883252000000000e+10 3.440700000000000000e+04
6.642727543200000000e+10 2.951100000000000728e+04
6.677133383200000000e+10 4.082300000000000000e+04
6.702930381600000000e+10 4.758300000000000000e+04
6.734754370400000000e+10 4.591200000000000000e+04
6.734760554400000000e+10 1.144600000000000364e+04
6.743134015200000000e+10 3.273600000000000000e+04
6.744707733600000000e+10 2.426400000000000000e+04
6.760514655200000000e+10 2.883100000000000000e+04
6.780283853600000000e+10 3.131900000000000728e+04
6.822518296800000000e+10 4.585600000000000000e+04
6.824578797600000000e+10 3.195900000000000000e+04
6.824590408800000000e+10 1.575200000000000364e+04
6.843800821600000000e+10 3.036700000000000000e+04
6.851858362400000000e+10 2.884800000000000000e+04
6.873869368800000000e+10 3.185799999999999272e+04
6.916604058400000000e+10 4.426600000000000000e+04
6.953324133600000000e+10 4.898800000000000000e+04
6.961883600800000000e+10 3.919900000000000000e+04
6.994949712800000000e+10 5.043400000000000000e+04
7.032094770400000000e+10 5.018700000000000000e+04
7.077330306400000000e+10 5.273600000000000000e+04
7.119745501600000000e+10 5.933100000000000000e+04
7.166400317600000000e+10 5.671200000000000000e+04
7.213139648800000000e+10 6.058100000000000000e+04
7.220212066400000000e+10 4.162700000000000000e+04
7.224814453600000000e+10 3.068200000000000000e+04
7.247927599200000000e+10 3.921500000000000000e+04
7.307598103200000000e+10 5.883300000000000000e+04
7.309953098400000000e+10 3.658600000000000000e+04
7.314901586400000000e+10 3.179400000000000728e+04
7.376678492000000000e+10 5.710400000000000000e+04
7.378231396000000000e+10 3.550000000000000000e+04
7.432498994400000000e+10 6.092000000000000000e+04
7.449057434400000000e+10 4.484200000000000000e+04
7.449071644000000000e+10 2.856599999999999272e+04
7.467710925600000000e+10 3.346600000000000000e+04
7.487429040800000000e+10 3.443500000000000000e+04
7.494457863200000000e+10 2.948800000000000000e+04
7.505632999200000000e+10 2.823700000000000728e+04
7.530442856800000000e+10 3.382599999999999272e+04
7.560846572000000000e+10 3.883200000000000000e+04
7.565027925600000000e+10 2.973499999999999272e+04
7.589824007200000000e+10 3.591199999999999272e+04
7.594628208800000000e+10 2.812700000000000000e+04
7.622514632800000000e+10 3.658400000000000000e+04
7.622522986400000000e+10 1.317800000000000728e+04
7.636182500000000000e+10 3.027200000000000728e+04
7.638195216800000000e+10 2.409100000000000000e+04
7.646156333600000000e+10 2.318700000000000000e+04
7.701537040800000000e+10 4.866700000000000000e+04
7.701544455200000000e+10 1.406799999999999636e+04
7.755297826400000000e+10 5.264000000000000000e+04
7.755303469600000000e+10 1.019400000000000364e+04
7.767475685600000000e+10 3.874500000000000000e+04
7.784883951200000000e+10 3.645600000000000000e+04
7.790667082400000000e+10 3.040600000000000000e+04
7.790673914400000000e+10 7.693000000000003638e+03
7.808684572000000000e+10 2.984600000000000000e+04
7.875288997600000000e+10 5.177700000000000000e+04
7.963192335200000000e+10 7.425200000000000000e+04
7.963196989600000000e+10 7.158000000000000000e+03
7.980314792800000000e+10 4.841700000000000000e+04
7.980319415200000000e+10 2.984000000000003638e+03
8.099226236000000000e+10 8.112000000000000000e+04
8.099226820000000000e+10 5.219999999999996362e+03
8.101853837600000000e+10 4.354500000000000000e+04
8.109599839200000000e+10 3.643600000000000000e+04
8.109604773600000000e+10 3.210000000000003638e+03
8.122476172000000000e+10 3.129900000000000000e+04
8.122535564000000000e+10 2.332000000000000000e+04
8.130216336800000000e+10 2.376900000000000000e+04
8.144028629600000000e+10 2.683300000000000000e+04
8.153984816800000000e+10 2.514800000000000000e+04
8.178045416800000000e+10 3.121100000000000000e+04
8.231761919200000000e+10 5.315100000000000000e+04
8.248163010400000000e+10 4.349800000000000000e+04
8.281364410400000000e+10 5.047700000000000000e+04
8.317722056800000000e+10 5.636800000000000000e+04
8.379013228000000000e+10 5.958700000000000000e+04
8.387681240800000000e+10 5.007500000000000000e+04
8.397560661600000000e+10 3.476700000000000000e+04
8.438136357600000000e+10 4.611800000000000000e+04
8.453132636000000000e+10 4.070500000000000000e+04
8.466418642400000000e+10 3.686800000000000000e+04
8.523532109600000000e+10 5.460700000000000000e+04
8.569622509600000000e+10 5.577100000000000000e+04
8.589451448800000000e+10 5.066300000000000000e+04
8.611976013600000000e+10 4.433900000000000000e+04
8.634150159200000000e+10 4.201000000000000000e+04
8.655756114400000000e+10 4.340000000000000000e+04
8.664285234400000000e+10 3.444600000000000000e+04
8.665875036000000000e+10 2.617400000000000000e+04
8.736736824800000000e+10 5.411200000000000000e+04
8.764453084000000000e+10 5.146400000000000000e+04
8.765585767200000000e+10 3.408100000000000728e+04
8.766945264800000000e+10 2.469699999999999272e+04
8.766945704800000000e+10 7.763000000000000000e+03
8.781419317600000000e+10 2.897700000000000000e+04
8.781438508000000000e+10 2.135100000000000000e+04
8.798512008800000000e+10 2.620600000000000000e+04
8.809685522400000000e+10 2.665799999999999272e+04
8.940956932000000000e+10 8.198400000000000000e+04
8.940967850400000000e+10 4.111200000000000000e+04
8.940974428000000000e+10 9.493000000000007276e+03
8.952909624800000000e+10 3.673600000000000000e+04
8.968961224800000000e+10 3.537500000000000000e+04
8.968973642400000000e+10 2.013100000000000728e+04
