# Timestamps in ns,Energies
2.629861600000000000e+07 2.858300000000000000e+04
7.284061600000000000e+07 2.384000000000000000e+04
4.643853840000000000e+08 3.809800000000000000e+04
5.170314960000000000e+08 3.265200000000000728e+04
6.351800720000000000e+08 2.987400000000000000e+04
1.032128824000000000e+09 4.137700000000000000e+04
1.032187080000000000e+09 9.221000000000003638e+03
1.286886376000000000e+09 3.928100000000000000e+04
1.496327544000000000e+09 4.235300000000000000e+04
1.496382888000000000e+09 6.679000000000003638e+03
1.746009640000000000e+09 3.902100000000000000e+04
1.776437176000000000e+09 2.919900000000000000e+04
2.011445400000000000e+09 3.977600000000000000e+04
2.277624904000000000e+09 4.044500000000000000e+04
2.427568552000000000e+09 3.663700000000000000e+04
2.680205256000000000e+09 4.043700000000000000e+04
3.154052216000000000e+09 5.342300000000000000e+04
3.404271608000000000e+09 4.421300000000000000e+04
3.426666536000000000e+09 3.461000000000000000e+04
3.444603448000000000e+09 2.629200000000000000e+04
3.481031448000000000e+09 2.232000000000000000e+04
3.851676424000000000e+09 3.691200000000000000e+04
3.923850328000000000e+09 2.984400000000000000e+04
4.025020792000000000e+09 2.833400000000000000e+04
4.105254792000000000e+09 2.689600000000000000e+04
4.173734504000000000e+09 2.213600000000000728e+04
4.591132776000000000e+09 4.017100000000000000e+04
5.006755048000000000e+09 4.772100000000000000e+04
5.194087752000000000e+09 4.256000000000000000e+04
5.292974680000000000e+09 3.280800000000000000e+04
5.319413848000000000e+09 2.689199999999999272e+04
5.328071080000000000e+09 2.056700000000000000e+04
5.420373432000000000e+09 2.190400000000000000e+04
5.702686696000000000e+09 3.057499999999999272e+04
5.962314904000000000e+09 3.788800000000000000e+04
5.962412792000000000e+09 1.688600000000000728e+04
6.177354456000000000e+09 3.293700000000000000e+04
6.293055064000000000e+09 3.120600000000000000e+04
6.496214952000000000e+09 3.368800000000000000e+04
6.550475272000000000e+09 2.868499999999999272e+04
7.075761848000000000e+09 4.604100000000000000e+04
7.447898472000000000e+09 5.012600000000000000e+04
7.758333864000000000e+09 5.056100000000000000e+04
8.027610600000000000e+09 4.594500000000000000e+04
8.447632568000000000e+09 5.104000000000000000e+04
8.447729992000000000e+09 5.392000000000000000e+03
8.564534792000000000e+09 3.564000000000000000e+04
8.647409448000000000e+09 3.147700000000000000e+04
9.109359368000000000e+09 4.822400000000000000e+04
1.014736818400000000e+10 7.439600000000000000e+04
1.014741957600000000e+10 1.086200000000000364e+04
1.014747610400000000e+10 2.625000000000007276e+03
1.068053996000000000e+10 6.625600000000000000e+04
1.087689540000000000e+10 4.982100000000000000e+04
1.100889453600000000e+10 4.061000000000000000e+04
1.106583223200000000e+10 3.110299999999999272e+04
1.107679298400000000e+10 2.400100000000000000e+04
1.117740719200000000e+10 2.572900000000000000e+04
1.129100636000000000e+10 2.519700000000000728e+04
1.256592932000000000e+10 8.187599999999998545e+04
1.303834394400000000e+10 6.184400000000000000e+04
1.341892106400000000e+10 5.915300000000000000e+04
1.384977404000000000e+10 5.584900000000000000e+04
1.431579932000000000e+10 6.565300000000000000e+04
1.431588666400000000e+10 2.168900000000000000e+04
1.432214544800000000e+10 3.025300000000000000e+04
1.450158029600000000e+10 3.404100000000000000e+04
1.478733589600000000e+10 3.860000000000000000e+04
1.497347452000000000e+10 3.905600000000000000e+04
1.520868135200000000e+10 4.052900000000000000e+04
1.607895210400000000e+10 7.966499999999998545e+04
1.627514634400000000e+10 5.528700000000000000e+04
1.629106071200000000e+10 3.621400000000000728e+04
1.705623807200000000e+10 5.922400000000000000e+04
1.739428413600000000e+10 5.264100000000000000e+04
1.755713994400000000e+10 4.266400000000000000e+04
1.787153162400000000e+10 4.840300000000000000e+04
1.787530970400000000e+10 2.884400000000000728e+04
1.799539570400000000e+10 2.944900000000000000e+04
1.816935780000000000e+10 3.145600000000000000e+04
1.817305704800000000e+10 2.385800000000000000e+04
1.850868951200000000e+10 3.891100000000000000e+04
1.864424831200000000e+10 3.308500000000000000e+04
1.883056508000000000e+10 3.311200000000000000e+04
1.883061786400000000e+10 4.131999999999992724e+03
1.909274648800000000e+10 3.892400000000000000e+04
1.909590103200000000e+10 2.436799999999999272e+04
1.927013773600000000e+10 3.032099999999999272e+04
1.933736885600000000e+10 2.628600000000000000e+04
1.957299149600000000e+10 3.480100000000000728e+04
1.960404391200000000e+10 2.536800000000000000e+04
1.961989764000000000e+10 1.936000000000000000e+04
1.985904362400000000e+10 2.906900000000000000e+04
1.995646172000000000e+10 2.546900000000000000e+04
1.995652352800000000e+10 4.983999999999992724e+03
2.015987927200000000e+10 2.965400000000000000e+04
2.087546666400000000e+10 5.614400000000000000e+04
2.156020597600000000e+10 6.665100000000000000e+04
2.239241336800000000e+10 7.536100000000000000e+04
2.314826208800000000e+10 7.655400000000000000e+04
2.344609660000000000e+10 5.882500000000000000e+04
2.360103722400000000e+10 4.709000000000000000e+04
2.375958916000000000e+10 4.119100000000000000e+04
2.383660680800000000e+10 3.525600000000000000e+04
2.386245924000000000e+10 2.508000000000000000e+04
2.425882525600000000e+10 4.030700000000000000e+04
2.438347162400000000e+10 3.435700000000000000e+04
2.447883037600000000e+10 3.075700000000000000e+04
2.451188588000000000e+10 2.536800000000000000e+04
2.453005136800000000e+10 1.908800000000000000e+04
2.488518480800000000e+10 3.614000000000000000e+04
2.530374090400000000e+10 4.379700000000000000e+04
2.533196328800000000e+10 3.368600000000000000e+04
2.538566215200000000e+10 2.968800000000000000e+04
2.549087735200000000e+10 2.801400000000000000e+04
2.582362949600000000e+10 3.719600000000000000e+04
2.610553861600000000e+10 4.336900000000000000e+04
2.617362981600000000e+10 3.174299999999999272e+04
2.636337208800000000e+10 3.496300000000000000e+04
2.735606660000000000e+10 6.520900000000000000e+04
2.745559727200000000e+10 4.932200000000000000e+04
2.745572272800000000e+10 2.428199999999999272e+04
2.827020853600000000e+10 7.459200000000000000e+04
2.828814597600000000e+10 4.093600000000000000e+04
2.936908847200000000e+10 8.268599999999998545e+04
2.936913240800000000e+10 5.005999999999992724e+03
2.936923690400000000e+10 2.513700000000000000e+04
2.936935714400000000e+10 1.993799999999999272e+04
2.942925684000000000e+10 3.227600000000000728e+04
2.957312815200000000e+10 3.111100000000000000e+04
2.957318919200000000e+10 6.102999999999992724e+03
2.970858426400000000e+10 2.910399999999999272e+04
3.033061223200000000e+10 5.198500000000000000e+04
3.033077002400000000e+10 2.887100000000000728e+04
3.112267079200000000e+10 7.077200000000000000e+04
3.122667068000000000e+10 4.287500000000000000e+04
3.157842117600000000e+10 5.335900000000000000e+04
3.186757880800000000e+10 4.768300000000000000e+04
3.186762693600000000e+10 4.249000000000007276e+03
3.216712904800000000e+10 4.851200000000000000e+04
3.216722061600000000e+10 1.856199999999999272e+04
3.263497714400000000e+10 4.857600000000000000e+04
3.268490287200000000e+10 3.861000000000000000e+04
3.312756160800000000e+10 4.790500000000000000e+04
3.312761162400000000e+10 5.512000000000000000e+03
3.332292786400000000e+10 4.381600000000000000e+04
3.335630136800000000e+10 3.151700000000000000e+04
3.338973176800000000e+10 2.642299999999999272e+04
3.364973440800000000e+10 3.514500000000000728e+04
3.364980077600000000e+10 8.033999999999996362e+03
3.365057943200000000e+10 1.984100000000000728e+04
3.374600397600000000e+10 2.260000000000000000e+04
3.428113852000000000e+10 4.656200000000000000e+04
3.473027655200000000e+10 5.170500000000000000e+04
3.477590000800000000e+10 3.915000000000000000e+04
3.493898400800000000e+10 3.795300000000000000e+04
3.516426788000000000e+10 3.979900000000000000e+04
3.520434397600000000e+10 3.010400000000000000e+04
3.553490426400000000e+10 4.046300000000000000e+04
3.553506712800000000e+10 2.494000000000000000e+04
3.554966237600000000e+10 2.194400000000000000e+04
3.577330466400000000e+10 3.391799999999999272e+04
3.594352837600000000e+10 3.019100000000000000e+04
3.650391951200000000e+10 5.143200000000000000e+04
3.651488599200000000e+10 3.210199999999999272e+04
3.651497922400000000e+10 8.055000000000000000e+03
3.659873005600000000e+10 2.878200000000000000e+04
3.665554188000000000e+10 2.349100000000000000e+04
3.722000738400000000e+10 4.940200000000000000e+04
3.727353664800000000e+10 3.342300000000000728e+04
3.733127204000000000e+10 2.983000000000000000e+04
3.775908212000000000e+10 4.709600000000000000e+04
3.827312312800000000e+10 5.868800000000000000e+04
3.866503384800000000e+10 5.243200000000000000e+04
3.880084685600000000e+10 4.251700000000000000e+04
3.890622791200000000e+10 3.901700000000000000e+04
3.916830986400000000e+10 4.294300000000000000e+04
3.916836388000000000e+10 6.132000000000003638e+03
3.927375927200000000e+10 3.255900000000000000e+04
3.944080088800000000e+10 3.482300000000000000e+04
3.981736479200000000e+10 4.464000000000000000e+04
3.982745399200000000e+10 3.049400000000000000e+04
3.983493200800000000e+10 2.168900000000000000e+04
4.012679845600000000e+10 3.501599999999999272e+04
4.020251016800000000e+10 3.014600000000000000e+04
4.020257447200000000e+10 6.418000000000000000e+03
4.052934052000000000e+10 3.596900000000000728e+04
4.074629952800000000e+10 4.105700000000000000e+04
4.097459157600000000e+10 3.969600000000000000e+04
4.119121735200000000e+10 4.174100000000000000e+04
4.136002826400000000e+10 3.585799999999999272e+04
4.244073280800000000e+10 7.656299999999998545e+04
4.249204080800000000e+10 4.408900000000000000e+04
4.271656562400000000e+10 4.200300000000000000e+04
4.288525151200000000e+10 4.351800000000000000e+04
4.290722764000000000e+10 3.048700000000000000e+04
4.296675114400000000e+10 2.535500000000000728e+04
4.320361568800000000e+10 3.302399999999999272e+04
4.332438599200000000e+10 3.076699999999999272e+04
4.336692400800000000e+10 2.418500000000000000e+04
4.394767836000000000e+10 5.277800000000000000e+04
4.423335826400000000e+10 4.614600000000000000e+04
4.439514636000000000e+10 4.021600000000000000e+04
4.520579866400000000e+10 6.767100000000000000e+04
4.565023589600000000e+10 7.255800000000000000e+04
4.607121092000000000e+10 5.911300000000000000e+04
4.678660680800000000e+10 6.759200000000000000e+04
4.698421917600000000e+10 5.184900000000000000e+04
4.713272797600000000e+10 4.386100000000000000e+04
4.745268335200000000e+10 4.852200000000000000e+04
4.782187664800000000e+10 5.022400000000000000e+04
4.800468053600000000e+10 4.478400000000000000e+04
4.870838080800000000e+10 6.968900000000000000e+04
4.873365533600000000e+10 4.029200000000000000e+04
4.915219813600000000e+10 4.914600000000000000e+04
4.942722645600000000e+10 4.830600000000000000e+04
4.959466639200000000e+10 4.292900000000000000e+04
4.964830655200000000e+10 3.372200000000000728e+04
4.977597032800000000e+10 3.139100000000000000e+04
4.977603965600000000e+10 9.086999999999996362e+03
5.010151063200000000e+10 3.837600000000000000e+04
5.053555500000000000e+10 4.998600000000000000e+04
5.053561415200000000e+10 9.798000000000003638e+03
5.053567853600000000e+10 3.707000000000007276e+03
5.090147493600000000e+10 4.400800000000000000e+04
5.144387799200000000e+10 5.518500000000000000e+04
5.149528271200000000e+10 4.128500000000000000e+04
5.192604591200000000e+10 5.059200000000000000e+04
5.253751557600000000e+10 7.128000000000000000e+04
5.253835543200000000e+10 4.114400000000000000e+04
5.256681743200000000e+10 3.002099999999999272e+04
5.298132756000000000e+10 4.744800000000000000e+04
5.298139858400000000e+10 1.350999999999999272e+04
5.304548533600000000e+10 2.900700000000000728e+04
5.379861748000000000e+10 6.332200000000000000e+04
5.379866351200000000e+10 3.984000000000003638e+03
5.382223442400000000e+10 3.657000000000000000e+04
5.383869503200000000e+10 2.554800000000000000e+04
5.423663404000000000e+10 4.391300000000000000e+04
5.432977407200000000e+10 3.331800000000000000e+04
5.433961122400000000e+10 2.534400000000000000e+04
5.464748836000000000e+10 3.741800000000000000e+04
5.475326588000000000e+10 3.207599999999999272e+04
5.495451368800000000e+10 3.552700000000000000e+04
5.513572680800000000e+10 3.724200000000000000e+04
5.531125996000000000e+10 3.341200000000000000e+04
5.535690900000000000e+10 2.745399999999999272e+04
5.556900058400000000e+10 3.185800000000000000e+04
5.582496325600000000e+10 3.636800000000000728e+04
5.599644927200000000e+10 3.772700000000000000e+04
5.606716157600000000e+10 2.875000000000000000e+04
5.613931412000000000e+10 2.829200000000000000e+04
5.642550392800000000e+10 3.574800000000000728e+04
5.644971639200000000e+10 2.759200000000000000e+04
5.664636618400000000e+10 3.138900000000000000e+04
5.674220807200000000e+10 2.754600000000000000e+04
5.696199015200000000e+10 3.343400000000000000e+04
5.769817229600000000e+10 5.672100000000000000e+04
5.810303376800000000e+10 5.764400000000000000e+04
5.814213144800000000e+10 3.986900000000000000e+04
5.836546210400000000e+10 3.834500000000000000e+04
5.881226237600000000e+10 5.264100000000000000e+04
5.904593805600000000e+10 4.724100000000000000e+04
5.923250978400000000e+10 4.562300000000000000e+04
5.970054498400000000e+10 5.627300000000000000e+04
5.980488655200000000e+10 4.352800000000000000e+04
6.007275124000000000e+10 4.127300000000000000e+04
6.009095095200000000e+10 3.040100000000000000e+04
6.030289178400000000e+10 3.570800000000000000e+04
6.045609709600000000e+10 3.445600000000000000e+04
6.049875130400000000e+10 2.659600000000000000e+04
6.057432708000000000e+10 2.499800000000000728e+04
6.060298655200000000e+10 2.087500000000000000e+04
6.078537799200000000e+10 2.520000000000000000e+04
6.113797474400000000e+10 3.996200000000000000e+04
6.198818605600000000e+10 6.603000000000000000e+04
6.211775660000000000e+10 5.304900000000000000e+04
6.267604272800000000e+10 5.991800000000000000e+04
6.267622303200000000e+10 3.411000000000000000e+04
6.268568570400000000e+10 2.655100000000000000e+04
6.295436516000000000e+10 3.849500000000000000e+04
6.297725026400000000e+10 2.827899999999999272e+04
6.403336410400000000e+10 7.032400000000000000e+04
6.403350999200000000e+10 3.569800000000000728e+04
6.456581746400000000e+10 6.201800000000000000e+04
6.457306373600000000e+10 3.823100000000000000e+04
6.490654149600000000e+10 4.465700000000000000e+04
6.502277106400000000e+10 3.647500000000000000e+04
6.546625434400000000e+10 4.783600000000000000e+04
6.546630456800000000e+10 5.824999999999992724e+03
6.607446536800000000e+10 6.588900000000000000e+04
6.607454989600000000e+10 1.580199999999999272e+04
6.640688162400000000e+10 5.137900000000000000e+04
6.643551157600000000e+10 3.219700000000000000e+04
6.705381736800000000e+10 5.912500000000000000e+04
6.732830818400000000e+10 5.280000000000000000e+04
6.792505304800000000e+10 5.924000000000000000e+04
6.795530773600000000e+10 4.007000000000000000e+04
6.803365002400000000e+10 3.287799999999999272e+04
6.818662314400000000e+10 3.445600000000000000e+04
6.843768940000000000e+10 3.666600000000000000e+04
6.853940607200000000e+10 3.483700000000000000e+04
6.854597304800000000e+10 2.295799999999999272e+04
6.883311607200000000e+10 3.567100000000000000e+04
6.885302847200000000e+10 2.529800000000000000e+04
6.898591540000000000e+10 2.775500000000000000e+04
6.902264085600000000e+10 2.275300000000000000e+04
6.934035212000000000e+10 3.632999999999999272e+04
6.959117540000000000e+10 4.072200000000000000e+04
6.966766581600000000e+10 3.148200000000000728e+04
6.968308850400000000e+10 2.401100000000000000e+04
6.970214631200000000e+10 1.903300000000000000e+04
7.007909522400000000e+10 3.643400000000000000e+04
7.028947463200000000e+10 3.753300000000000000e+04
7.028954760800000000e+10 1.264500000000000364e+04
7.033087084000000000e+10 2.536200000000000000e+04
7.040988728800000000e+10 2.504899999999999272e+04
7.087558079200000000e+10 4.452600000000000000e+04
7.092233773600000000e+10 3.135000000000000000e+04
7.108201439200000000e+10 3.332300000000000728e+04
7.150438999200000000e+10 4.994200000000000000e+04
7.150899220000000000e+10 2.798099999999999272e+04
7.150904772000000000e+10 3.487999999999992724e+03
7.154343148000000000e+10 2.352900000000000000e+04
7.170333445600000000e+10 2.847999999999999272e+04
7.189393055200000000e+10 2.988000000000000000e+04
7.225016392800000000e+10 4.476700000000000000e+04
7.238153517600000000e+10 3.584000000000000000e+04
7.245418916000000000e+10 3.037400000000000000e+04
7.246529509600000000e+10 2.292900000000000000e+04
7.267208672800000000e+10 2.968000000000000000e+04
7.267337092000000000e+10 2.057900000000000000e+04
7.269028048800000000e+10 1.776100000000000000e+04
7.310288760800000000e+10 3.411400000000000728e+04
7.316163301600000000e+10 2.896000000000000000e+04
7.359883183200000000e+10 4.331300000000000000e+04
7.361311311200000000e+10 3.142200000000000000e+04
7.428456338400000000e+10 5.766400000000000000e+04
7.430235661600000000e+10 3.487700000000000728e+04
7.446987930400000000e+10 3.825700000000000000e+04
7.446994876000000000e+10 9.762000000000000000e+03
7.480548676000000000e+10 4.384200000000000000e+04
7.542345546400000000e+10 6.380900000000000000e+04
7.599995264800000000e+10 5.924100000000000000e+04
7.628283775200000000e+10 5.409600000000000000e+04
7.628295482400000000e+10 2.469499999999999272e+04
7.641705058400000000e+10 3.859200000000000000e+04
7.681917885600000000e+10 4.728600000000000000e+04
7.838445704800000000e+10 7.872800000000000000e+04
7.878383095200000000e+10 6.413900000000000000e+04
7.881025767200000000e+10 4.788600000000000000e+04
7.881032055200000000e+10 9.297999999999996362e+03
7.891633052000000000e+10 3.346600000000000728e+04
7.894043261600000000e+10 2.619100000000000000e+04
7.956169157600000000e+10 4.897000000000000000e+04
8.079955796000000000e+10 8.983200000000000000e+04
8.093669268000000000e+10 5.689500000000000000e+04
8.094182730400000000e+10 3.491800000000000000e+04
8.094827296800000000e+10 2.685700000000000000e+04
8.139712962400000000e+10 4.670100000000000000e+04
8.163453674400000000e+10 4.669500000000000000e+04
8.193844599200000000e+10 4.289400000000000000e+04
8.238683127200000000e+10 5.337600000000000000e+04
8.244745959200000000e+10 3.785700000000000000e+04
8.343992084000000000e+10 6.788500000000000000e+04
8.343999655200000000e+10 2.276000000000000000e+04
8.346182106400000000e+10 3.423100000000000000e+04
8.430681378400000000e+10 7.200200000000000000e+04
8.482788132000000000e+10 6.456000000000000000e+04
8.502370631200000000e+10 5.218500000000000000e+04
8.503572410400000000e+10 3.371000000000000000e+04
8.520541330400000000e+10 3.834900000000000000e+04
8.522485509600000000e+10 2.647900000000000000e+04
8.531299344800000000e+10 2.758600000000000000e+04
8.555913660000000000e+10 3.210499999999999272e+04
8.563793397600000000e+10 2.719099999999999272e+04
8.564758840800000000e+10 2.240000000000000000e+04
8.567952032800000000e+10 1.820200000000000000e+04
8.582962864800000000e+10 2.266600000000000000e+04
8.599152159200000000e+10 2.657800000000000728e+04
8.619811618400000000e+10 3.014200000000000728e+04
8.620965191200000000e+10 2.184500000000000000e+04
8.624843725600000000e+10 1.940500000000000000e+04
8.624855760800000000e+10 1.001799999999999272e+04
8.668311696800000000e+10 3.592000000000000000e+04
8.713868671200000000e+10 4.724200000000000000e+04
8.752383567200000000e+10 5.600900000000000000e+04
8.767191124000000000e+10 4.061000000000000000e+04
8.779591333600000000e+10 3.544700000000000000e+04
8.863375095200000000e+10 5.991800000000000000e+04
8.864340746400000000e+10 3.945200000000000000e+04
8.893465244000000000e+10 4.367500000000000000e+04
8.895206258400000000e+10 3.533899999999999272e+04
8.929526989600000000e+10 4.199300000000000000e+04
8.976091765600000000e+10 5.487500000000000000e+04
