# Timestamps in ns,Energies
6.873888800000000000e+07 1.660700000000000000e+04
9.113290400000000000e+07 1.378100000000000364e+04
9.127154400000000000e+07 8.303999999999992724e+03
1.991448400000000000e+08 1.491899999999999636e+04
2.159633680000000000e+08 1.264200000000000728e+04
4.994348400000000000e+08 2.401300000000000000e+04
5.806619600000000000e+08 2.392000000000000000e+04
5.823637520000000000e+08 1.627700000000000000e+04
6.421813200000000000e+08 1.703200000000000000e+04
6.881260720000000000e+08 1.617499999999999636e+04
7.914685680000000000e+08 1.801000000000000000e+04
9.025154960000000000e+08 2.012800000000000000e+04
9.025946000000000000e+08 6.030000000000007276e+03
9.721431440000000000e+08 1.792000000000000000e+04
1.026990888000000000e+09 1.723200000000000000e+04
1.054460568000000000e+09 1.445000000000000728e+04
1.083080552000000000e+09 1.333100000000000364e+04
1.231677352000000000e+09 1.835799999999999272e+04
1.250023192000000000e+09 1.511400000000000728e+04
1.253741624000000000e+09 1.171899999999999636e+04
1.273704888000000000e+09 1.078400000000000364e+04
1.332879400000000000e+09 1.221299999999999636e+04
1.332955800000000000e+09 2.005999999999992724e+03
1.468595768000000000e+09 1.549799999999999636e+04
1.468765272000000000e+09 1.066899999999999636e+04
1.583921272000000000e+09 1.605899999999999636e+04
1.725939192000000000e+09 1.963300000000000000e+04
1.732884200000000000e+09 1.562499999999999272e+04
1.740126392000000000e+09 1.240699999999999636e+04
1.749448200000000000e+09 1.039800000000000728e+04
1.849543352000000000e+09 1.430299999999999272e+04
2.044916008000000000e+09 2.102800000000000000e+04
2.212675688000000000e+09 2.484300000000000000e+04
2.226984232000000000e+09 1.924600000000000000e+04
2.295490360000000000e+09 1.864000000000000000e+04
2.561232904000000000e+09 2.877999999999999272e+04
2.701839464000000000e+09 2.787100000000000000e+04
2.705080232000000000e+09 2.041800000000000000e+04
2.789664792000000000e+09 2.142100000000000728e+04
2.864644984000000000e+09 2.123600000000000000e+04
2.877863160000000000e+09 1.705300000000000000e+04
2.900183832000000000e+09 1.461600000000000000e+04
3.031700200000000000e+09 1.932400000000000000e+04
3.205341608000000000e+09 2.374099999999999272e+04
3.257746504000000000e+09 2.128000000000000000e+04
3.293718680000000000e+09 1.856300000000000000e+04
3.294142152000000000e+09 1.317999999999999636e+04
3.323446344000000000e+09 1.341100000000000364e+04
3.332646360000000000e+09 1.099099999999999272e+04
3.400508024000000000e+09 1.281099999999999272e+04
3.529352936000000000e+09 1.693000000000000000e+04
3.628024088000000000e+09 1.835300000000000000e+04
3.691276216000000000e+09 1.734399999999999636e+04
3.787363848000000000e+09 1.888000000000000000e+04
3.982563560000000000e+09 2.500100000000000000e+04
4.037865768000000000e+09 2.158200000000000000e+04
4.037931528000000000e+09 4.053000000000000000e+03
4.190432568000000000e+09 2.286400000000000000e+04
4.193459272000000000e+09 1.701000000000000000e+04
4.246805624000000000e+09 1.738100000000000000e+04
4.307919192000000000e+09 1.668099999999999272e+04
4.394882056000000000e+09 1.802700000000000364e+04
4.448544664000000000e+09 1.703200000000000000e+04
4.458140136000000000e+09 1.348999999999999636e+04
4.477314552000000000e+09 1.213299999999999272e+04
4.477403928000000000e+09 4.523999999999996362e+03
4.525666840000000000e+09 1.152900000000000728e+04
4.525954056000000000e+09 8.488999999999996362e+03
4.620395976000000000e+09 1.267499999999999272e+04
4.732440216000000000e+09 1.551699999999999636e+04
4.865536328000000000e+09 1.895200000000000000e+04
4.897299960000000000e+09 1.628999999999999636e+04
5.081675800000000000e+09 2.223900000000000000e+04
5.299773448000000000e+09 2.864500000000000000e+04
5.300471832000000000e+09 2.017600000000000000e+04
5.402852904000000000e+09 2.222999999999999272e+04
5.482842792000000000e+09 2.210300000000000000e+04
5.553651016000000000e+09 2.072000000000000000e+04
5.639901912000000000e+09 2.089800000000000000e+04
5.662689064000000000e+09 1.680000000000000000e+04
5.676903528000000000e+09 1.413500000000000364e+04
5.760981944000000000e+09 1.626600000000000000e+04
5.766209528000000000e+09 1.265699999999999272e+04
5.778325704000000000e+09 1.095099999999999272e+04
5.806718376000000000e+09 1.073200000000000728e+04
5.916581784000000000e+09 1.434500000000000364e+04
5.950144008000000000e+09 1.307099999999999272e+04
6.051025480000000000e+09 1.525400000000000000e+04
6.121755448000000000e+09 1.581799999999999636e+04
6.142889032000000000e+09 1.329599999999999636e+04
6.184997080000000000e+09 1.316700000000000000e+04
6.446949448000000000e+09 2.298999999999999272e+04
6.525502840000000000e+09 2.306800000000000000e+04
6.728740616000000000e+09 2.757399999999999272e+04
6.915994264000000000e+09 2.939200000000000000e+04
6.928000632000000000e+09 2.297700000000000000e+04
6.951664728000000000e+09 1.936000000000000000e+04
6.988248232000000000e+09 1.675200000000000000e+04
7.048255592000000000e+09 1.751000000000000000e+04
7.157455320000000000e+09 1.920800000000000000e+04
7.203964872000000000e+09 1.772400000000000000e+04
7.273146552000000000e+09 1.760500000000000000e+04
7.358774680000000000e+09 1.831500000000000000e+04
7.399912824000000000e+09 1.670399999999999636e+04
7.521760696000000000e+09 1.990600000000000000e+04
7.735365656000000000e+09 2.530200000000000000e+04
7.754957112000000000e+09 1.984000000000000000e+04
7.839082120000000000e+09 2.125200000000000000e+04
7.844623496000000000e+09 1.577100000000000000e+04
7.847453608000000000e+09 1.204000000000000364e+04
7.944908296000000000e+09 1.593700000000000000e+04
7.945503592000000000e+09 1.183200000000000364e+04
8.069395624000000000e+09 1.664100000000000000e+04
8.102491224000000000e+09 1.479999999999999272e+04
8.102844872000000000e+09 1.082699999999999272e+04
8.159910856000000000e+09 1.299999999999999272e+04
8.303587080000000000e+09 1.727200000000000000e+04
8.343128760000000000e+09 1.575900000000000000e+04
8.534618104000000000e+09 2.240000000000000000e+04
8.534838904000000000e+09 1.622700000000000000e+04
8.629300488000000000e+09 1.887300000000000000e+04
8.759738744000000000e+09 2.128300000000000000e+04
8.925225528000000000e+09 2.425600000000000000e+04
8.975260696000000000e+09 2.136800000000000000e+04
9.053785032000000000e+09 2.165000000000000000e+04
9.072249384000000000e+09 1.681199999999999272e+04
9.169553864000000000e+09 1.920100000000000000e+04
9.220517240000000000e+09 1.760500000000000000e+04
9.220616808000000000e+09 7.725000000000007276e+03
9.443083976000000000e+09 2.413700000000000000e+04
9.443158232000000000e+09 6.631000000000000000e+03
9.460118584000000000e+09 1.681699999999999272e+04
9.516631624000000000e+09 1.684699999999999272e+04
9.628788712000000000e+09 1.964000000000000000e+04
9.751362840000000000e+09 2.072000000000000000e+04
9.791709528000000000e+09 1.847300000000000000e+04
9.814548936000000000e+09 1.562400000000000364e+04
9.871010104000000000e+09 1.552100000000000728e+04
9.876557656000000000e+09 1.240400000000000728e+04
9.879267000000000000e+09 9.676000000000003638e+03
9.905852904000000000e+09 1.001800000000000728e+04
1.000845762400000000e+10 1.354000000000000000e+04
1.000858756000000000e+10 7.200000000000003638e+03
1.016108848800000000e+10 1.664000000000000000e+04
1.020823568800000000e+10 1.556200000000000000e+04
1.026216549600000000e+10 1.497300000000000364e+04
1.049783237600000000e+10 2.437500000000000000e+04
1.056163997600000000e+10 2.112000000000000000e+04
1.057140180000000000e+10 1.665800000000000000e+04
1.076851944800000000e+10 2.569400000000000000e+04
1.082091556000000000e+10 2.065000000000000000e+04
1.082543725600000000e+10 1.577400000000000000e+04
1.091410700000000000e+10 1.792000000000000000e+04
1.091422316000000000e+10 9.400000000000003638e+03
1.101345413600000000e+10 1.754100000000000000e+04
1.105832700000000000e+10 1.659500000000000728e+04
1.106234263200000000e+10 1.232599999999999636e+04
1.111571652000000000e+10 1.324900000000000728e+04
1.123240898400000000e+10 1.693600000000000000e+04
1.153898199200000000e+10 2.766000000000000728e+04
1.164870644000000000e+10 2.904799999999999272e+04
1.164882440800000000e+10 1.575299999999999272e+04
1.166869407200000000e+10 1.713700000000000000e+04
1.176847792800000000e+10 1.960100000000000000e+04
1.179798388000000000e+10 1.708000000000000728e+04
1.186312552800000000e+10 1.698399999999999636e+04
1.193954031200000000e+10 1.776000000000000000e+04
1.201213525600000000e+10 1.770499999999999636e+04
1.206127861600000000e+10 1.648900000000000000e+04
1.225191880800000000e+10 2.326400000000000000e+04
1.227202807200000000e+10 1.789700000000000000e+04
1.239229044000000000e+10 2.060400000000000000e+04
1.240733029600000000e+10 1.632200000000000000e+04
1.241292744800000000e+10 1.336999999999999272e+04
1.246507085600000000e+10 1.406700000000000728e+04
1.248069869600000000e+10 1.194199999999999272e+04
1.248708117600000000e+10 9.863000000000000000e+03
1.255024143200000000e+10 1.186999999999999272e+04
1.263149951200000000e+10 1.369600000000000000e+04
1.266645012000000000e+10 1.253700000000000728e+04
1.267905080800000000e+10 1.052899999999999636e+04
1.272723610400000000e+10 1.083400000000000364e+04
1.279146402400000000e+10 1.185600000000000728e+04
1.291637386400000000e+10 1.550499999999999272e+04
1.299956103200000000e+10 1.626600000000000000e+04
1.301188647200000000e+10 1.333800000000000728e+04
1.308044024800000000e+10 1.423999999999999272e+04
1.308632292000000000e+10 1.124799999999999272e+04
1.315419431200000000e+10 1.320000000000000364e+04
1.350329676000000000e+10 2.787100000000000000e+04
1.353765087200000000e+10 2.276900000000000000e+04
1.358181023200000000e+10 1.943300000000000000e+04
1.358673384800000000e+10 1.495099999999999272e+04
1.360434178400000000e+10 1.339299999999999636e+04
1.361032245600000000e+10 1.082299999999999272e+04
1.369067631200000000e+10 1.386200000000000000e+04
1.372850648800000000e+10 1.270699999999999636e+04
1.385261908000000000e+10 1.624800000000000000e+04
1.386001229600000000e+10 1.280700000000000000e+04
1.416605639200000000e+10 2.579000000000000000e+04
1.417246740000000000e+10 1.865300000000000000e+04
1.424590181600000000e+10 1.856100000000000000e+04
1.432697100000000000e+10 1.872400000000000000e+04
1.435820823200000000e+10 1.705800000000000000e+04
1.467197981600000000e+10 2.986900000000000728e+04
1.469967456800000000e+10 2.312600000000000000e+04
1.471689839200000000e+10 1.903200000000000000e+04
1.471814938400000000e+10 1.337600000000000364e+04
1.471827855200000000e+10 7.666999999999992724e+03
1.477752511200000000e+10 1.386999999999999272e+04
1.479610031200000000e+10 1.207399999999999272e+04
1.488981212000000000e+10 1.504500000000000364e+04
1.496705823200000000e+10 1.582300000000000000e+04
1.506031359200000000e+10 1.694400000000000000e+04
1.516337676000000000e+10 1.867300000000000000e+04
1.520531207200000000e+10 1.638600000000000728e+04
1.524999050400000000e+10 1.573700000000000728e+04
1.543139832800000000e+10 2.228100000000000000e+04
1.545026538400000000e+10 1.752000000000000000e+04
1.545116996000000000e+10 1.263499999999999272e+04
1.545578383200000000e+10 1.088999999999999272e+04
1.554344128800000000e+10 1.426300000000000000e+04
1.554803970400000000e+10 1.120100000000000000e+04
1.559446272800000000e+10 1.200800000000000728e+04
1.564688359200000000e+10 1.187000000000000364e+04
1.566966452000000000e+10 1.060699999999999272e+04
1.570277634400000000e+10 1.038699999999999272e+04
1.574815640800000000e+10 1.072499999999999272e+04
1.580319104800000000e+10 1.109500000000000728e+04
1.586334575200000000e+10 1.172200000000000728e+04
1.587532647200000000e+10 9.693000000000007276e+03
1.590712364000000000e+10 9.712999999999996362e+03
1.600494914400000000e+10 1.248099999999999636e+04
1.612962312800000000e+10 1.568900000000000000e+04
1.612976304800000000e+10 9.465000000000000000e+03
1.626005424800000000e+10 1.705800000000000000e+04
1.630260164000000000e+10 1.574300000000000000e+04
1.648443629600000000e+10 2.074400000000000000e+04
1.649213668000000000e+10 1.645899999999999636e+04
1.671832180000000000e+10 2.538100000000000728e+04
1.673934524000000000e+10 1.952100000000000000e+04
1.674099860000000000e+10 1.500799999999999272e+04
1.676206748000000000e+10 1.379499999999999272e+04
1.681901397600000000e+10 1.453099999999999636e+04
1.703659560800000000e+10 2.244200000000000000e+04
1.703788500000000000e+10 1.670499999999999272e+04
1.715396429600000000e+10 1.998200000000000000e+04
1.725701562400000000e+10 2.142400000000000000e+04
1.750454156000000000e+10 2.880400000000000000e+04
1.783131088800000000e+10 4.164700000000000000e+04
1.794606063200000000e+10 3.281900000000000728e+04
1.809560852000000000e+10 3.287100000000000000e+04
1.812816992800000000e+10 2.595200000000000000e+04
1.815736445600000000e+10 2.136000000000000728e+04
1.873164818400000000e+10 4.711300000000000000e+04
1.873936944800000000e+10 3.043200000000000000e+04
1.878039253600000000e+10 2.611000000000000000e+04
1.878046253600000000e+10 6.843000000000003638e+03
1.878801386400000000e+10 1.763600000000000000e+04
1.880611935200000000e+10 1.546800000000000000e+04
1.884216359200000000e+10 1.483999999999999636e+04
1.886318221600000000e+10 1.311899999999999636e+04
1.902474642400000000e+10 1.921600000000000000e+04
1.907210480800000000e+10 1.760100000000000728e+04
1.907412818400000000e+10 1.311900000000000000e+04
1.908082738400000000e+10 1.098200000000000364e+04
1.917825858400000000e+10 1.445600000000000364e+04
1.922963759200000000e+10 1.443199999999999636e+04
1.923046008800000000e+10 1.063300000000000000e+04
1.984529852000000000e+10 4.027800000000000000e+04
1.986331108000000000e+10 2.956900000000000000e+04
1.988186104800000000e+10 2.261500000000000000e+04
1.993332562400000000e+10 2.169600000000000000e+04
1.996379152800000000e+10 1.791100000000000000e+04
2.000371178400000000e+10 1.631300000000000000e+04
2.000400957600000000e+10 1.188500000000000000e+04
2.003962756000000000e+10 1.273700000000000000e+04
2.005666023200000000e+10 1.116700000000000364e+04
2.034060160800000000e+10 2.465300000000000000e+04
2.041240301600000000e+10 2.152900000000000000e+04
2.048615114400000000e+10 2.045600000000000000e+04
2.056674525600000000e+10 2.024000000000000000e+04
2.059338181600000000e+10 1.685699999999999636e+04
2.070537136800000000e+10 1.962400000000000000e+04
2.071636868000000000e+10 1.517699999999999636e+04
2.072581757600000000e+10 1.257600000000000364e+04
2.088854983200000000e+10 1.865000000000000000e+04
2.104030007200000000e+10 2.185400000000000000e+04
2.105029911200000000e+10 1.731900000000000728e+04
2.114524472800000000e+10 1.896900000000000000e+04
2.141924010400000000e+10 2.827900000000000000e+04
2.147690087200000000e+10 2.490200000000000728e+04
2.149393716000000000e+10 2.024600000000000000e+04
2.185696676000000000e+10 3.343999999999999272e+04
2.188989528800000000e+10 2.508800000000000000e+04
2.193262828000000000e+10 2.264800000000000000e+04
2.193268836000000000e+10 3.267000000000000000e+03
2.197425079200000000e+10 1.832900000000000000e+04
2.198952642400000000e+10 1.555199999999999636e+04
2.233598109600000000e+10 3.202999999999999272e+04
2.238612114400000000e+10 2.465500000000000728e+04
2.241958696800000000e+10 2.064800000000000000e+04
2.255723978400000000e+10 2.401500000000000728e+04
2.263794879200000000e+10 2.273700000000000000e+04
2.271455584800000000e+10 2.044099999999999272e+04
2.286250426400000000e+10 2.529500000000000728e+04
2.292369384800000000e+10 2.224100000000000000e+04
2.316456677600000000e+10 2.941600000000000000e+04
2.321203226400000000e+10 2.439600000000000000e+04
2.335728112800000000e+10 2.738200000000000728e+04
2.347733679200000000e+10 2.680500000000000728e+04
2.350196743200000000e+10 2.153700000000000000e+04
2.354034277600000000e+10 1.895500000000000000e+04
2.365226852000000000e+10 2.128200000000000000e+04
2.372921836000000000e+10 2.080600000000000000e+04
2.373254047200000000e+10 1.516200000000000728e+04
2.375937236000000000e+10 1.406200000000000364e+04
2.385690784800000000e+10 1.694600000000000000e+04
2.391299554400000000e+10 1.640400000000000000e+04
2.397869397600000000e+10 1.612200000000000000e+04
2.405814031200000000e+10 1.719200000000000728e+04
2.423215994400000000e+10 2.258200000000000000e+04
2.423321648800000000e+10 1.559900000000000728e+04
2.453274516000000000e+10 2.986600000000000000e+04
2.465656247200000000e+10 2.897399999999999272e+04
2.472945751200000000e+10 2.439200000000000000e+04
2.483447944800000000e+10 2.569700000000000000e+04
2.496150621600000000e+10 2.547400000000000000e+04
2.507065247200000000e+10 2.623500000000000000e+04
2.533004741600000000e+10 3.360700000000000000e+04
2.538317256800000000e+10 2.634900000000000000e+04
2.538332472800000000e+10 1.996800000000000728e+04
2.543748599200000000e+10 1.989600000000000000e+04
2.553123424800000000e+10 2.091200000000000000e+04
2.555592530400000000e+10 1.689700000000000000e+04
2.562753399200000000e+10 1.770700000000000000e+04
2.568388248800000000e+10 1.673500000000000000e+04
2.571367468000000000e+10 1.496800000000000364e+04
2.577380516000000000e+10 1.494399999999999636e+04
2.580853479200000000e+10 1.382400000000000000e+04
2.582765629600000000e+10 1.234300000000000728e+04
2.596135108000000000e+10 1.673100000000000000e+04
2.610132684000000000e+10 1.934200000000000000e+04
2.613169736800000000e+10 1.660100000000000000e+04
2.626960282400000000e+10 1.963300000000000000e+04
2.640500330400000000e+10 2.354500000000000000e+04
2.645443280800000000e+10 1.974300000000000000e+04
2.645714432800000000e+10 1.484700000000000728e+04
2.666114247200000000e+10 2.349600000000000000e+04
2.671981442400000000e+10 2.079300000000000000e+04
2.683016448800000000e+10 2.160000000000000000e+04
2.693600600800000000e+10 2.181700000000000000e+04
2.693615504800000000e+10 1.379000000000000728e+04
2.698292775200000000e+10 1.676500000000000364e+04
2.722105125600000000e+10 2.615900000000000000e+04
2.722112828000000000e+10 7.975000000000003638e+03
2.723902634400000000e+10 1.746400000000000728e+04
2.731641650400000000e+10 1.892100000000000000e+04
2.739662730400000000e+10 1.872900000000000000e+04
2.747205365600000000e+10 1.921300000000000000e+04
2.762081434400000000e+10 2.163000000000000728e+04
2.770599613600000000e+10 2.192900000000000000e+04
2.770614175200000000e+10 1.294100000000000728e+04
2.770627258400000000e+10 7.432000000000000000e+03
2.791846432800000000e+10 2.272000000000000000e+04
2.804454157600000000e+10 2.599100000000000000e+04
2.808124508000000000e+10 1.977700000000000000e+04
2.820923060000000000e+10 2.347600000000000000e+04
2.823513159200000000e+10 1.954900000000000000e+04
2.829287223200000000e+10 1.759200000000000000e+04
2.829299368800000000e+10 9.248000000000000000e+03
2.847370020000000000e+10 2.089300000000000000e+04
2.850877413600000000e+10 1.824800000000000000e+04
2.866605647200000000e+10 2.331200000000000000e+04
2.870232076000000000e+10 2.042600000000000000e+04
2.882527735200000000e+10 2.147500000000000000e+04
2.890481954400000000e+10 2.086600000000000000e+04
2.894605186400000000e+10 1.829800000000000000e+04
2.894614351200000000e+10 7.622000000000003638e+03
2.897616999200000000e+10 1.445900000000000000e+04
2.914814434400000000e+10 2.026900000000000000e+04
2.927609988000000000e+10 2.278500000000000000e+04
2.933629653600000000e+10 2.088400000000000000e+04
2.943442237600000000e+10 2.072100000000000000e+04
2.950936376800000000e+10 1.995100000000000000e+04
2.953446834400000000e+10 1.684700000000000000e+04
2.955898391200000000e+10 1.424799999999999636e+04
2.959403120800000000e+10 1.380599999999999272e+04
2.960195631200000000e+10 1.115400000000000000e+04
2.961950212000000000e+10 1.016700000000000364e+04
2.976953421600000000e+10 1.608500000000000000e+04
2.977054375200000000e+10 1.197200000000000728e+04
2.977066224800000000e+10 5.783999999999996362e+03
2.981962962400000000e+10 1.157800000000000364e+04
2.983597516000000000e+10 1.003400000000000000e+04
2.995188575200000000e+10 1.424999999999999272e+04
3.016482063200000000e+10 2.152900000000000000e+04
3.021447351200000000e+10 1.976200000000000000e+04
3.031497552800000000e+10 1.971200000000000000e+04
3.036173512800000000e+10 1.708800000000000000e+04
3.039823448800000000e+10 1.598300000000000364e+04
3.047556588000000000e+10 1.669400000000000000e+04
3.049094940000000000e+10 1.389500000000000728e+04
3.049102183200000000e+10 2.278999999999996362e+03
3.049362114400000000e+10 9.739999999999996362e+03
3.052149460000000000e+10 1.034800000000000000e+04
3.062495402400000000e+10 1.401600000000000364e+04
3.073696620000000000e+10 1.597699999999999272e+04
3.075363338400000000e+10 1.364800000000000000e+04
3.085967791200000000e+10 1.654900000000000000e+04
3.090606015200000000e+10 1.520999999999999272e+04
3.093400829600000000e+10 1.370399999999999272e+04
3.095656844000000000e+10 1.188700000000000364e+04
3.099672396000000000e+10 1.177699999999999272e+04
3.124564871200000000e+10 2.080000000000000000e+04
3.149220556000000000e+10 2.774300000000000000e+04
3.156117575200000000e+10 2.549500000000000728e+04
3.161879172000000000e+10 2.238300000000000000e+04
3.165577101600000000e+10 1.937000000000000000e+04
3.166149028000000000e+10 1.478399999999999636e+04
3.168116039200000000e+10 1.321599999999999272e+04
3.183333047200000000e+10 1.888500000000000000e+04
3.211189597600000000e+10 2.946800000000000000e+04
3.222638564000000000e+10 2.792800000000000728e+04
3.222646394400000000e+10 9.385999999999992724e+03
3.233945701600000000e+10 2.360000000000000000e+04
3.239552868000000000e+10 2.132800000000000728e+04
3.239567727200000000e+10 1.298399999999999272e+04
3.241655980000000000e+10 1.486500000000000364e+04
3.246212597600000000e+10 1.494500000000000728e+04
3.250608570400000000e+10 1.414700000000000728e+04
3.255292672800000000e+10 1.399200000000000364e+04
3.256489610400000000e+10 1.160800000000000000e+04
3.267701671200000000e+10 1.481900000000000000e+04
3.269428596000000000e+10 1.281999999999999636e+04
3.288819333600000000e+10 2.027200000000000000e+04
3.318251381600000000e+10 3.125000000000000000e+04
3.322396292000000000e+10 2.418900000000000728e+04
3.325781311200000000e+10 1.998200000000000000e+04
3.332825504800000000e+10 2.024600000000000000e+04
3.342839868000000000e+10 2.144000000000000000e+04
3.346073122400000000e+10 1.623999999999999636e+04
3.351345960800000000e+10 1.593699999999999636e+04
3.354231447200000000e+10 1.422399999999999636e+04
3.385056180000000000e+10 2.757300000000000000e+04
3.385062682400000000e+10 6.427000000000003638e+03
3.391335295200000000e+10 2.186000000000000000e+04
3.391848597600000000e+10 1.702799999999999272e+04
3.392361856800000000e+10 1.285600000000000364e+04
3.394178448800000000e+10 1.194299999999999636e+04
3.402394178400000000e+10 1.477199999999999272e+04
3.421970764000000000e+10 2.045600000000000000e+04
3.428391120800000000e+10 1.983200000000000000e+04
3.429664274400000000e+10 1.602300000000000728e+04
3.431958218400000000e+10 1.394400000000000000e+04
3.433996895200000000e+10 1.231200000000000364e+04
3.445196328800000000e+10 1.568800000000000000e+04
3.455645042400000000e+10 1.728000000000000000e+04
3.456233292000000000e+10 1.349700000000000364e+04
3.458469018400000000e+10 1.192999999999999272e+04
3.465651992800000000e+10 1.364000000000000728e+04
3.483620799200000000e+10 2.016500000000000000e+04
3.489027149600000000e+10 1.763600000000000000e+04
3.489038200800000000e+10 8.915999999999996362e+03
3.489401962400000000e+10 1.166699999999999636e+04
3.494767725600000000e+10 1.311000000000000000e+04
3.495144104800000000e+10 1.044699999999999272e+04
3.532851516000000000e+10 2.759700000000000000e+04
3.548254432800000000e+10 2.887600000000000000e+04
3.564197010400000000e+10 3.259900000000000000e+04
3.576749370400000000e+10 2.889900000000000000e+04
3.582165690400000000e+10 2.529600000000000000e+04
3.593363813600000000e+10 2.426600000000000000e+04
3.613564650400000000e+10 3.093100000000000000e+04
3.617982068000000000e+10 2.403400000000000000e+04
3.626568591200000000e+10 2.404000000000000000e+04
3.632526124000000000e+10 2.137900000000000000e+04
3.636538738400000000e+10 1.863800000000000728e+04
3.638095981600000000e+10 1.523999999999999272e+04
3.648511781600000000e+10 1.770100000000000000e+04
3.654755660000000000e+10 1.821600000000000000e+04
3.659647797600000000e+10 1.615300000000000000e+04
3.688797908000000000e+10 2.718399999999999272e+04
3.702329314400000000e+10 2.991999999999999272e+04
3.712902269600000000e+10 2.732799999999999272e+04
3.715352248800000000e+10 2.045500000000000000e+04
3.724539472800000000e+10 2.176900000000000000e+04
3.728020770400000000e+10 1.857100000000000000e+04
3.734664781600000000e+10 1.820800000000000000e+04
3.736752983200000000e+10 1.522100000000000000e+04
3.750793328800000000e+10 1.946900000000000000e+04
3.755457455200000000e+10 1.811500000000000000e+04
3.756723938400000000e+10 1.469600000000000364e+04
3.767831375200000000e+10 1.793700000000000000e+04
3.767843781600000000e+10 9.458000000000000000e+03
3.782713959200000000e+10 1.992000000000000000e+04
3.785237234400000000e+10 1.653000000000000000e+04
3.803033260000000000e+10 2.327100000000000000e+04
3.814965698400000000e+10 2.392200000000000000e+04
3.839210964000000000e+10 2.873700000000000000e+04
3.845298866400000000e+10 2.529499999999999272e+04
3.847539474400000000e+10 2.137600000000000000e+04
3.848756696800000000e+10 1.630599999999999636e+04
3.858350988000000000e+10 1.868800000000000000e+04
3.860497656800000000e+10 1.575599999999999272e+04
3.867232447200000000e+10 1.624000000000000728e+04
3.871956996000000000e+10 1.547699999999999272e+04
3.874371476000000000e+10 1.359200000000000728e+04
3.885163325600000000e+10 1.662399999999999636e+04
3.893298632800000000e+10 1.717700000000000000e+04
3.898610351200000000e+10 1.662200000000000364e+04
3.907186975200000000e+10 1.769200000000000000e+04
3.913225181600000000e+10 1.649000000000000000e+04
3.914485373600000000e+10 1.384600000000000364e+04
3.915059623200000000e+10 1.077599999999999272e+04
3.916537044000000000e+10 9.863000000000000000e+03
3.916551412000000000e+10 6.427999999999996362e+03
3.923252847200000000e+10 1.073200000000000728e+04
3.930714365600000000e+10 1.244600000000000728e+04
3.937130274400000000e+10 1.321400000000000000e+04
3.941847248800000000e+10 1.269900000000000728e+04
3.956602444000000000e+10 1.740099999999999636e+04
3.958005749600000000e+10 1.378000000000000728e+04
3.960128709600000000e+10 1.251300000000000000e+04
3.965749423200000000e+10 1.308100000000000000e+04
3.970819957600000000e+10 1.311399999999999636e+04
3.972777778400000000e+10 1.130100000000000728e+04
3.977084536800000000e+10 1.161700000000000000e+04
3.985575258400000000e+10 1.360600000000000364e+04
3.985780316000000000e+10 1.023100000000000364e+04
4.012668711200000000e+10 2.248800000000000000e+04
4.014783220000000000e+10 1.790499999999999636e+04
4.025535495200000000e+10 1.962600000000000000e+04
4.025550844000000000e+10 1.252600000000000728e+04
4.026216791200000000e+10 1.245000000000000728e+04
4.038585164000000000e+10 1.716100000000000000e+04
4.039152980000000000e+10 1.341299999999999272e+04
4.039166180000000000e+10 8.375000000000000000e+03
4.043487423200000000e+10 1.193399999999999636e+04
4.074841119200000000e+10 2.559000000000000728e+04
4.074847306400000000e+10 4.696999999999992724e+03
4.083394576800000000e+10 2.239700000000000000e+04
4.096051015200000000e+10 2.464900000000000000e+04
4.107247794400000000e+10 2.424699999999999272e+04
4.112695656800000000e+10 2.079100000000000000e+04
4.121806506400000000e+10 2.126900000000000000e+04
4.134303032800000000e+10 2.274000000000000000e+04
4.165306197600000000e+10 3.310899999999999272e+04
4.176028210400000000e+10 3.109400000000000728e+04
4.176668869600000000e+10 2.244900000000000000e+04
4.180333728800000000e+10 1.893800000000000000e+04
4.192233367200000000e+10 2.160900000000000000e+04
4.192241730400000000e+10 7.745999999999992724e+03
4.224461946400000000e+10 3.227300000000000000e+04
4.225524114400000000e+10 2.363100000000000728e+04
4.243071152800000000e+10 2.947800000000000000e+04
4.243335468000000000e+10 2.008300000000000000e+04
4.249470245600000000e+10 1.975200000000000000e+04
4.251757087200000000e+10 1.692799999999999272e+04
4.252236911200000000e+10 1.298400000000000728e+04
4.267687360800000000e+10 1.933300000000000000e+04
4.276481448800000000e+10 1.944000000000000000e+04
4.297555695200000000e+10 2.726500000000000000e+04
4.340655527200000000e+10 4.077300000000000000e+04
4.345633130400000000e+10 3.347400000000000000e+04
4.346609269600000000e+10 2.390800000000000000e+04
4.355983610400000000e+10 2.463200000000000000e+04
4.365337783200000000e+10 2.408000000000000000e+04
4.366125447200000000e+10 1.798800000000000000e+04
4.371459349600000000e+10 1.767200000000000000e+04
4.376461264800000000e+10 1.670999999999999636e+04
4.390565476000000000e+10 2.040200000000000000e+04
4.390796151200000000e+10 1.487200000000000000e+04
4.409512629600000000e+10 2.284800000000000000e+04
4.415507199200000000e+10 2.063200000000000000e+04
4.415669786400000000e+10 1.511400000000000728e+04
4.427802602400000000e+10 1.949600000000000000e+04
4.427810016800000000e+10 5.159999999999992724e+03
4.438160309600000000e+10 1.893900000000000000e+04
4.443219770400000000e+10 1.760199999999999636e+04
4.449346560800000000e+10 1.710700000000000000e+04
4.453459548000000000e+10 1.563900000000000364e+04
4.457959341600000000e+10 1.506300000000000364e+04
4.462586260000000000e+10 1.453500000000000728e+04
4.466398415200000000e+10 1.381700000000000728e+04
4.471972914400000000e+10 1.382999999999999272e+04
4.475124138400000000e+10 1.242100000000000364e+04
4.483418805600000000e+10 1.416300000000000000e+04
4.486865164000000000e+10 1.303199999999999272e+04
4.490834544800000000e+10 1.242800000000000364e+04
4.495802488800000000e+10 1.283500000000000000e+04
4.498286194400000000e+10 1.130499999999999636e+04
4.512223312800000000e+10 1.594699999999999272e+04
4.512231386400000000e+10 4.746000000000003638e+03
4.521731013600000000e+10 1.619200000000000000e+04
4.522124743200000000e+10 1.240100000000000000e+04
4.535787074400000000e+10 1.705100000000000728e+04
4.546350645600000000e+10 1.904200000000000000e+04
4.550542565600000000e+10 1.670400000000000364e+04
4.567881224800000000e+10 2.180700000000000000e+04
4.567892045600000000e+10 1.100600000000000364e+04
4.577619568800000000e+10 2.018600000000000000e+04
4.592363287200000000e+10 2.306700000000000000e+04
4.594043116000000000e+10 1.798799999999999636e+04
4.594049799200000000e+10 3.800000000000000000e+03
4.599157178400000000e+10 1.687200000000000728e+04
4.613755266400000000e+10 2.069700000000000000e+04
4.613824159200000000e+10 1.469500000000000000e+04
4.615645581600000000e+10 1.343699999999999636e+04
4.630454476000000000e+10 1.872100000000000000e+04
4.653529528800000000e+10 2.625400000000000000e+04
4.659460040800000000e+10 2.312499999999999272e+04
4.671442420000000000e+10 2.336300000000000000e+04
4.681836418400000000e+10 2.381400000000000000e+04
4.684055271200000000e+10 1.944000000000000000e+04
4.684441751200000000e+10 1.438700000000000364e+04
4.689571343200000000e+10 1.542499999999999636e+04
4.705417218400000000e+10 2.008100000000000000e+04
4.708467389600000000e+10 1.719600000000000000e+04
4.714344656800000000e+10 1.708400000000000000e+04
4.717685664800000000e+10 1.548799999999999636e+04
4.737780253600000000e+10 2.233700000000000000e+04
4.737792679200000000e+10 1.274399999999999636e+04
4.739366204000000000e+10 1.458300000000000728e+04
4.742132594400000000e+10 1.322400000000000364e+04
4.744058978400000000e+10 1.164900000000000728e+04
4.751803970400000000e+10 1.402700000000000728e+04
4.755618717600000000e+10 1.305600000000000000e+04
4.756096580000000000e+10 1.024400000000000000e+04
4.756421804000000000e+10 8.200999999999996362e+03
4.762238244000000000e+10 1.034899999999999636e+04
4.764843586400000000e+10 9.660000000000007276e+03
4.767662045600000000e+10 9.264000000000007276e+03
4.786533298400000000e+10 1.659200000000000000e+04
4.795918375200000000e+10 1.800600000000000000e+04
4.803904860000000000e+10 1.785800000000000000e+04
4.806118228000000000e+10 1.424100000000000000e+04
4.806664007200000000e+10 1.153600000000000364e+04
4.811041730400000000e+10 1.216500000000000364e+04
4.811107119200000000e+10 9.050000000000000000e+03
4.812024487200000000e+10 8.214999999999992724e+03
4.823848517600000000e+10 1.307200000000000364e+04
4.832856578400000000e+10 1.474799999999999636e+04
4.834020877600000000e+10 1.191299999999999636e+04
4.834462824800000000e+10 9.492999999999996362e+03
4.835564103200000000e+10 8.571000000000000000e+03
4.838749944800000000e+10 8.942999999999992724e+03
4.854111045600000000e+10 1.472600000000000000e+04
4.861709789600000000e+10 1.554299999999999272e+04
4.877978476000000000e+10 2.021300000000000000e+04
4.877990392800000000e+10 1.101100000000000000e+04
4.887080132000000000e+10 1.784000000000000000e+04
4.887105511200000000e+10 1.259800000000000364e+04
4.887115741600000000e+10 5.056999999999992724e+03
4.888856128800000000e+10 1.107300000000000000e+04
4.894890861600000000e+10 1.242400000000000728e+04
4.898062613600000000e+10 1.166799999999999636e+04
4.901599946400000000e+10 1.132899999999999636e+04
4.903822396000000000e+10 1.009900000000000364e+04
4.905237218400000000e+10 8.777999999999996362e+03
4.934922261600000000e+10 2.086900000000000000e+04
4.954700172000000000e+10 2.638800000000000000e+04
4.964067311200000000e+10 2.388800000000000000e+04
4.971342450400000000e+10 2.217000000000000000e+04
4.971364607200000000e+10 1.719299999999999636e+04
4.985100498400000000e+10 2.229200000000000000e+04
5.001424919200000000e+10 2.552900000000000000e+04
5.002383432800000000e+10 1.856300000000000000e+04
5.004762904800000000e+10 1.670499999999999272e+04
5.005196448800000000e+10 1.296000000000000728e+04
5.008532810400000000e+10 1.259099999999999636e+04
5.012551293600000000e+10 1.254700000000000000e+04
5.018229936800000000e+10 1.305000000000000364e+04
5.033518527200000000e+10 1.824900000000000000e+04
5.058524661600000000e+10 2.712500000000000000e+04
5.063849773600000000e+10 2.168000000000000000e+04
5.064765943200000000e+10 1.764800000000000364e+04
5.073882728800000000e+10 1.969400000000000000e+04
5.074874160800000000e+10 1.520899999999999272e+04
5.078766772000000000e+10 1.481700000000000364e+04
5.095016477600000000e+10 1.991500000000000000e+04
5.097855656800000000e+10 1.692100000000000000e+04
5.099304026400000000e+10 1.428800000000000728e+04
5.100761170400000000e+10 1.200300000000000000e+04
5.109238476000000000e+10 1.468899999999999272e+04
5.109263797600000000e+10 1.089000000000000000e+04
5.116124786400000000e+10 1.292100000000000728e+04
5.124927605600000000e+10 1.489200000000000000e+04
5.131295772000000000e+10 1.486000000000000000e+04
5.132413112800000000e+10 1.184800000000000364e+04
5.133249927200000000e+10 9.951000000000003638e+03
5.149624583200000000e+10 1.640000000000000000e+04
5.154744268000000000e+10 1.548699999999999636e+04
5.158783848800000000e+10 1.432799999999999636e+04
5.163073818400000000e+10 1.377700000000000728e+04
5.168610740000000000e+10 1.373599999999999636e+04
5.174954509600000000e+10 1.445999999999999636e+04
5.187261711200000000e+10 1.759200000000000000e+04
5.195014455200000000e+10 1.750800000000000364e+04
5.200925816800000000e+10 1.681899999999999272e+04
5.206323352800000000e+10 1.617100000000000000e+04
5.206486060000000000e+10 1.223100000000000728e+04
5.209477181600000000e+10 1.200700000000000000e+04
5.233832996000000000e+10 2.234400000000000000e+04
5.234415207200000000e+10 1.663900000000000000e+04
5.244623375200000000e+10 1.876400000000000000e+04
5.253330072800000000e+10 1.945200000000000000e+04
5.257938151200000000e+10 1.744800000000000000e+04
5.260320328800000000e+10 1.504600000000000364e+04
5.263920776800000000e+10 1.390499999999999636e+04
5.268034256800000000e+10 1.314400000000000000e+04
5.277857746400000000e+10 1.547600000000000000e+04
5.285578786400000000e+10 1.624000000000000000e+04
5.288906544800000000e+10 1.468900000000000728e+04
5.293483852000000000e+10 1.401700000000000364e+04
5.298964874400000000e+10 1.404600000000000364e+04
5.302115855200000000e+10 1.263000000000000000e+04
5.304004829600000000e+10 1.083699999999999636e+04
5.335095293600000000e+10 2.383899999999999272e+04
5.361473684000000000e+10 3.184100000000000728e+04
5.363171455200000000e+10 2.465900000000000000e+04
5.365986727200000000e+10 1.927500000000000000e+04
5.372568832800000000e+10 1.968100000000000000e+04
5.392160303200000000e+10 2.608500000000000000e+04
5.403040333600000000e+10 2.415999999999999272e+04
5.422123840800000000e+10 3.006099999999999272e+04
5.443741904800000000e+10 3.337000000000000000e+04
5.444454367200000000e+10 2.330500000000000000e+04
5.447142367200000000e+10 2.067200000000000000e+04
5.449009050400000000e+10 1.751500000000000000e+04
5.474778848800000000e+10 2.880800000000000000e+04
5.479852063200000000e+10 2.274600000000000000e+04
5.480877567200000000e+10 1.720800000000000000e+04
5.482566432800000000e+10 1.524700000000000728e+04
5.484522567200000000e+10 1.343900000000000000e+04
5.486895818400000000e+10 1.228800000000000728e+04
5.491899666400000000e+10 1.272900000000000000e+04
5.500007738400000000e+10 1.457400000000000364e+04
5.510208415200000000e+10 1.713200000000000728e+04
5.515999469600000000e+10 1.585599999999999636e+04
5.523500450400000000e+10 1.701900000000000000e+04
5.528159365600000000e+10 1.525099999999999636e+04
5.532583232800000000e+10 1.434399999999999272e+04
5.543316245600000000e+10 1.706400000000000364e+04
5.543964333600000000e+10 1.320900000000000000e+04
5.546289148000000000e+10 1.194399999999999272e+04
5.563334783200000000e+10 1.809900000000000000e+04
5.577484124000000000e+10 2.080700000000000000e+04
5.583315314400000000e+10 1.949600000000000000e+04
5.588042596000000000e+10 1.869600000000000000e+04
5.590125962400000000e+10 1.482299999999999272e+04
5.606733018400000000e+10 2.065900000000000000e+04
5.612638818400000000e+10 1.866400000000000000e+04
5.620527492000000000e+10 1.897700000000000000e+04
5.621160543200000000e+10 1.486399999999999636e+04
5.629052060000000000e+10 1.636900000000000000e+04
5.633380149600000000e+10 1.553500000000000000e+04
5.649227445600000000e+10 2.064300000000000000e+04
5.656719308000000000e+10 1.963199999999999272e+04
5.683943525600000000e+10 2.769200000000000000e+04
5.686198612000000000e+10 2.255900000000000000e+04
5.693357911200000000e+10 2.205700000000000000e+04
5.717199877600000000e+10 2.930800000000000000e+04
5.731881852000000000e+10 2.995200000000000000e+04
5.732413732000000000e+10 2.023200000000000000e+04
5.735169476000000000e+10 1.823200000000000000e+04
5.739863906400000000e+10 1.740600000000000000e+04
5.757338872800000000e+10 2.371899999999999272e+04
5.768928154400000000e+10 2.344800000000000000e+04
5.772089362400000000e+10 1.901000000000000000e+04
5.780434394400000000e+10 1.982400000000000000e+04
5.791787525600000000e+10 2.191500000000000000e+04
5.791889055200000000e+10 1.594399999999999272e+04
5.791896800800000000e+10 4.118000000000003638e+03
5.803914440800000000e+10 1.831300000000000000e+04
5.805147296800000000e+10 1.477600000000000728e+04
5.806531392800000000e+10 1.247299999999999636e+04
5.810069919200000000e+10 1.268200000000000364e+04
5.813286344800000000e+10 1.188199999999999636e+04
5.817276272800000000e+10 1.165800000000000364e+04
5.832164468000000000e+10 1.630900000000000000e+04
5.842505644000000000e+10 1.817500000000000728e+04
5.844128424800000000e+10 1.481300000000000728e+04
5.853507738400000000e+10 1.687699999999999636e+04
5.891213207200000000e+10 3.268199999999999272e+04
5.891615634400000000e+10 2.240000000000000000e+04
5.899443645600000000e+10 2.290500000000000000e+04
5.903913586400000000e+10 2.002600000000000000e+04
5.912802504800000000e+10 2.024700000000000000e+04
5.952689807200000000e+10 3.770500000000000000e+04
5.954131591200000000e+10 2.730800000000000000e+04
5.977779080800000000e+10 3.312100000000000000e+04
5.988703090400000000e+10 2.926299999999999272e+04
5.996865170400000000e+10 2.885500000000000000e+04
6.001294775200000000e+10 2.266000000000000000e+04
6.018627549600000000e+10 2.674200000000000728e+04
6.039309613600000000e+10 3.111300000000000000e+04
6.039513186400000000e+10 2.240300000000000000e+04
6.042474732000000000e+10 1.966700000000000000e+04
6.048377757600000000e+10 1.872100000000000000e+04
6.049109776800000000e+10 1.498700000000000728e+04
6.052383874400000000e+10 1.386800000000000364e+04
6.054329517600000000e+10 1.214200000000000728e+04
6.055428570400000000e+10 1.043899999999999272e+04
6.061269557600000000e+10 1.205400000000000000e+04
6.066439896800000000e+10 1.253499999999999636e+04
6.066821711200000000e+10 9.624999999999992724e+03
6.070349380000000000e+10 1.002899999999999636e+04
6.081473965600000000e+10 1.351200000000000000e+04
6.094999146400000000e+10 1.712100000000000000e+04
6.095035330400000000e+10 1.251099999999999272e+04
6.095045476000000000e+10 5.307999999999996362e+03
6.096351074400000000e+10 1.037299999999999272e+04
6.100180357600000000e+10 1.093000000000000364e+04
6.128962944800000000e+10 2.288700000000000000e+04
6.135482762400000000e+10 2.020299999999999272e+04
6.138504453600000000e+10 1.712100000000000000e+04
6.148350684000000000e+10 1.904800000000000000e+04
6.160630344800000000e+10 2.115600000000000000e+04
6.168423031200000000e+10 2.082500000000000000e+04
6.205736578400000000e+10 3.661900000000000000e+04
6.206716487200000000e+10 2.417100000000000000e+04
6.219139599200000000e+10 2.694399999999999272e+04
6.225776272800000000e+10 2.419400000000000000e+04
6.245049820000000000e+10 2.869499999999999272e+04
6.245055664800000000e+10 4.381000000000003638e+03
6.257204218400000000e+10 2.630699999999999272e+04
6.258876874400000000e+10 2.000800000000000000e+04
6.261793740000000000e+10 1.760100000000000000e+04
6.272961680800000000e+10 2.020300000000000000e+04
6.299596781600000000e+10 2.855799999999999272e+04
6.304697832800000000e+10 2.353500000000000000e+04
6.319291285600000000e+10 2.589200000000000000e+04
6.322124418400000000e+10 2.064700000000000000e+04
6.333214772000000000e+10 2.266199999999999272e+04
6.336115965600000000e+10 1.894600000000000000e+04
6.341003237600000000e+10 1.800800000000000000e+04
6.351491653600000000e+10 1.940200000000000000e+04
6.360035460000000000e+10 2.008300000000000000e+04
6.370125644000000000e+10 2.027200000000000000e+04
6.382759066400000000e+10 2.325800000000000000e+04
6.382766658400000000e+10 7.479000000000007276e+03
6.383459428000000000e+10 1.518600000000000364e+04
6.384773172000000000e+10 1.311600000000000000e+04
6.386484132000000000e+10 1.125700000000000364e+04
6.408527296800000000e+10 2.067500000000000000e+04
6.427469757600000000e+10 2.532800000000000728e+04
6.437069068000000000e+10 2.402099999999999272e+04
6.437089224800000000e+10 1.180899999999999636e+04
6.441899164000000000e+10 1.742900000000000000e+04
6.442963704800000000e+10 1.416799999999999272e+04
6.455639703200000000e+10 1.826100000000000000e+04
6.457393074400000000e+10 1.539500000000000000e+04
6.460142452000000000e+10 1.356300000000000364e+04
6.463040562400000000e+10 1.270399999999999636e+04
6.467660968800000000e+10 1.304900000000000364e+04
6.476169866400000000e+10 1.478499999999999272e+04
6.493015861600000000e+10 2.047300000000000000e+04
6.493024812000000000e+10 4.991000000000000000e+03
6.503003152800000000e+10 1.919900000000000000e+04
6.523066192800000000e+10 2.606400000000000000e+04
6.532888509600000000e+10 2.498400000000000000e+04
6.537622447200000000e+10 2.120500000000000000e+04
6.548477424800000000e+10 2.250000000000000000e+04
6.549176688800000000e+10 1.656199999999999636e+04
6.565507120800000000e+10 2.336000000000000000e+04
6.572093450400000000e+10 2.078400000000000000e+04
6.574528287200000000e+10 1.797300000000000000e+04
6.588404490400000000e+10 2.120300000000000000e+04
6.592144570400000000e+10 1.808700000000000000e+04
6.613946160800000000e+10 2.731800000000000000e+04
6.620435188000000000e+10 2.245099999999999272e+04
6.622591578400000000e+10 1.809000000000000000e+04
6.629193458400000000e+10 1.872100000000000000e+04
6.634630674400000000e+10 1.742400000000000000e+04
6.636875340000000000e+10 1.449700000000000728e+04
6.643044789600000000e+10 1.537400000000000364e+04
6.645014623200000000e+10 1.299900000000000364e+04
6.658861637600000000e+10 1.760200000000000000e+04
6.662997884000000000e+10 1.575199999999999272e+04
6.679222029600000000e+10 2.137600000000000000e+04
6.683088471200000000e+10 1.804400000000000000e+04
6.685176501600000000e+10 1.507600000000000728e+04
6.723139557600000000e+10 3.058500000000000000e+04
6.723236247200000000e+10 2.226400000000000000e+04
6.728591576800000000e+10 2.073200000000000000e+04
6.731412928800000000e+10 1.798500000000000000e+04
6.736649498400000000e+10 1.695300000000000000e+04
6.749942776800000000e+10 2.074400000000000000e+04
6.763557548000000000e+10 2.432000000000000000e+04
6.767880680800000000e+10 1.952100000000000000e+04
6.768104600800000000e+10 1.501900000000000000e+04
6.768259839200000000e+10 1.102200000000000364e+04
6.770302101600000000e+10 1.118600000000000000e+04
6.772357711200000000e+10 1.026799999999999636e+04
6.772370629600000000e+10 5.699000000000007276e+03
6.773975941600000000e+10 8.256000000000003638e+03
6.780303941600000000e+10 1.031500000000000000e+04
6.807422640800000000e+10 2.088000000000000000e+04
6.821073088800000000e+10 2.288699999999999272e+04
6.822073764000000000e+10 1.683699999999999636e+04
6.827181413600000000e+10 1.710500000000000000e+04
6.834768069600000000e+10 1.703200000000000000e+04
6.838939178400000000e+10 1.548299999999999636e+04
6.841285402400000000e+10 1.367799999999999272e+04
6.842602802400000000e+10 1.171500000000000364e+04
6.850449714400000000e+10 1.352999999999999272e+04
6.855293202400000000e+10 1.320700000000000000e+04
6.865197850400000000e+10 1.588100000000000000e+04
6.920116341600000000e+10 4.128200000000000000e+04
6.926756901600000000e+10 3.453200000000000728e+04
6.937845962400000000e+10 2.975000000000000000e+04
6.938624533600000000e+10 2.077000000000000000e+04
6.938630359200000000e+10 2.650999999999992724e+03
6.943227949600000000e+10 1.801900000000000000e+04
6.951870634400000000e+10 1.905400000000000000e+04
6.956433624800000000e+10 1.800800000000000000e+04
6.961630853600000000e+10 1.680500000000000000e+04
6.980653175200000000e+10 2.266999999999999272e+04
6.980661020000000000e+10 8.187999999999996362e+03
6.991095573600000000e+10 2.158400000000000000e+04
6.991456368800000000e+10 1.606299999999999636e+04
6.991964716000000000e+10 1.294700000000000000e+04
6.992891285600000000e+10 1.096799999999999636e+04
6.994091778400000000e+10 9.642999999999992724e+03
6.997974612000000000e+10 1.056000000000000000e+04
7.017967104800000000e+10 1.798299999999999636e+04
7.027074204000000000e+10 1.893200000000000000e+04
7.045730872800000000e+10 2.513000000000000000e+04
7.063631592800000000e+10 2.831200000000000000e+04
7.063645514400000000e+10 2.139200000000000000e+04
7.067251733600000000e+10 1.823600000000000000e+04
7.084393151200000000e+10 2.419600000000000000e+04
7.091957500000000000e+10 2.230900000000000728e+04
7.091978989600000000e+10 1.512000000000000364e+04
7.096331151200000000e+10 1.600800000000000000e+04
7.124900850400000000e+10 2.803000000000000000e+04
7.144323514400000000e+10 3.137800000000000000e+04
7.146524208800000000e+10 2.456800000000000000e+04
7.148999836000000000e+10 2.026900000000000000e+04
7.160046322400000000e+10 2.155200000000000000e+04
7.166908341600000000e+10 2.048400000000000000e+04
7.167299826400000000e+10 1.548300000000000364e+04
7.179949674400000000e+10 1.966400000000000000e+04
7.181313079200000000e+10 1.535999999999999636e+04
7.186722652000000000e+10 1.574300000000000000e+04
7.187285055200000000e+10 1.247600000000000728e+04
7.205115784800000000e+10 1.931300000000000000e+04
7.205134132000000000e+10 1.325699999999999272e+04
7.205398874400000000e+10 1.140299999999999636e+04
7.210972932000000000e+10 1.350599999999999636e+04
7.211830981600000000e+10 1.090400000000000000e+04
7.226683901600000000e+10 1.677699999999999636e+04
7.229925444000000000e+10 1.473000000000000000e+04
7.232755612000000000e+10 1.320899999999999636e+04
7.246817496800000000e+10 1.764500000000000000e+04
7.252884860000000000e+10 1.654000000000000000e+04
7.260426344800000000e+10 1.719200000000000000e+04
7.266104244000000000e+10 1.597700000000000728e+04
7.280801944800000000e+10 2.024100000000000000e+04
7.284824944800000000e+10 1.793000000000000000e+04
7.284838248800000000e+10 9.935999999999992724e+03
7.291023892000000000e+10 1.527900000000000364e+04
7.311157864800000000e+10 2.196499999999999272e+04
7.311163652000000000e+10 2.047000000000000000e+03
7.335029951200000000e+10 2.877199999999999272e+04
7.343348783200000000e+10 2.601400000000000000e+04
7.348660661600000000e+10 2.140400000000000000e+04
7.348667016800000000e+10 4.170000000000007276e+03
7.358111612000000000e+10 2.127700000000000000e+04
7.369841474400000000e+10 2.312900000000000000e+04
7.371894516000000000e+10 1.863400000000000000e+04
7.386485664800000000e+10 2.320700000000000000e+04
7.389217298400000000e+10 1.872300000000000000e+04
7.389916711200000000e+10 1.476100000000000364e+04
7.396622583200000000e+10 1.544199999999999636e+04
7.415152685600000000e+10 2.170600000000000000e+04
7.436849565600000000e+10 3.010200000000000728e+04
7.438151887200000000e+10 2.088000000000000000e+04
7.450943661600000000e+10 2.409000000000000000e+04
7.454706170400000000e+10 1.957600000000000000e+04
7.455074972000000000e+10 1.577400000000000364e+04
7.457908992800000000e+10 1.399999999999999636e+04
7.480091960800000000e+10 2.248800000000000000e+04
7.484919820000000000e+10 2.021200000000000000e+04
7.499003740000000000e+10 2.253200000000000000e+04
7.499711300000000000e+10 1.732500000000000000e+04
7.501835880800000000e+10 1.498099999999999636e+04
7.506966213600000000e+10 1.519999999999999272e+04
7.516565317600000000e+10 1.800000000000000000e+04
7.523801860000000000e+10 1.735200000000000000e+04
7.532797736800000000e+10 1.824800000000000000e+04
7.537208952800000000e+10 1.734599999999999636e+04
7.539026306400000000e+10 1.384499999999999636e+04
7.543651679200000000e+10 1.385400000000000728e+04
7.551325269600000000e+10 1.497800000000000364e+04
7.553425869600000000e+10 1.272500000000000364e+04
7.557260479200000000e+10 1.261700000000000728e+04
7.582258674400000000e+10 2.209900000000000000e+04
7.585397736800000000e+10 1.919200000000000000e+04
7.599889266400000000e+10 2.267100000000000000e+04
7.611413768800000000e+10 2.369799999999999272e+04
7.621942125600000000e+10 2.330400000000000000e+04
7.622869426400000000e+10 1.766199999999999636e+04
7.623077176800000000e+10 1.353000000000000000e+04
7.623997167200000000e+10 1.160500000000000000e+04
7.639695221600000000e+10 1.844200000000000000e+04
7.650517612000000000e+10 2.009700000000000000e+04
7.664007492000000000e+10 2.294400000000000000e+04
7.664023175200000000e+10 1.425999999999999636e+04
7.667170652000000000e+10 1.615099999999999272e+04
7.670185524000000000e+10 1.389500000000000000e+04
7.679316927200000000e+10 1.607399999999999636e+04
7.685060656800000000e+10 1.528899999999999272e+04
7.692861743200000000e+10 1.622400000000000000e+04
7.698510044000000000e+10 1.541799999999999636e+04
7.700325548000000000e+10 1.304500000000000000e+04
7.703629300000000000e+10 1.207700000000000000e+04
7.707530690400000000e+10 1.204900000000000728e+04
7.711615695200000000e+10 1.176000000000000000e+04
7.717418636000000000e+10 1.254499999999999636e+04
7.745907242400000000e+10 2.359000000000000000e+04
7.761783148000000000e+10 2.597099999999999272e+04
7.768601813600000000e+10 2.252299999999999272e+04
7.768612973600000000e+10 1.144100000000000000e+04
7.769217301600000000e+10 1.473800000000000000e+04
7.775007288800000000e+10 1.570399999999999272e+04
7.775607261600000000e+10 1.251100000000000364e+04
7.793038786400000000e+10 2.025100000000000000e+04
7.794820279200000000e+10 1.560000000000000000e+04
7.796004941600000000e+10 1.299200000000000364e+04
7.807070453600000000e+10 1.657600000000000000e+04
7.807082180000000000e+10 8.295999999999992724e+03
7.809784005600000000e+10 1.268899999999999636e+04
7.815019442400000000e+10 1.324199999999999636e+04
7.847193384800000000e+10 2.812100000000000000e+04
7.866313536800000000e+10 3.008200000000000000e+04
7.892044768800000000e+10 3.554500000000000000e+04
7.905007469600000000e+10 3.112100000000000000e+04
7.907724447200000000e+10 2.405600000000000000e+04
7.912965980000000000e+10 2.231300000000000000e+04
7.918788920800000000e+10 2.112200000000000000e+04
7.932489980000000000e+10 2.429399999999999272e+04
7.947553069600000000e+10 2.669300000000000000e+04
7.957331911200000000e+10 2.559099999999999272e+04
7.957524384800000000e+10 1.775500000000000000e+04
7.967687132000000000e+10 2.029799999999999272e+04
7.968088389600000000e+10 1.573600000000000728e+04
7.968276207200000000e+10 1.170700000000000000e+04
7.979655415200000000e+10 1.671400000000000000e+04
7.982822229600000000e+10 1.487300000000000364e+04
7.989891940000000000e+10 1.617600000000000000e+04
7.994783469600000000e+10 1.505200000000000000e+04
8.002261664800000000e+10 1.566600000000000364e+04
8.003303668000000000e+10 1.261400000000000364e+04
8.007602101600000000e+10 1.270399999999999636e+04
8.010148599200000000e+10 1.153599999999999636e+04
8.010157629600000000e+10 3.352000000000007276e+03
8.020972743200000000e+10 1.396300000000000728e+04
8.035749855200000000e+10 1.906700000000000000e+04
8.044380498400000000e+10 1.859500000000000000e+04
8.050820181600000000e+10 1.822400000000000000e+04
8.050829496800000000e+10 7.299000000000007276e+03
8.064273156000000000e+10 1.916800000000000000e+04
8.073401639200000000e+10 2.001900000000000000e+04
8.076207812000000000e+10 1.653499999999999272e+04
8.085236421600000000e+10 1.823200000000000000e+04
8.088310885600000000e+10 1.584800000000000000e+04
8.088355738400000000e+10 1.147600000000000728e+04
8.089756837600000000e+10 1.069799999999999272e+04
8.089778965600000000e+10 8.049000000000000000e+03
8.090137293600000000e+10 7.049000000000000000e+03
8.096676013600000000e+10 1.034099999999999636e+04
8.098634120800000000e+10 9.038000000000007276e+03
8.116712242400000000e+10 1.538900000000000000e+04
8.123462392800000000e+10 1.544300000000000000e+04
8.128806832800000000e+10 1.540500000000000000e+04
8.129620151200000000e+10 1.187499999999999636e+04
8.137231015200000000e+10 1.391200000000000364e+04
8.137756060000000000e+10 1.078399999999999272e+04
8.142168088800000000e+10 1.148500000000000000e+04
8.150929338400000000e+10 1.358699999999999636e+04
8.151373732000000000e+10 1.073400000000000728e+04
8.152981751200000000e+10 9.719000000000007276e+03
8.161510712800000000e+10 1.243399999999999636e+04
8.168790160800000000e+10 1.332499999999999636e+04
8.168810788000000000e+10 9.808000000000007276e+03
8.198842146400000000e+10 2.257400000000000000e+04
8.207000634400000000e+10 2.143300000000000000e+04
8.209246308000000000e+10 1.815500000000000000e+04
8.211123504800000000e+10 1.486199999999999272e+04
8.211420152800000000e+10 1.181100000000000364e+04
8.216885904800000000e+10 1.349200000000000728e+04
8.219927999200000000e+10 1.218500000000000364e+04
8.222283780000000000e+10 1.103299999999999272e+04
8.235468533600000000e+10 1.575299999999999636e+04
8.241379682400000000e+10 1.562400000000000728e+04
8.243032164000000000e+10 1.275200000000000000e+04
8.243051948000000000e+10 1.070200000000000000e+04
8.252953687200000000e+10 1.355700000000000728e+04
8.257066826400000000e+10 1.324899999999999272e+04
8.267311357600000000e+10 1.545699999999999636e+04
8.268833116000000000e+10 1.271399999999999272e+04
8.284990821600000000e+10 1.852000000000000728e+04
8.297668383200000000e+10 2.112000000000000000e+04
8.299539466400000000e+10 1.696900000000000000e+04
8.308674863200000000e+10 1.863400000000000000e+04
8.315212746400000000e+10 1.769600000000000000e+04
8.320203397600000000e+10 1.672899999999999636e+04
8.350262824800000000e+10 2.840900000000000000e+04
8.350758564000000000e+10 2.112800000000000000e+04
8.351139672800000000e+10 1.551199999999999272e+04
8.355260389600000000e+10 1.591199999999999636e+04
8.368031191200000000e+10 1.942500000000000000e+04
8.368426628000000000e+10 1.515200000000000728e+04
8.378034448800000000e+10 1.724200000000000000e+04
8.394922287200000000e+10 2.197700000000000000e+04
8.400538872800000000e+10 2.039300000000000000e+04
8.402597634400000000e+10 1.632500000000000000e+04
8.409491511200000000e+10 1.695900000000000000e+04
8.414537596000000000e+10 1.630400000000000000e+04
8.416973516000000000e+10 1.424899999999999636e+04
8.417528196000000000e+10 1.113099999999999272e+04
8.422997226400000000e+10 1.255299999999999636e+04
8.424162223200000000e+10 1.040999999999999272e+04
8.430774197600000000e+10 1.205999999999999272e+04
8.433003991200000000e+10 1.067099999999999636e+04
8.433274240800000000e+10 8.464000000000000000e+03
8.451011645600000000e+10 1.560000000000000000e+04
8.457974140000000000e+10 1.581300000000000000e+04
8.468648703200000000e+10 1.769200000000000000e+04
8.474835847200000000e+10 1.664800000000000000e+04
8.478722981600000000e+10 1.545900000000000364e+04
8.484476988000000000e+10 1.508200000000000728e+04
8.488770396000000000e+10 1.466399999999999636e+04
8.502952602400000000e+10 1.817600000000000000e+04
8.504383357600000000e+10 1.546499999999999636e+04
8.513858434400000000e+10 1.710400000000000728e+04
8.525978404000000000e+10 1.952900000000000000e+04
8.529008640800000000e+10 1.664000000000000000e+04
8.533426938400000000e+10 1.581599999999999272e+04
8.538943405600000000e+10 1.538600000000000364e+04
8.541566252000000000e+10 1.360099999999999272e+04
8.548438343200000000e+10 1.471700000000000000e+04
8.549385272800000000e+10 1.168499999999999636e+04
8.553004183200000000e+10 1.180800000000000000e+04
8.554464663200000000e+10 1.013399999999999636e+04
8.573686594400000000e+10 1.760400000000000000e+04
8.576658146400000000e+10 1.498499999999999636e+04
8.584283274400000000e+10 1.614399999999999636e+04
8.586591293600000000e+10 1.388200000000000728e+04
8.586970900000000000e+10 1.083199999999999272e+04
8.588184768800000000e+10 9.607000000000000000e+03
8.591458085600000000e+10 9.985000000000003638e+03
8.609027740000000000e+10 1.647600000000000000e+04
8.620842184800000000e+10 1.843500000000000000e+04
8.642694527200000000e+10 2.618200000000000000e+04
8.647108416800000000e+10 2.108400000000000000e+04
8.650391157600000000e+10 1.856100000000000000e+04
8.653393885600000000e+10 1.617899999999999636e+04
8.655202341600000000e+10 1.371700000000000000e+04
8.669051988000000000e+10 1.836800000000000000e+04
8.683887799200000000e+10 2.272000000000000000e+04
8.689340896800000000e+10 1.938600000000000000e+04
8.700453010400000000e+10 2.240900000000000000e+04
8.719212487200000000e+10 2.752700000000000000e+04
8.751420732000000000e+10 3.755800000000000000e+04
8.763040639200000000e+10 3.510300000000000000e+04
8.763661135200000000e+10 2.353700000000000000e+04
8.769916623200000000e+10 2.217099999999999272e+04
8.778961244000000000e+10 2.163800000000000728e+04
8.779407208800000000e+10 1.630799999999999636e+04
8.790818824800000000e+10 1.946400000000000000e+04
8.798624338400000000e+10 2.008700000000000000e+04
8.807653255200000000e+10 1.987600000000000000e+04
8.807844738400000000e+10 1.468200000000000728e+04
8.817205016800000000e+10 1.784500000000000728e+04
8.818666567200000000e+10 1.468799999999999272e+04
8.823591000800000000e+10 1.424900000000000728e+04
8.823598647200000000e+10 3.392000000000003638e+03
8.826199722400000000e+10 1.170600000000000000e+04
8.846646879200000000e+10 1.936600000000000000e+04
8.846654837600000000e+10 6.297999999999996362e+03
8.856090874400000000e+10 1.879200000000000728e+04
8.857981757600000000e+10 1.563400000000000000e+04
8.861766130400000000e+10 1.456799999999999636e+04
8.861775314400000000e+10 5.475000000000007276e+03
8.883146207200000000e+10 2.118600000000000000e+04
8.911860288800000000e+10 3.074199999999999272e+04
8.923076860000000000e+10 3.043000000000000000e+04
8.924892060000000000e+10 2.173400000000000728e+04
8.929684336800000000e+10 2.049600000000000000e+04
8.933435244000000000e+10 1.752100000000000000e+04
8.936110314400000000e+10 1.605800000000000000e+04
8.947110180000000000e+10 1.845900000000000000e+04
8.953862138400000000e+10 1.710600000000000000e+04
8.959739252000000000e+10 1.681000000000000000e+04
8.974039343200000000e+10 2.119300000000000000e+04
8.974958352800000000e+10 1.579699999999999636e+04
8.983561618400000000e+10 1.760300000000000000e+04
8.983575479200000000e+10 7.699999999999996362e+03
8.983934410400000000e+10 1.118299999999999272e+04
8.984592016800000000e+10 9.290000000000000000e+03
