# Timestamps in ns,Energies
6.408260560000000000e+08 7.491400000000000000e+04
7.417856880000000000e+08 5.094400000000000000e+04
1.715386712000000000e+09 8.236200000000000000e+04
1.715490952000000000e+09 1.457900000000000728e+04
2.103443992000000000e+09 6.574300000000000000e+04
2.981864760000000000e+09 7.696500000000000000e+04
3.098923096000000000e+09 5.147400000000000000e+04
3.671180296000000000e+09 6.366600000000000000e+04
4.363681624000000000e+09 7.238600000000000000e+04
5.109847320000000000e+09 7.546500000000000000e+04
5.847191304000000000e+09 7.822700000000000000e+04
5.847235976000000000e+09 4.085999999999996362e+03
5.865234040000000000e+09 4.654100000000000000e+04
6.063545624000000000e+09 4.277700000000000000e+04
6.231591688000000000e+09 4.203600000000000000e+04
6.515393848000000000e+09 4.409200000000000000e+04
6.808835992000000000e+09 4.562600000000000000e+04
6.965667736000000000e+09 4.171200000000000000e+04
6.965761848000000000e+09 1.664799999999999272e+04
7.006323816000000000e+09 2.399799999999999272e+04
7.161498264000000000e+09 2.770199999999999272e+04
7.165358168000000000e+09 1.987400000000000000e+04
7.691855480000000000e+09 4.837900000000000000e+04
8.338835992000000000e+09 6.617100000000000000e+04
8.734853528000000000e+09 6.535200000000000000e+04
8.857875848000000000e+09 4.388500000000000000e+04
9.492331416000000000e+09 6.997800000000000000e+04
9.492409624000000000e+09 2.132199999999999272e+04
9.586387928000000000e+09 3.566699999999999272e+04
1.041749149600000000e+10 6.692100000000000000e+04
1.077773159200000000e+10 6.151300000000000000e+04
1.088619743200000000e+10 4.653300000000000000e+04
1.100920093600000000e+10 3.636000000000000000e+04
1.100934618400000000e+10 2.266099999999999272e+04
1.157248581600000000e+10 5.048000000000000000e+04
1.161529824800000000e+10 3.579200000000000000e+04
1.283888525600000000e+10 9.123300000000000000e+04
1.283889122400000000e+10 5.126999999999992724e+03
1.297945335200000000e+10 5.191600000000000000e+04
1.390141852000000000e+10 8.195200000000000000e+04
1.390146282400000000e+10 4.367999999999996362e+03
1.390152122400000000e+10 7.985000000000007276e+03
1.515510823200000000e+10 8.304700000000000000e+04
1.573564245600000000e+10 7.364400000000000000e+04
1.581876228000000000e+10 5.183000000000000000e+04
1.669469546400000000e+10 8.533000000000000000e+04
1.827374607200000000e+10 1.081860000000000291e+05
1.893029479200000000e+10 7.832100000000000000e+04
1.893038280800000000e+10 1.995599999999999272e+04
1.894098957600000000e+10 3.586100000000000000e+04
1.899500418400000000e+10 3.045900000000000000e+04
1.942397999200000000e+10 4.751700000000000000e+04
1.952921946400000000e+10 3.636500000000000000e+04
1.952926928800000000e+10 2.123000000000007276e+03
1.952941317600000000e+10 1.573599999999999636e+04
1.985841978400000000e+10 4.012700000000000000e+04
2.019690565600000000e+10 4.513600000000000000e+04
2.082369631200000000e+10 7.040000000000000000e+04
2.239390685600000000e+10 9.077700000000000000e+04
2.245797901600000000e+10 5.846500000000000000e+04
2.264975231200000000e+10 4.652900000000000000e+04
2.323613868000000000e+10 6.746000000000000000e+04
2.402542920800000000e+10 7.556900000000000000e+04
2.406682503200000000e+10 4.707500000000000000e+04
2.446424285600000000e+10 5.759000000000000000e+04
2.543784924000000000e+10 7.942900000000000000e+04
2.546866303200000000e+10 4.955200000000000000e+04
2.580403983200000000e+10 5.229800000000000000e+04
2.632752250400000000e+10 6.371700000000000000e+04
2.639634792800000000e+10 4.486200000000000000e+04
2.639647285600000000e+10 1.392700000000000000e+04
2.664553981600000000e+10 3.953400000000000000e+04
2.664561762400000000e+10 1.254699999999999272e+04
2.667074000800000000e+10 2.389100000000000000e+04
2.723242076000000000e+10 5.414200000000000000e+04
2.758749978400000000e+10 5.497000000000000000e+04
2.806431594400000000e+10 5.738800000000000000e+04
2.830056906400000000e+10 5.196000000000000000e+04
2.842614276000000000e+10 4.116300000000000000e+04
2.915901943200000000e+10 6.744000000000000000e+04
2.968831906400000000e+10 6.894400000000000000e+04
3.127948362400000000e+10 9.896200000000000000e+04
3.153494324000000000e+10 6.096300000000000000e+04
3.153499392800000000e+10 8.399000000000003638e+03
3.205165624800000000e+10 6.599900000000000000e+04
3.224904557600000000e+10 5.434100000000000000e+04
3.229383130400000000e+10 3.672600000000000000e+04
3.250087602400000000e+10 3.878100000000000000e+04
3.303599551200000000e+10 5.680100000000000000e+04
3.321089061600000000e+10 4.432200000000000000e+04
3.344597586400000000e+10 4.965500000000000000e+04
3.345105535200000000e+10 2.868900000000000000e+04
3.467644240800000000e+10 7.534500000000000000e+04
3.494203754400000000e+10 6.794400000000000000e+04
3.514501162400000000e+10 4.875000000000000000e+04
3.609210212000000000e+10 8.647200000000000000e+04
3.716979132000000000e+10 8.325800000000000000e+04
3.724427783200000000e+10 4.851600000000000000e+04
3.727644493600000000e+10 4.180600000000000000e+04
3.730719314400000000e+10 2.612900000000000000e+04
3.824116167200000000e+10 6.589900000000000000e+04
3.855298632800000000e+10 6.691400000000000000e+04
3.937540295200000000e+10 8.299200000000000000e+04
4.075207159200000000e+10 1.035620000000000000e+05
4.082015474400000000e+10 5.713100000000000000e+04
4.141362927200000000e+10 6.615600000000000000e+04
4.141368925600000000e+10 1.295700000000000000e+04
4.153001312800000000e+10 4.393200000000000000e+04
4.175254621600000000e+10 4.331800000000000000e+04
4.208620231200000000e+10 4.760700000000000000e+04
4.240086933600000000e+10 5.304100000000000000e+04
4.293382146400000000e+10 5.726800000000000000e+04
4.344630730400000000e+10 6.936500000000000000e+04
4.365704405600000000e+10 5.188100000000000000e+04
4.430758314400000000e+10 6.543700000000000000e+04
4.442605794400000000e+10 4.982300000000000000e+04
4.494503186400000000e+10 6.296100000000000000e+04
4.494510181600000000e+10 1.019099999999999272e+04
4.521414132000000000e+10 4.987600000000000000e+04
4.534093418400000000e+10 4.041900000000000000e+04
4.588477690400000000e+10 6.061100000000000000e+04
4.669066829600000000e+10 7.317600000000000000e+04
4.701522181600000000e+10 6.118500000000000000e+04
4.711775474400000000e+10 4.243700000000000000e+04
4.711801618400000000e+10 3.176200000000000000e+04
4.743048784800000000e+10 4.168500000000000000e+04
4.861936762400000000e+10 8.920199999999998545e+04
4.917953082400000000e+10 7.611400000000000000e+04
4.922440464800000000e+10 4.684800000000000000e+04
4.922462058400000000e+10 3.487700000000000000e+04
4.948993743200000000e+10 3.728000000000000000e+04
5.007899055200000000e+10 5.790600000000000000e+04
5.087154608800000000e+10 7.315200000000000000e+04
5.112277802400000000e+10 5.831400000000000000e+04
5.112288112800000000e+10 9.317000000000003638e+03
5.115598034400000000e+10 3.173500000000000000e+04
5.169979511200000000e+10 5.392200000000000000e+04
5.232349930400000000e+10 7.436300000000000000e+04
5.243211677600000000e+10 4.767200000000000000e+04
5.308142639200000000e+10 6.195200000000000000e+04
5.308154208800000000e+10 1.683100000000000000e+04
5.350679458400000000e+10 6.287200000000000000e+04
5.350686364000000000e+10 1.680500000000000364e+04
5.440404831200000000e+10 7.609199999999998545e+04
5.460541191200000000e+10 5.250600000000000000e+04
5.478702712800000000e+10 4.998100000000000000e+04
5.603936725600000000e+10 8.029700000000000000e+04
5.650291231200000000e+10 6.833200000000000000e+04
5.732908404000000000e+10 7.577600000000000000e+04
5.873115344800000000e+10 9.508500000000000000e+04
5.920406813600000000e+10 7.747499999999998545e+04
5.968176584800000000e+10 6.560200000000000000e+04
5.980283210400000000e+10 5.212700000000000000e+04
6.064726653600000000e+10 6.937900000000000000e+04
6.070569028000000000e+10 4.507700000000000000e+04
6.141742389600000000e+10 6.964800000000000000e+04
6.183130847200000000e+10 5.926500000000000000e+04
6.201005330400000000e+10 4.688900000000000000e+04
6.263178205600000000e+10 6.392000000000000000e+04
6.287157616800000000e+10 5.774400000000000000e+04
6.300278112800000000e+10 4.044100000000000000e+04
6.359566602400000000e+10 5.751200000000000000e+04
6.589623464800000000e+10 1.101060000000000000e+05
6.632798669600000000e+10 7.275400000000000000e+04
6.651910269600000000e+10 5.130300000000000000e+04
6.653490576800000000e+10 3.204600000000000000e+04
6.661254680800000000e+10 3.055500000000000000e+04
6.735949530400000000e+10 6.253400000000000000e+04
6.755829711200000000e+10 5.007100000000000000e+04
6.787086730400000000e+10 5.635000000000000000e+04
6.856564516000000000e+10 6.419500000000000000e+04
6.856569034400000000e+10 4.305000000000000000e+03
6.871782599200000000e+10 5.030200000000000000e+04
6.917881095200000000e+10 5.457000000000000000e+04
6.917894309600000000e+10 1.958500000000000000e+04
6.944778799200000000e+10 4.327300000000000000e+04
6.977902639200000000e+10 5.015800000000000000e+04
6.979467420000000000e+10 3.325600000000000000e+04
7.001766492000000000e+10 3.884600000000000000e+04
7.065768132000000000e+10 5.774600000000000000e+04
7.076391474400000000e+10 4.251800000000000000e+04
7.224787704800000000e+10 9.517600000000000000e+04
7.270435754400000000e+10 7.633800000000001455e+04
7.399263776800000000e+10 9.222100000000000000e+04
7.400729839200000000e+10 4.617300000000000000e+04
7.416974727200000000e+10 4.477300000000000000e+04
7.440385200800000000e+10 4.407400000000000000e+04
7.440390415200000000e+10 5.661000000000000000e+03
7.548203664800000000e+10 7.392100000000000000e+04
7.548211546400000000e+10 2.334000000000000000e+04
7.674845007200000000e+10 8.287300000000000000e+04
7.753709328800000000e+10 7.758900000000000000e+04
7.754216384800000000e+10 4.403200000000000000e+04
7.789947933600000000e+10 5.088400000000000000e+04
7.821292226400000000e+10 5.357700000000000000e+04
7.878508512800000000e+10 6.376900000000000000e+04
7.898255512800000000e+10 5.646600000000000000e+04
7.905509285600000000e+10 3.720600000000000000e+04
7.923857336800000000e+10 3.640800000000000000e+04
7.923862751200000000e+10 4.957000000000007276e+03
7.979264680800000000e+10 5.369500000000000000e+04
8.051973416800000000e+10 7.269600000000000000e+04
8.051984986400000000e+10 1.746400000000000364e+04
8.068191445600000000e+10 4.496300000000000000e+04
8.079444263200000000e+10 3.576900000000000000e+04
8.133363415200000000e+10 6.003700000000000000e+04
8.133384802400000000e+10 3.679800000000000000e+04
8.157036642400000000e+10 4.083100000000000000e+04
8.197592631200000000e+10 5.342400000000000000e+04
8.197598559200000000e+10 1.118400000000000364e+04
8.244582968800000000e+10 5.670600000000000000e+04
8.244589543200000000e+10 1.542799999999999272e+04
8.340605920800000000e+10 8.336000000000001455e+04
8.353294557600000000e+10 4.934600000000000000e+04
8.593994751200000000e+10 1.055840000000000000e+05
8.639681757600000000e+10 7.716200000000000000e+04
8.662438847200000000e+10 5.688500000000000000e+04
8.759216402400000000e+10 7.519900000000000000e+04
8.853084623200000000e+10 9.312999999999998545e+04
8.867462103200000000e+10 5.832700000000000000e+04
8.867472672800000000e+10 2.255500000000000728e+04
8.889184757600000000e+10 4.332000000000000000e+04
8.952988234400000000e+10 6.440800000000000000e+04
8.958657469600000000e+10 4.470300000000000000e+04
