# Timestamps in ns,Energies
1.991640800000000000e+07 3.064100000000000000e+04
3.163620000000000000e+07 2.169700000000000000e+04
5.179919200000000000e+07 1.876500000000000728e+04
5.331688800000000000e+07 1.305699999999999272e+04
5.342781600000000000e+07 7.227000000000003638e+03
2.883526800000000000e+08 2.312600000000000000e+04
3.386482480000000000e+08 2.080200000000000000e+04
4.311815280000000000e+08 2.131600000000000000e+04
4.313368080000000000e+08 1.334100000000000364e+04
8.049470800000000000e+08 3.269700000000000000e+04
9.437140080000000000e+08 3.343000000000000000e+04
9.974234640000000000e+08 2.696200000000000000e+04
9.975323440000000000e+08 1.224300000000000728e+04
1.108684088000000000e+09 2.334100000000000000e+04
1.322315928000000000e+09 3.031400000000000000e+04
1.376917880000000000e+09 2.425800000000000000e+04
1.422834904000000000e+09 2.275800000000000000e+04
1.422914712000000000e+09 6.736000000000003638e+03
1.581019656000000000e+09 2.381800000000000000e+04
1.652594152000000000e+09 2.123000000000000000e+04
1.745082888000000000e+09 2.296500000000000728e+04
2.019863848000000000e+09 3.277400000000000728e+04
2.630514696000000000e+09 6.094400000000000000e+04
2.657181848000000000e+09 3.825400000000000000e+04
2.733224824000000000e+09 3.024900000000000728e+04
2.845108424000000000e+09 3.028200000000000000e+04
2.996029816000000000e+09 3.081300000000000000e+04
3.026551032000000000e+09 2.368100000000000000e+04
3.067845080000000000e+09 2.063400000000000000e+04
3.144087752000000000e+09 2.043600000000000000e+04
3.261302264000000000e+09 2.261800000000000000e+04
3.282738424000000000e+09 1.773099999999999636e+04
3.858035192000000000e+09 5.177000000000000000e+04
3.946332888000000000e+09 3.641600000000000000e+04
3.946391976000000000e+09 6.204999999999996362e+03
3.946680248000000000e+09 1.899900000000000000e+04
4.112779848000000000e+09 2.777000000000000000e+04
4.336932552000000000e+09 3.371800000000000000e+04
4.345195336000000000e+09 2.206400000000000000e+04
4.367864904000000000e+09 1.896800000000000000e+04
4.543940280000000000e+09 2.503700000000000000e+04
4.702792312000000000e+09 2.885000000000000000e+04
4.762704360000000000e+09 2.428000000000000000e+04
4.762788248000000000e+09 8.841999999999992724e+03
5.066746088000000000e+09 3.214900000000000728e+04
5.321327240000000000e+09 3.980500000000000000e+04
5.360356200000000000e+09 2.942300000000000000e+04
5.428348440000000000e+09 2.480200000000000000e+04
6.054262920000000000e+09 5.437300000000000000e+04
6.117940872000000000e+09 4.226500000000000000e+04
6.118121416000000000e+09 2.303800000000000728e+04
6.221113480000000000e+09 2.724000000000000000e+04
6.511167560000000000e+09 3.933400000000000000e+04
6.671049752000000000e+09 3.710100000000000000e+04
6.811404824000000000e+09 3.368900000000000000e+04
7.055524040000000000e+09 3.709400000000000000e+04
7.256057192000000000e+09 4.022800000000000000e+04
7.411913080000000000e+09 3.666800000000000000e+04
7.412666248000000000e+09 2.300000000000000000e+04
7.486150088000000000e+09 2.512300000000000000e+04
7.635019704000000000e+09 2.746500000000000000e+04
7.924799576000000000e+09 3.686900000000000000e+04
8.076927576000000000e+09 3.488300000000000000e+04
8.212853560000000000e+09 3.230099999999999272e+04
8.390954856000000000e+09 3.437800000000000000e+04
9.024170584000000000e+09 5.712000000000000000e+04
9.163345784000000000e+09 4.928800000000000000e+04
9.163419288000000000e+09 1.393900000000000364e+04
9.279896840000000000e+09 3.568200000000000000e+04
9.671927912000000000e+09 4.815200000000000000e+04
9.938756936000000000e+09 4.708100000000000000e+04
1.018533437600000000e+10 4.686300000000000000e+04
1.018542807200000000e+10 2.154200000000000000e+04
1.043126676000000000e+10 4.127400000000000000e+04
1.076796648800000000e+10 4.439700000000000000e+04
1.113862340000000000e+10 5.445700000000000000e+04
1.142997680800000000e+10 5.249900000000000000e+04
1.150979503200000000e+10 3.606700000000000000e+04
1.159729532000000000e+10 3.054700000000000000e+04
1.164463034400000000e+10 2.570000000000000000e+04
1.164484928800000000e+10 1.897300000000000728e+04
1.218426762400000000e+10 4.616000000000000000e+04
1.261605072800000000e+10 5.599600000000000000e+04
1.265959071200000000e+10 3.547100000000000000e+04
1.265973797600000000e+10 2.281900000000000000e+04
1.270537319200000000e+10 2.264800000000000000e+04
1.286608442400000000e+10 2.690700000000000000e+04
1.298052151200000000e+10 2.805499999999999272e+04
1.320157677600000000e+10 3.425299999999999272e+04
1.322053474400000000e+10 2.417000000000000000e+04
1.336958887200000000e+10 2.750700000000000000e+04
1.355047447200000000e+10 3.194400000000000000e+04
1.358443764000000000e+10 2.439300000000000000e+04
1.405783877600000000e+10 4.983600000000000000e+04
1.417352423200000000e+10 3.780400000000000000e+04
1.437211226400000000e+10 4.008700000000000000e+04
1.443869319200000000e+10 3.128800000000000000e+04
1.472380528800000000e+10 3.807900000000000000e+04
1.475091618400000000e+10 2.792400000000000000e+04
1.495526557600000000e+10 3.169500000000000000e+04
1.524219442400000000e+10 3.872100000000000000e+04
1.543046071200000000e+10 4.017200000000000000e+04
1.543055072800000000e+10 7.871000000000000000e+03
1.563433244000000000e+10 3.736100000000000000e+04
1.580883004000000000e+10 3.597400000000000728e+04
1.580892349600000000e+10 1.459200000000000364e+04
1.601245568800000000e+10 3.527200000000000000e+04
1.634751573600000000e+10 4.408400000000000000e+04
1.653617871200000000e+10 4.119300000000000000e+04
1.669759338400000000e+10 3.854800000000000000e+04
1.672772106400000000e+10 2.891300000000000000e+04
1.678105906400000000e+10 2.424900000000000000e+04
1.684104709600000000e+10 2.121300000000000000e+04
1.691686445600000000e+10 2.214800000000000728e+04
1.695913685600000000e+10 1.884800000000000000e+04
1.711449000800000000e+10 2.405000000000000000e+04
1.717201488800000000e+10 2.072200000000000000e+04
1.760977092000000000e+10 4.133000000000000000e+04
1.776101860000000000e+10 3.592499999999999272e+04
1.811342640800000000e+10 4.577300000000000000e+04
1.819120824800000000e+10 3.408700000000000000e+04
1.834833392800000000e+10 3.430100000000000000e+04
1.856323085600000000e+10 3.882300000000000000e+04
1.894242317600000000e+10 4.849900000000000000e+04
1.908935672800000000e+10 4.139700000000000000e+04
1.916078727200000000e+10 3.147900000000000000e+04
1.939991845600000000e+10 3.656800000000000000e+04
1.958846095200000000e+10 3.809400000000000000e+04
1.958862474400000000e+10 2.232000000000000728e+04
1.976222280800000000e+10 2.987300000000000000e+04
1.976229448800000000e+10 8.606999999999992724e+03
2.008166026400000000e+10 3.871900000000000000e+04
2.008193512800000000e+10 2.622800000000000728e+04
2.020055591200000000e+10 2.712099999999999272e+04
2.020061863200000000e+10 5.384000000000000000e+03
2.022284253600000000e+10 1.961000000000000000e+04
2.065673900000000000e+10 4.201700000000000000e+04
2.068713757600000000e+10 2.880100000000000000e+04
2.086174663200000000e+10 3.090000000000000000e+04
2.103463324000000000e+10 3.247400000000000000e+04
2.130681648800000000e+10 4.161400000000000000e+04
2.132583821600000000e+10 2.744200000000000000e+04
2.135529676000000000e+10 2.415400000000000000e+04
2.139221687200000000e+10 1.973500000000000000e+04
2.145419141600000000e+10 1.865800000000000000e+04
2.167307189600000000e+10 2.704400000000000000e+04
2.187745386400000000e+10 3.212299999999999272e+04
2.233453042400000000e+10 5.077500000000000000e+04
2.246728293600000000e+10 4.027000000000000000e+04
2.300446543200000000e+10 5.809600000000000000e+04
2.304149032800000000e+10 3.752200000000000000e+04
2.338082192800000000e+10 4.821000000000000000e+04
2.349717354400000000e+10 3.802600000000000000e+04
2.357047877600000000e+10 2.930400000000000000e+04
2.357053301600000000e+10 4.012999999999996362e+03
2.358288269600000000e+10 2.081800000000000000e+04
2.395668674400000000e+10 3.726300000000000000e+04
2.400210167200000000e+10 2.829500000000000000e+04
2.400745544800000000e+10 2.189300000000000000e+04
2.407167010400000000e+10 2.048000000000000000e+04
2.429885997600000000e+10 2.913400000000000000e+04
2.461409759200000000e+10 3.859300000000000000e+04
2.505995124000000000e+10 5.469000000000000000e+04
2.506001048800000000e+10 1.084500000000000000e+04
2.516716151200000000e+10 3.749300000000000000e+04
2.535865175200000000e+10 3.836900000000000000e+04
2.546043442400000000e+10 3.164500000000000000e+04
2.591401821600000000e+10 5.142500000000000000e+04
2.598084527200000000e+10 3.832300000000000000e+04
2.604650293600000000e+10 2.800099999999999272e+04
2.610647221600000000e+10 2.471100000000000000e+04
2.614989464800000000e+10 2.185000000000000000e+04
2.627766354400000000e+10 2.406400000000000000e+04
2.658854192800000000e+10 3.758500000000000000e+04
2.663040599200000000e+10 2.769800000000000000e+04
2.670550196000000000e+10 2.419900000000000728e+04
2.678869756000000000e+10 2.391200000000000000e+04
2.706007492000000000e+10 3.180600000000000000e+04
2.708689037600000000e+10 2.495600000000000000e+04
2.710140253600000000e+10 1.923800000000000000e+04
2.710149287200000000e+10 7.653000000000007276e+03
2.712256292000000000e+10 1.478700000000000364e+04
2.743891837600000000e+10 3.067100000000000000e+04
2.754844236000000000e+10 2.765600000000000000e+04
2.779815863200000000e+10 3.395500000000000000e+04
2.799056285600000000e+10 4.096600000000000000e+04
2.811109602400000000e+10 3.215400000000000000e+04
2.820260658400000000e+10 2.760600000000000000e+04
2.820265960800000000e+10 2.251000000000000000e+03
2.827490997600000000e+10 2.465099999999999272e+04
2.848288869600000000e+10 2.954300000000000000e+04
2.856187469600000000e+10 2.551800000000000728e+04
2.861540551200000000e+10 2.235600000000000000e+04
2.872644631200000000e+10 2.409400000000000000e+04
2.873698373600000000e+10 1.807400000000000000e+04
2.883435085600000000e+10 1.992400000000000000e+04
2.888182082400000000e+10 1.799899999999999272e+04
2.918030132000000000e+10 2.920000000000000000e+04
2.946903372000000000e+10 3.907700000000000000e+04
2.946915308000000000e+10 1.957100000000000000e+04
2.978666796000000000e+10 4.086500000000000000e+04
3.019739525600000000e+10 5.076900000000000000e+04
3.041214778400000000e+10 4.622200000000000000e+04
3.041215288800000000e+10 7.043000000000000000e+03
3.048612024800000000e+10 3.566999999999999272e+04
3.075666365600000000e+10 4.261300000000000000e+04
3.098324701600000000e+10 4.040000000000000000e+04
3.116507661600000000e+10 4.002300000000000000e+04
3.122165245600000000e+10 3.019799999999999272e+04
3.147899221600000000e+10 3.742000000000000000e+04
3.162483132000000000e+10 3.563500000000000000e+04
3.167056076000000000e+10 2.728300000000000000e+04
3.188685098400000000e+10 3.238400000000000728e+04
3.245768652000000000e+10 5.677000000000000000e+04
3.271109821600000000e+10 4.993100000000000000e+04
3.324741660000000000e+10 6.843200000000000000e+04
3.335768242400000000e+10 5.061900000000000000e+04
3.335781527200000000e+10 2.519100000000000000e+04
3.355104781600000000e+10 3.471900000000000000e+04
3.355113207200000000e+10 1.286099999999999272e+04
3.366288858400000000e+10 2.983800000000000000e+04
3.369071242400000000e+10 2.223500000000000000e+04
3.372746672800000000e+10 1.912300000000000000e+04
3.372759762400000000e+10 1.074700000000000000e+04
3.373323616800000000e+10 1.199100000000000000e+04
3.396449677600000000e+10 2.307500000000000000e+04
3.397722856800000000e+10 1.811999999999999636e+04
3.416259676000000000e+10 2.400000000000000000e+04
3.450953322400000000e+10 3.807100000000000000e+04
3.453109439200000000e+10 2.715300000000000000e+04
3.460457032800000000e+10 2.543200000000000000e+04
3.462758488800000000e+10 1.943200000000000000e+04
3.478325676000000000e+10 2.472700000000000000e+04
3.504610327200000000e+10 3.380399999999999272e+04
3.525444413600000000e+10 3.555799999999999272e+04
3.542361796000000000e+10 3.715800000000000000e+04
3.551908549600000000e+10 3.256100000000000000e+04
3.555725469600000000e+10 2.440300000000000000e+04
3.561477836000000000e+10 2.162100000000000000e+04
3.586271884000000000e+10 3.267200000000000000e+04
3.586281327200000000e+10 1.254300000000000728e+04
3.586300271200000000e+10 1.307899999999999272e+04
3.619142954400000000e+10 3.635199999999999272e+04
3.624821695200000000e+10 2.667300000000000000e+04
3.649179965600000000e+10 3.662900000000000000e+04
3.652348738400000000e+10 2.478700000000000000e+04
3.665562580000000000e+10 2.903800000000000000e+04
3.683810668000000000e+10 3.177299999999999272e+04
3.693297180000000000e+10 2.754400000000000000e+04
3.693587208800000000e+10 2.072200000000000000e+04
3.695348890400000000e+10 1.687499999999999272e+04
3.697046725600000000e+10 1.432700000000000000e+04
3.712535413600000000e+10 2.075300000000000000e+04
3.736086791200000000e+10 2.873700000000000000e+04
3.737554480800000000e+10 2.253000000000000728e+04
3.755256066400000000e+10 2.746500000000000000e+04
3.755262736800000000e+10 6.167000000000000000e+03
3.765438197600000000e+10 2.333500000000000000e+04
3.808878288800000000e+10 4.462900000000000000e+04
3.811038375200000000e+10 2.823200000000000000e+04
3.811043677600000000e+10 2.065000000000007276e+03
3.844749045600000000e+10 4.301500000000000000e+04
3.863707484000000000e+10 3.941500000000000000e+04
3.873977815200000000e+10 3.259800000000000728e+04
3.877341572000000000e+10 2.616000000000000000e+04
3.891309538400000000e+10 3.024200000000000000e+04
3.891315172000000000e+10 3.474000000000007276e+03
3.895091919200000000e+10 2.102299999999999272e+04
3.899273650400000000e+10 1.829700000000000000e+04
3.899280908000000000e+10 4.676999999999992724e+03
3.923784880800000000e+10 2.710400000000000000e+04
3.937526548000000000e+10 2.892800000000000000e+04
3.937724096800000000e+10 1.985900000000000728e+04
3.940033445600000000e+10 1.677299999999999272e+04
3.943421141600000000e+10 1.580999999999999636e+04
3.946594117600000000e+10 1.421500000000000000e+04
3.959066460000000000e+10 1.796799999999999272e+04
3.968649864800000000e+10 1.921200000000000000e+04
3.972280090400000000e+10 1.696199999999999272e+04
3.995873680800000000e+10 2.508500000000000000e+04
4.004217623200000000e+10 2.322900000000000000e+04
4.006271295200000000e+10 1.845600000000000000e+04
4.006277624800000000e+10 2.090000000000003638e+03
4.044838428000000000e+10 3.331900000000000000e+04
4.058043765600000000e+10 3.203400000000000728e+04
4.076536250400000000e+10 3.559100000000000728e+04
4.078120066400000000e+10 2.415000000000000000e+04
4.095679716000000000e+10 2.876400000000000000e+04
4.107054116000000000e+10 2.833700000000000000e+04
4.127347946400000000e+10 3.282400000000000000e+04
4.127360492000000000e+10 1.762400000000000364e+04
4.130721895200000000e+10 1.988699999999999272e+04
4.139822879200000000e+10 2.224600000000000000e+04
4.141255404000000000e+10 1.664799999999999636e+04
4.151294976800000000e+10 1.936000000000000000e+04
4.168104135200000000e+10 2.368200000000000000e+04
4.178242316000000000e+10 2.361600000000000000e+04
4.181305162400000000e+10 2.008000000000000000e+04
4.234876447200000000e+10 4.832700000000000000e+04
4.237552407200000000e+10 3.097200000000000000e+04
4.237565616800000000e+10 1.738499999999999272e+04
4.248872788000000000e+10 2.530500000000000000e+04
4.276640636000000000e+10 3.483700000000000000e+04
4.302195242400000000e+10 4.386300000000000000e+04
4.352471202400000000e+10 5.434400000000000000e+04
4.363797663200000000e+10 4.545100000000000000e+04
4.372943568800000000e+10 3.562400000000000728e+04
4.375056776800000000e+10 2.469600000000000000e+04
4.398213058400000000e+10 3.359299999999999272e+04
4.398219938400000000e+10 8.796000000000000000e+03
4.398227805600000000e+10 4.043000000000000000e+03
4.406934053600000000e+10 2.491200000000000000e+04
4.433394496800000000e+10 3.287700000000000728e+04
4.433401714400000000e+10 9.605000000000003638e+03
4.441447471200000000e+10 2.618500000000000000e+04
4.467998519200000000e+10 3.526000000000000000e+04
4.520291346400000000e+10 5.736800000000000000e+04
4.520769655200000000e+10 3.265499999999999272e+04
4.533179096800000000e+10 3.169200000000000000e+04
4.542837706400000000e+10 3.047400000000000728e+04
4.556391445600000000e+10 3.156100000000000000e+04
4.575935524000000000e+10 3.447900000000000000e+04
4.615130245600000000e+10 4.782400000000000000e+04
4.615141095200000000e+10 1.114700000000000364e+04
4.656126084000000000e+10 4.899900000000000000e+04
4.691797504800000000e+10 5.223000000000000000e+04
4.691804671200000000e+10 1.686100000000000000e+04
4.707920612000000000e+10 3.895400000000000000e+04
4.707931437600000000e+10 1.963100000000000000e+04
4.711452096800000000e+10 2.369700000000000000e+04
4.754917506400000000e+10 4.162400000000000000e+04
4.778913509600000000e+10 4.074400000000000000e+04
4.778918797600000000e+10 6.011999999999992724e+03
4.789961877600000000e+10 3.178300000000000000e+04
4.806569322400000000e+10 3.361199999999999272e+04
4.831989868000000000e+10 3.953700000000000000e+04
4.833365920800000000e+10 2.744900000000000000e+04
4.834865130400000000e+10 2.047900000000000000e+04
4.835638237600000000e+10 1.648100000000000728e+04
4.856952677600000000e+10 2.661000000000000000e+04
4.867533756000000000e+10 2.506400000000000000e+04
4.895356618400000000e+10 3.391900000000000000e+04
4.910372685600000000e+10 3.273199999999999272e+04
4.911165917600000000e+10 2.408900000000000000e+04
4.944732440800000000e+10 3.660600000000000000e+04
4.947580436000000000e+10 2.897700000000000000e+04
5.008979677600000000e+10 6.010400000000000000e+04
5.029889549600000000e+10 5.116700000000000000e+04
5.029908788000000000e+10 3.016400000000000000e+04
5.064553293600000000e+10 4.236100000000000000e+04
5.098070445600000000e+10 5.291400000000000000e+04
5.098076485600000000e+10 1.140999999999999272e+04
5.125144730400000000e+10 4.658300000000000000e+04
5.143134015200000000e+10 4.012700000000000000e+04
5.158231788000000000e+10 3.647600000000000000e+04
5.174935476000000000e+10 3.701500000000000000e+04
5.188825021600000000e+10 3.385800000000000000e+04
5.191064807200000000e+10 2.614000000000000000e+04
5.203413354400000000e+10 2.648000000000000000e+04
5.213651200800000000e+10 2.649600000000000000e+04
5.214219650400000000e+10 1.854300000000000000e+04
5.214235256800000000e+10 1.215699999999999636e+04
5.214994696800000000e+10 1.243500000000000000e+04
5.250573044000000000e+10 3.075200000000000000e+04
5.263152829600000000e+10 2.810800000000000000e+04
5.273043980000000000e+10 2.767200000000000000e+04
5.276502780000000000e+10 2.136100000000000000e+04
5.286593901600000000e+10 2.304900000000000000e+04
5.311488896800000000e+10 3.028000000000000000e+04
5.330614845600000000e+10 3.264000000000000728e+04
5.351422300000000000e+10 3.811100000000000000e+04
5.359631572000000000e+10 3.067300000000000000e+04
5.368622120800000000e+10 2.622300000000000000e+04
5.376086010400000000e+10 2.527900000000000000e+04
5.389388605600000000e+10 2.624500000000000728e+04
5.389409855200000000e+10 1.986600000000000000e+04
5.397504092000000000e+10 2.082000000000000000e+04
5.398488695200000000e+10 1.540400000000000000e+04
5.420340906400000000e+10 2.450600000000000000e+04
5.421987224800000000e+10 1.888200000000000000e+04
5.427620450400000000e+10 1.779300000000000000e+04
5.467133063200000000e+10 3.680600000000000000e+04
5.477235693600000000e+10 2.993100000000000728e+04
5.477244279200000000e+10 1.153900000000000000e+04
5.502157205600000000e+10 3.228400000000000000e+04
5.548097733600000000e+10 5.361700000000000000e+04
5.572501476000000000e+10 5.014300000000000000e+04
5.574658936800000000e+10 3.266700000000000000e+04
5.577139004000000000e+10 2.455200000000000000e+04
5.582220079200000000e+10 2.104000000000000000e+04
5.585838984800000000e+10 1.877600000000000000e+04
5.587163754400000000e+10 1.501899999999999272e+04
5.587183272800000000e+10 1.160599999999999272e+04
5.596059458400000000e+10 1.542399999999999272e+04
5.618605626400000000e+10 2.499000000000000000e+04
5.647435946400000000e+10 3.585000000000000000e+04
5.667458541600000000e+10 3.488500000000000728e+04
5.667475663200000000e+10 2.232000000000000000e+04
5.667484319200000000e+10 7.620999999999996362e+03
5.676539623200000000e+10 2.319300000000000000e+04
5.698427095200000000e+10 2.997499999999999272e+04
5.729206274400000000e+10 4.205700000000000000e+04
5.731026962400000000e+10 2.696800000000000000e+04
5.769661092000000000e+10 4.163900000000000000e+04
5.769674994400000000e+10 2.351399999999999272e+04
5.769689717600000000e+10 1.695600000000000728e+04
5.770518789600000000e+10 1.719300000000000728e+04
5.770519228000000000e+10 6.789000000000007276e+03
5.795016053600000000e+10 2.978400000000000000e+04
5.796791000800000000e+10 2.224700000000000000e+04
5.801121965600000000e+10 1.911300000000000000e+04
5.803653567200000000e+10 1.618400000000000000e+04
5.803663765600000000e+10 7.605000000000003638e+03
5.817710805600000000e+10 1.967500000000000000e+04
5.824406031200000000e+10 1.853000000000000000e+04
5.858173095200000000e+10 3.479899999999999272e+04
5.882262810400000000e+10 3.526099999999999272e+04
5.897463388000000000e+10 3.591100000000000728e+04
5.902192578400000000e+10 2.671200000000000000e+04
5.909009767200000000e+10 2.489700000000000000e+04
5.918900784800000000e+10 2.515400000000000000e+04
5.956857820000000000e+10 4.349500000000000000e+04
5.968710786400000000e+10 3.462300000000000000e+04
5.975001111200000000e+10 2.718200000000000000e+04
5.983178871200000000e+10 2.577600000000000000e+04
6.005194112800000000e+10 3.256799999999999272e+04
6.017812356000000000e+10 3.112700000000000000e+04
6.027729680800000000e+10 3.057800000000000000e+04
6.033525455200000000e+10 2.384000000000000000e+04
6.063100197600000000e+10 3.511200000000000000e+04
6.070294709600000000e+10 2.888400000000000000e+04
6.074938500000000000e+10 2.485600000000000000e+04
6.080439360800000000e+10 2.155000000000000000e+04
6.115900760800000000e+10 3.601600000000000000e+04
6.132207125600000000e+10 3.387200000000000000e+04
6.132321965600000000e+10 2.236899999999999272e+04
6.134852516000000000e+10 2.010600000000000000e+04
6.140810984800000000e+10 2.059200000000000000e+04
6.158199343200000000e+10 2.508500000000000000e+04
6.169128525600000000e+10 2.424000000000000000e+04
6.194508890400000000e+10 3.195800000000000000e+04
6.198291735200000000e+10 2.513100000000000000e+04
6.272559384800000000e+10 6.190500000000000000e+04
6.287837757600000000e+10 4.722300000000000000e+04
6.298996280800000000e+10 3.679100000000000000e+04
6.310799802400000000e+10 3.456200000000000000e+04
6.406366968800000000e+10 8.355300000000000000e+04
6.426683408800000000e+10 5.477100000000000000e+04
6.426691552800000000e+10 1.786000000000000728e+04
6.426700096800000000e+10 9.610999999999992724e+03
6.433011456800000000e+10 2.936000000000000000e+04
6.490577132000000000e+10 5.840100000000000000e+04
6.490584928800000000e+10 1.712300000000000000e+04
6.509891000800000000e+10 4.323700000000000000e+04
6.555818664800000000e+10 5.732000000000000000e+04
6.593872439200000000e+10 5.847300000000000000e+04
6.626030037600000000e+10 5.701400000000000000e+04
6.629356975200000000e+10 3.259000000000000000e+04
6.660835781600000000e+10 4.164200000000000000e+04
6.670977637600000000e+10 3.616500000000000000e+04
6.675442304800000000e+10 2.650500000000000000e+04
6.686734706400000000e+10 2.695699999999999272e+04
6.687887506400000000e+10 1.980800000000000000e+04
6.725369221600000000e+10 3.624899999999999272e+04
6.742161357600000000e+10 3.595800000000000000e+04
6.742171437600000000e+10 1.868300000000000000e+04
6.758513528800000000e+10 3.168000000000000000e+04
6.762861516000000000e+10 2.457100000000000000e+04
6.770591972000000000e+10 2.398400000000000000e+04
6.771251848800000000e+10 1.780000000000000000e+04
6.807552045600000000e+10 3.351000000000000000e+04
6.860046668000000000e+10 5.879300000000000000e+04
6.861434213600000000e+10 3.518700000000000000e+04
6.861448876000000000e+10 2.058000000000000000e+04
6.861456327200000000e+10 4.397000000000007276e+03
6.863259989600000000e+10 1.800199999999999636e+04
6.867730594400000000e+10 1.774299999999999272e+04
6.885412362400000000e+10 2.416300000000000000e+04
6.890378551200000000e+10 2.166900000000000000e+04
6.890388885600000000e+10 9.850000000000007276e+03
6.900414725600000000e+10 1.972100000000000000e+04
6.906514037600000000e+10 1.843099999999999272e+04
6.919226500000000000e+10 2.156600000000000000e+04
6.923232613600000000e+10 1.904899999999999272e+04
6.929081725600000000e+10 1.821600000000000000e+04
6.985809714400000000e+10 4.301600000000000000e+04
6.985817525600000000e+10 1.412500000000000364e+04
7.083234756000000000e+10 6.953600000000000000e+04
7.083239328800000000e+10 5.280000000000003638e+03
7.100318482400000000e+10 5.157600000000000000e+04
7.128196532000000000e+10 5.434400000000000000e+04
7.132882216800000000e+10 3.524899999999999272e+04
7.134377040800000000e+10 2.357700000000000000e+04
7.137978557600000000e+10 2.214400000000000000e+04
7.151170860000000000e+10 2.504900000000000000e+04
7.151182258400000000e+10 1.252599999999999272e+04
7.157836932000000000e+10 1.953500000000000000e+04
7.170866327200000000e+10 2.279300000000000000e+04
7.194057160800000000e+10 2.919900000000000728e+04
7.206969871200000000e+10 2.860400000000000000e+04
7.217502108000000000e+10 2.814400000000000000e+04
7.237785794400000000e+10 3.242400000000000000e+04
7.244988199200000000e+10 2.602100000000000000e+04
7.293064610400000000e+10 4.797000000000000000e+04
7.293528832800000000e+10 3.123400000000000000e+04
7.293536164000000000e+10 8.567999999999996362e+03
7.321896087200000000e+10 4.043400000000000000e+04
7.343217429600000000e+10 4.084600000000000000e+04
7.363812389600000000e+10 3.847100000000000000e+04
7.368796517600000000e+10 2.890300000000000000e+04
7.372819248800000000e+10 2.344900000000000000e+04
7.389644213600000000e+10 2.956100000000000000e+04
7.393902048800000000e+10 2.218700000000000000e+04
7.421808232800000000e+10 3.505299999999999272e+04
7.422567159200000000e+10 2.380100000000000000e+04
7.430947052000000000e+10 2.305200000000000000e+04
7.444456024800000000e+10 2.668800000000000000e+04
7.455987836000000000e+10 2.689300000000000000e+04
7.471381116000000000e+10 2.758400000000000000e+04
7.505020272800000000e+10 3.844100000000000000e+04
7.535491861600000000e+10 4.612200000000000000e+04
7.535624906400000000e+10 2.839200000000000000e+04
7.552983698400000000e+10 3.302600000000000000e+04
7.553133567200000000e+10 2.284800000000000728e+04
7.578019664800000000e+10 3.263699999999999272e+04
7.579629295200000000e+10 2.493800000000000000e+04
7.582390600800000000e+10 1.996200000000000000e+04
7.595211488800000000e+10 2.330600000000000000e+04
7.595227799200000000e+10 1.519100000000000364e+04
7.618021477600000000e+10 2.768300000000000000e+04
7.623535495200000000e+10 2.240100000000000000e+04
7.633188909600000000e+10 2.289100000000000000e+04
7.650175034400000000e+10 2.815100000000000000e+04
7.656678975200000000e+10 2.376300000000000000e+04
7.668253466400000000e+10 2.408699999999999272e+04
7.673373085600000000e+10 2.173100000000000000e+04
7.728721479200000000e+10 5.119900000000000000e+04
7.728729828000000000e+10 1.749599999999999636e+04
7.752817735200000000e+10 4.201900000000000000e+04
7.753672847200000000e+10 2.700900000000000000e+04
7.757387344800000000e+10 2.254400000000000000e+04
7.789990988000000000e+10 3.568800000000000000e+04
7.810959940000000000e+10 4.004300000000000000e+04
7.817509927200000000e+10 2.993900000000000000e+04
7.828027508000000000e+10 2.888000000000000000e+04
7.829659925600000000e+10 2.045600000000000000e+04
7.838438170400000000e+10 2.166400000000000000e+04
7.838451242400000000e+10 1.296899999999999636e+04
7.864536605600000000e+10 2.810900000000000000e+04
7.869400060000000000e+10 2.344900000000000000e+04
7.872215546400000000e+10 1.958100000000000000e+04
7.875908613600000000e+10 1.738000000000000728e+04
7.914694544800000000e+10 3.554900000000000000e+04
7.934836117600000000e+10 3.906600000000000000e+04
7.935501876000000000e+10 2.472100000000000000e+04
7.977572276000000000e+10 4.286400000000000000e+04
7.986642533600000000e+10 3.470099999999999272e+04
7.996528541600000000e+10 3.076100000000000000e+04
7.998816578400000000e+10 2.398200000000000000e+04
8.017876548000000000e+10 2.864700000000000000e+04
8.027400765600000000e+10 2.679200000000000000e+04
8.034941802400000000e+10 2.431200000000000000e+04
8.078276498400000000e+10 4.358100000000000000e+04
8.088587181600000000e+10 3.772700000000000000e+04
8.088592744800000000e+10 5.923000000000000000e+03
8.088600266400000000e+10 4.134000000000007276e+03
8.107465701600000000e+10 3.221000000000000000e+04
8.107473040800000000e+10 1.064699999999999272e+04
8.125072728800000000e+10 2.973300000000000728e+04
8.133689324000000000e+10 2.686300000000000000e+04
8.145579828000000000e+10 2.600600000000000000e+04
8.164939156000000000e+10 3.074900000000000000e+04
8.164944596000000000e+10 3.779000000000003638e+03
8.225950258400000000e+10 5.722000000000000000e+04
8.231574495200000000e+10 3.711100000000000000e+04
8.249352525600000000e+10 3.980500000000000000e+04
8.259764767200000000e+10 3.205500000000000000e+04
8.275081053600000000e+10 3.313999999999999272e+04
8.282449535200000000e+10 2.721300000000000728e+04
8.291860928800000000e+10 2.822800000000000000e+04
8.326615218400000000e+10 3.964700000000000000e+04
8.326620701600000000e+10 5.806999999999996362e+03
8.326630055200000000e+10 8.765999999999992724e+03
8.354392500000000000e+10 3.663100000000000000e+04
8.373634197600000000e+10 3.573200000000000728e+04
8.404397341600000000e+10 4.566700000000000000e+04
8.426631559200000000e+10 4.265500000000000000e+04
8.426637040800000000e+10 6.498000000000003638e+03
8.450241186400000000e+10 4.099800000000000000e+04
8.474676240800000000e+10 4.088300000000000000e+04
8.506418479200000000e+10 4.776500000000000000e+04
8.510928335200000000e+10 3.464400000000000000e+04
8.553409607200000000e+10 5.339100000000000000e+04
8.591953623200000000e+10 5.784200000000000000e+04
8.595525194400000000e+10 3.697800000000000000e+04
8.618231877600000000e+10 4.209300000000000000e+04
8.649845572000000000e+10 4.672000000000000000e+04
8.693348824800000000e+10 5.206400000000000000e+04
8.698742602400000000e+10 3.835900000000000000e+04
8.709037157600000000e+10 3.123100000000000728e+04
8.709045658400000000e+10 1.310700000000000728e+04
8.745667727200000000e+10 4.100000000000000000e+04
8.746074684000000000e+10 2.668700000000000000e+04
8.747427376800000000e+10 2.026700000000000728e+04
8.828307176800000000e+10 5.808000000000000000e+04
8.829268820000000000e+10 3.562199999999999272e+04
8.834806338400000000e+10 3.216400000000000000e+04
8.834814991200000000e+10 1.159200000000000364e+04
8.836244424800000000e+10 1.846400000000000000e+04
8.841580284000000000e+10 1.879200000000000000e+04
8.846111997600000000e+10 1.644999999999999636e+04
8.851312580000000000e+10 1.646100000000000728e+04
8.857475511200000000e+10 1.634399999999999636e+04
8.865082346400000000e+10 1.707100000000000364e+04
8.916842333600000000e+10 4.192800000000000000e+04
8.941121898400000000e+10 4.168000000000000000e+04
8.942609740000000000e+10 2.830200000000000000e+04
8.942610204000000000e+10 7.643000000000003638e+03
8.942619015200000000e+10 1.349000000000000364e+04
8.969003632800000000e+10 3.468100000000000000e+04
8.974538695200000000e+10 2.791700000000000000e+04
8.994943424800000000e+10 3.342300000000000728e+04
