# Timestamps in ns,Energies
2.839173360000000000e+08 7.065600000000000000e+04
3.005825360000000000e+08 4.516900000000000000e+04
4.183966480000000000e+08 3.767100000000000000e+04
8.772107600000000000e+08 5.379200000000000000e+04
1.166743496000000000e+09 4.842000000000000000e+04
1.313387912000000000e+09 4.450400000000000000e+04
3.261492008000000000e+09 9.977700000000000000e+04
4.858485112000000000e+09 9.258500000000001455e+04
5.354173192000000000e+09 8.091700000000000000e+04
5.354243464000000000e+09 2.297500000000000000e+04
6.067475048000000000e+09 6.704900000000000000e+04
6.389719992000000000e+09 6.035900000000000000e+04
6.544568568000000000e+09 4.972700000000000000e+04
6.544631608000000000e+09 1.049999999999999636e+04
6.582271192000000000e+09 2.818999999999999272e+04
6.601221192000000000e+09 2.330400000000000000e+04
6.618780504000000000e+09 1.872300000000000000e+04
7.641112392000000000e+09 6.509100000000000000e+04
9.566529352000000000e+09 1.064050000000000000e+05
9.589796808000000000e+09 4.788200000000000000e+04
1.012694516000000000e+10 6.631400000000000000e+04
1.030578069600000000e+10 5.335800000000000000e+04
1.039888383200000000e+10 3.732500000000000000e+04
1.091912400800000000e+10 5.831300000000000000e+04
1.091921812000000000e+10 2.266800000000000000e+04
1.091932976800000000e+10 1.372999999999999636e+04
1.114793877600000000e+10 3.636100000000000000e+04
1.163582570400000000e+10 6.002700000000000000e+04
1.199919093600000000e+10 5.280300000000000000e+04
1.310118605600000000e+10 8.860900000000000000e+04
1.310772717600000000e+10 4.676500000000000000e+04
1.310783935200000000e+10 1.422400000000000728e+04
1.319543936800000000e+10 3.070900000000000000e+04
1.415698143200000000e+10 6.853000000000000000e+04
1.415714016800000000e+10 2.618600000000000000e+04
1.454486484000000000e+10 5.298600000000000000e+04
1.557300223200000000e+10 9.427100000000002910e+04
1.572092866400000000e+10 5.061700000000000000e+04
1.610539973600000000e+10 5.904800000000000000e+04
1.634275820000000000e+10 5.108000000000000000e+04
1.692628303200000000e+10 6.345900000000000000e+04
1.692639492000000000e+10 2.746100000000000000e+04
1.699636890400000000e+10 3.552000000000000728e+04
1.935312877600000000e+10 9.801800000000000000e+04
2.010886845600000000e+10 8.066600000000000000e+04
2.131339146400000000e+10 9.112300000000000000e+04
2.141093247200000000e+10 5.972000000000000000e+04
2.183326525600000000e+10 6.360500000000000000e+04
2.251171688800000000e+10 7.704000000000000000e+04
2.295795348000000000e+10 6.659300000000000000e+04
2.303856464800000000e+10 4.410300000000000000e+04
2.307757236000000000e+10 3.299600000000000000e+04
2.388441080800000000e+10 6.568000000000000000e+04
2.388454092000000000e+10 2.523500000000000000e+04
2.422169954400000000e+10 5.052200000000000000e+04
2.439370495200000000e+10 4.286600000000000000e+04
2.494948994400000000e+10 6.387000000000000000e+04
2.494961679200000000e+10 3.340099999999999272e+04
2.505493765600000000e+10 3.321600000000000000e+04
2.631962101600000000e+10 8.192800000000000000e+04
2.658063898400000000e+10 5.824800000000000000e+04
2.675561183200000000e+10 4.767000000000000000e+04
2.786004352800000000e+10 8.240100000000000000e+04
2.791014116000000000e+10 4.738900000000000000e+04
2.894545324000000000e+10 7.744800000000000000e+04
2.916496533600000000e+10 6.131500000000000000e+04
2.923798653600000000e+10 4.423100000000000000e+04
2.923810053600000000e+10 1.212400000000000728e+04
3.075634893600000000e+10 8.203400000000001455e+04
3.144643008800000000e+10 8.120800000000000000e+04
3.157763296800000000e+10 5.025700000000000000e+04
3.228006986400000000e+10 6.959800000000000000e+04
3.231470426400000000e+10 4.067200000000000000e+04
3.308886061600000000e+10 6.627500000000000000e+04
3.308892306400000000e+10 1.530700000000000728e+04
3.330398469600000000e+10 5.177400000000000000e+04
3.333271079200000000e+10 3.700900000000000000e+04
3.340541554400000000e+10 2.821699999999999272e+04
3.341937135200000000e+10 2.248300000000000000e+04
3.385710045600000000e+10 4.337800000000000000e+04
3.446346164000000000e+10 6.176000000000000000e+04
3.460306952800000000e+10 4.476900000000000000e+04
3.491747388000000000e+10 4.564100000000000000e+04
3.493462546400000000e+10 3.399200000000000000e+04
3.520374026400000000e+10 4.781800000000000000e+04
3.540106076000000000e+10 4.049200000000000000e+04
3.541329637600000000e+10 2.704800000000000000e+04
3.632219978400000000e+10 6.545900000000000000e+04
3.637439594400000000e+10 4.165700000000000000e+04
3.646920844000000000e+10 3.545100000000000000e+04
3.664476407200000000e+10 3.628099999999999272e+04
3.668906946400000000e+10 2.763400000000000000e+04
3.685568373600000000e+10 2.994100000000000000e+04
3.739415604000000000e+10 5.690300000000000000e+04
3.739421924000000000e+10 1.194900000000000000e+04
3.818264196000000000e+10 6.562400000000000000e+04
3.925538810400000000e+10 8.464500000000000000e+04
3.960884940000000000e+10 7.182400000000000000e+04
3.970529076000000000e+10 4.366300000000000000e+04
3.997991981600000000e+10 4.523200000000000000e+04
4.023324728800000000e+10 4.932700000000000000e+04
4.118277768800000000e+10 7.768000000000000000e+04
4.182547802400000000e+10 7.534000000000000000e+04
4.224229952800000000e+10 6.240300000000000000e+04
4.230931703200000000e+10 4.768600000000000000e+04
4.230937298400000000e+10 7.158999999999992724e+03
4.302229375200000000e+10 6.235300000000000000e+04
4.368868239200000000e+10 7.179100000000000000e+04
4.371954300000000000e+10 4.212200000000000000e+04
4.570713943200000000e+10 9.670600000000000000e+04
4.570718173600000000e+10 3.634999999999992724e+03
4.656550525600000000e+10 8.801600000000000000e+04
4.745790698400000000e+10 8.858400000000000000e+04
4.763782365600000000e+10 5.500800000000000000e+04
4.774334637600000000e+10 4.207200000000000000e+04
4.803670868000000000e+10 4.629700000000000000e+04
4.831164592800000000e+10 4.700300000000000000e+04
4.831169775200000000e+10 6.234000000000000000e+03
4.874286240800000000e+10 5.244300000000000000e+04
4.877663082400000000e+10 3.352400000000000000e+04
4.890820309600000000e+10 3.547400000000000000e+04
4.905616732000000000e+10 3.448000000000000000e+04
4.931255983200000000e+10 4.013600000000000000e+04
4.963868359200000000e+10 4.863000000000000000e+04
4.993952676000000000e+10 4.788000000000000000e+04
5.023891196000000000e+10 4.881700000000000000e+04
5.036681517600000000e+10 4.274600000000000000e+04
5.037999693600000000e+10 2.696500000000000000e+04
5.257633634400000000e+10 9.056100000000000000e+04
5.257639031200000000e+10 1.458599999999999636e+04
5.407043751200000000e+10 1.032640000000000000e+05
5.437673704800000000e+10 7.394400000000001455e+04
5.438686460000000000e+10 4.115200000000000000e+04
5.487982605600000000e+10 5.946200000000000000e+04
5.511937077600000000e+10 4.877100000000000000e+04
5.617086757600000000e+10 8.348100000000000000e+04
5.656966405600000000e+10 7.478300000000000000e+04
5.659239455200000000e+10 4.186000000000000000e+04
5.668366588000000000e+10 3.386900000000000000e+04
5.683449293600000000e+10 3.357100000000000000e+04
5.689884320800000000e+10 2.816800000000000000e+04
5.711841480800000000e+10 3.732900000000000000e+04
5.746304106400000000e+10 4.358600000000000000e+04
5.747235887200000000e+10 2.985000000000000000e+04
5.747242850400000000e+10 7.680000000000000000e+03
5.747255341600000000e+10 8.055999999999996362e+03
5.747268447200000000e+10 8.559000000000000000e+03
5.755138909600000000e+10 1.914800000000000000e+04
5.786394981600000000e+10 3.286200000000000000e+04
5.833790676000000000e+10 4.760200000000000000e+04
5.917910799200000000e+10 7.544800000000000000e+04
5.952120687200000000e+10 6.027200000000000000e+04
5.971594581600000000e+10 4.910600000000000000e+04
5.983430503200000000e+10 4.180500000000000000e+04
6.034797956000000000e+10 5.234600000000000000e+04
6.045840629600000000e+10 4.417600000000000000e+04
6.256883413600000000e+10 9.188800000000000000e+04
6.268481536800000000e+10 5.494100000000000000e+04
6.416989191200000000e+10 9.282400000000000000e+04
6.495101461600000000e+10 8.033800000000000000e+04
6.495112013600000000e+10 3.052900000000000728e+04
6.502480412000000000e+10 3.879000000000000000e+04
6.626826973600000000e+10 8.064000000000000000e+04
6.663324184800000000e+10 7.696000000000000000e+04
6.721726735200000000e+10 7.056800000000000000e+04
6.725591084000000000e+10 4.408200000000000000e+04
6.725600240800000000e+10 1.374100000000000364e+04
6.730446842400000000e+10 3.026200000000000000e+04
6.804812122400000000e+10 6.321600000000000000e+04
6.804818576800000000e+10 1.471900000000000728e+04
6.831877642400000000e+10 4.630800000000000000e+04
6.831882290400000000e+10 2.332000000000007276e+03
6.836454658400000000e+10 3.407900000000000728e+04
6.884605964000000000e+10 5.472500000000000000e+04
6.900429597600000000e+10 4.416800000000000000e+04
6.915569364000000000e+10 3.774300000000000000e+04
6.965696748000000000e+10 5.382500000000000000e+04
6.971074176800000000e+10 3.725300000000000000e+04
7.012998970400000000e+10 5.329200000000000000e+04
7.056249133600000000e+10 5.748900000000000000e+04
7.056256564000000000e+10 1.694999999999999272e+04
7.084176960800000000e+10 4.406400000000000000e+04
7.084186445600000000e+10 2.236700000000000000e+04
7.153906752800000000e+10 7.090600000000000000e+04
7.160435631200000000e+10 4.594800000000000000e+04
7.191772978400000000e+10 4.611900000000000000e+04
7.199162316000000000e+10 3.446999999999999272e+04
7.214064309600000000e+10 3.481500000000000000e+04
7.378308325600000000e+10 8.788000000000000000e+04
7.425297476000000000e+10 6.844300000000000000e+04
7.481402130400000000e+10 6.763600000000000000e+04
7.481429661600000000e+10 4.294400000000000000e+04
7.481447832800000000e+10 2.338600000000000000e+04
7.760182263200000000e+10 1.105400000000000000e+05
7.772146973600000000e+10 5.822500000000000000e+04
7.877973916000000000e+10 7.833400000000000000e+04
7.920681197600000000e+10 6.777900000000000000e+04
7.973559032800000000e+10 6.408900000000000000e+04
7.973565077600000000e+10 6.437999999999996362e+03
7.975523520800000000e+10 3.713400000000000000e+04
8.016121175200000000e+10 5.481800000000000000e+04
8.067876508000000000e+10 6.212800000000000000e+04
8.168385930400000000e+10 8.447300000000000000e+04
8.176860716000000000e+10 4.627200000000000000e+04
8.353397655200000000e+10 8.922800000000000000e+04
8.353410788000000000e+10 1.737799999999999272e+04
8.482198072800000000e+10 9.786199999999998545e+04
8.505066490400000000e+10 6.441600000000000000e+04
8.553869968800000000e+10 6.774600000000000000e+04
8.553874712800000000e+10 5.769999999999992724e+03
8.576735482400000000e+10 4.946800000000000000e+04
8.576741791200000000e+10 1.194399999999999272e+04
8.576752336800000000e+10 1.355299999999999272e+04
8.585635714400000000e+10 2.885700000000000000e+04
8.628407445600000000e+10 4.612800000000000000e+04
8.691982039200000000e+10 6.068800000000000000e+04
8.771524076000000000e+10 7.156200000000000000e+04
8.806795746400000000e+10 6.399300000000000000e+04
8.910308565600000000e+10 9.437200000000000000e+04
8.910313943200000000e+10 1.275900000000000728e+04
8.926504464800000000e+10 5.188800000000000000e+04
8.936481988000000000e+10 3.660300000000000000e+04
8.994090808800000000e+10 5.653700000000000000e+04
