# Timestamps in ns,Energies
8.850476240000000000e+08 8.191500000000000000e+04
8.850950320000000000e+08 8.190000000000000000e+03
1.144278264000000000e+09 5.680000000000000000e+04
1.211741128000000000e+09 3.811400000000000000e+04
1.395727832000000000e+09 4.202100000000000000e+04
1.468875448000000000e+09 3.013599999999999272e+04
3.129968184000000000e+09 8.943800000000000000e+04
3.145764776000000000e+09 4.546700000000000000e+04
3.145849576000000000e+09 1.781600000000000000e+04
3.145997160000000000e+09 1.487500000000000000e+04
3.430604536000000000e+09 4.185100000000000000e+04
3.685381976000000000e+09 4.417600000000000000e+04
4.155267320000000000e+09 5.392900000000000000e+04
4.198836952000000000e+09 3.782300000000000000e+04
4.285164232000000000e+09 3.106300000000000000e+04
4.285228552000000000e+09 7.168999999999996362e+03
4.294789064000000000e+09 2.051500000000000000e+04
4.635383608000000000e+09 3.515800000000000728e+04
5.093527688000000000e+09 5.174400000000000000e+04
5.626895672000000000e+09 5.916800000000000000e+04
6.034590488000000000e+09 5.876900000000000000e+04
6.072395144000000000e+09 3.673700000000000000e+04
6.109883784000000000e+09 2.986100000000000000e+04
6.159876888000000000e+09 2.694300000000000000e+04
6.365810104000000000e+09 3.331600000000000728e+04
6.439141672000000000e+09 2.651200000000000000e+04
7.281412008000000000e+09 7.348900000000000000e+04
7.843696216000000000e+09 7.684400000000000000e+04
8.555886040000000000e+09 8.188200000000000000e+04
9.124860136000000000e+09 7.570499999999998545e+04
9.578866120000000000e+09 7.004900000000000000e+04
9.703545736000000000e+09 4.695300000000000000e+04
1.118339424800000000e+10 8.560400000000000000e+04
1.160611178400000000e+10 7.232000000000000000e+04
1.182928818400000000e+10 5.700400000000000000e+04
1.215290260000000000e+10 5.214400000000000000e+04
1.237257940000000000e+10 5.090700000000000000e+04
1.243946008800000000e+10 3.619100000000000000e+04
1.267102610400000000e+10 3.766700000000000000e+04
1.293647514400000000e+10 4.233500000000000000e+04
1.378761490400000000e+10 6.973900000000000000e+04
1.378774002400000000e+10 1.835100000000000000e+04
1.439987325600000000e+10 6.863100000000000000e+04
1.489064208800000000e+10 6.240900000000000000e+04
1.526953752800000000e+10 5.766900000000000000e+04
1.535945597600000000e+10 4.259800000000000000e+04
1.539458314400000000e+10 3.201400000000000728e+04
1.631502328800000000e+10 7.000900000000000000e+04
1.638904780000000000e+10 4.526600000000000000e+04
1.639658575200000000e+10 3.194400000000000000e+04
1.698540821600000000e+10 5.472300000000000000e+04
1.698546037600000000e+10 8.108999999999996362e+03
1.700349288800000000e+10 3.191600000000000000e+04
1.727543399200000000e+10 4.331800000000000000e+04
1.736199076000000000e+10 3.547100000000000728e+04
1.857952812000000000e+10 8.048800000000000000e+04
1.857959076000000000e+10 1.737499999999999272e+04
1.857968218400000000e+10 1.787499999999999636e+04
1.903890511200000000e+10 5.793600000000000000e+04
1.931701898400000000e+10 5.428800000000000000e+04
1.946712768800000000e+10 4.551300000000000000e+04
1.946721668000000000e+10 1.866900000000000728e+04
1.983451365600000000e+10 5.016200000000000000e+04
2.058061813600000000e+10 7.008000000000000000e+04
2.091563580000000000e+10 6.411200000000000000e+04
2.091570636000000000e+10 1.780800000000000364e+04
2.148569602400000000e+10 7.127300000000000000e+04
2.218414800800000000e+10 7.537600000000001455e+04
2.218420589600000000e+10 1.305099999999999636e+04
2.231582088800000000e+10 4.589600000000000000e+04
2.263417122400000000e+10 4.913800000000000000e+04
2.328548656800000000e+10 6.637100000000000000e+04
2.328554924000000000e+10 1.489500000000000364e+04
2.379281783200000000e+10 6.803200000000000000e+04
2.386183525600000000e+10 4.011200000000000000e+04
2.420498493600000000e+10 5.225600000000000000e+04
2.429294812000000000e+10 3.910400000000000000e+04
2.429305189600000000e+10 1.181500000000000000e+04
2.494957392800000000e+10 6.119700000000000000e+04
2.601640159200000000e+10 8.248000000000000000e+04
2.622824468000000000e+10 6.136600000000000000e+04
2.628931124000000000e+10 4.459100000000000000e+04
2.687241013600000000e+10 5.931200000000000000e+04
2.726821796000000000e+10 5.949600000000000000e+04
2.769198791200000000e+10 6.050800000000000000e+04
2.804411360800000000e+10 5.541000000000000000e+04
2.811573964000000000e+10 3.976700000000000000e+04
2.825978429600000000e+10 3.639400000000000000e+04
2.886540008800000000e+10 5.731600000000000000e+04
2.886551807200000000e+10 3.000200000000000728e+04
2.888754399200000000e+10 2.866199999999999272e+04
2.891432472800000000e+10 2.274000000000000000e+04
2.899530684000000000e+10 2.232800000000000000e+04
2.969998287200000000e+10 5.859300000000000000e+04
2.970002863200000000e+10 2.778000000000003638e+03
2.992156972000000000e+10 4.671200000000000000e+04
2.993451511200000000e+10 3.349400000000000000e+04
2.995410668000000000e+10 2.330600000000000000e+04
3.010468016800000000e+10 2.858700000000000000e+04
3.160372264800000000e+10 9.854100000000000000e+04
3.160376596000000000e+10 2.926000000000007276e+03
3.166983189600000000e+10 5.338100000000000000e+04
3.216744031200000000e+10 6.975500000000000000e+04
3.237570442400000000e+10 5.343600000000000000e+04
3.276890213600000000e+10 5.481700000000000000e+04
3.293938500000000000e+10 4.415600000000000000e+04
3.293949511200000000e+10 2.639900000000000000e+04
3.293955506400000000e+10 2.009999999999996362e+03
3.297927802400000000e+10 2.534500000000000000e+04
3.299248144800000000e+10 1.793500000000000728e+04
3.334131224800000000e+10 3.468700000000000000e+04
3.334151616800000000e+10 2.382200000000000728e+04
3.367461442400000000e+10 3.972800000000000000e+04
3.367759970400000000e+10 2.569000000000000000e+04
3.429395988000000000e+10 5.328000000000000000e+04
3.438060565600000000e+10 3.825600000000000000e+04
3.451292728800000000e+10 3.424099999999999272e+04
3.465242325600000000e+10 3.533200000000000728e+04
3.499404317600000000e+10 4.399900000000000000e+04
3.574123445600000000e+10 6.784200000000000000e+04
3.577836832800000000e+10 4.331800000000000000e+04
3.577846264800000000e+10 1.325000000000000728e+04
3.591222690400000000e+10 3.578199999999999272e+04
3.670818485600000000e+10 7.296900000000000000e+04
3.806083524000000000e+10 8.768000000000000000e+04
3.900415588000000000e+10 9.701800000000000000e+04
4.046621370400000000e+10 1.026140000000000000e+05
4.076827248800000000e+10 7.077700000000000000e+04
4.138514388000000000e+10 6.710500000000000000e+04
4.145138496800000000e+10 4.496000000000000000e+04
4.160192864800000000e+10 3.906100000000000000e+04
4.215083440800000000e+10 5.477100000000000000e+04
4.215097338400000000e+10 3.302700000000000000e+04
4.254725674400000000e+10 4.989600000000000000e+04
4.326584309600000000e+10 7.675200000000000000e+04
4.353477759200000000e+10 6.214300000000000000e+04
4.376724460000000000e+10 4.763500000000000000e+04
4.397865909600000000e+10 4.549700000000000000e+04
4.398769221600000000e+10 2.993800000000000000e+04
4.400231591200000000e+10 2.399200000000000000e+04
4.436482504800000000e+10 4.045500000000000000e+04
4.451419444000000000e+10 3.877500000000000000e+04
4.509287152800000000e+10 5.329100000000000000e+04
4.511106376800000000e+10 4.096100000000000000e+04
4.511121792800000000e+10 1.337800000000000000e+04
4.523761143200000000e+10 2.927200000000000000e+04
4.599015916000000000e+10 7.346999999999998545e+04
4.614624572000000000e+10 5.012500000000000000e+04
4.763134528800000000e+10 9.964500000000000000e+04
4.787512687200000000e+10 5.959200000000000000e+04
4.787519271200000000e+10 1.496699999999999636e+04
4.787526938400000000e+10 9.712000000000007276e+03
4.834566242400000000e+10 5.401800000000000000e+04
4.878371674400000000e+10 6.974300000000000000e+04
5.026813744800000000e+10 8.804800000000000000e+04
5.031709239200000000e+10 5.073800000000000000e+04
5.039066362400000000e+10 3.916000000000000000e+04
5.039072493600000000e+10 7.911000000000000000e+03
5.039131823200000000e+10 2.412000000000000000e+04
5.061840876000000000e+10 3.363000000000000000e+04
5.105139583200000000e+10 4.733000000000000000e+04
5.115459501600000000e+10 3.823300000000000000e+04
5.148666775200000000e+10 5.116100000000000000e+04
5.172759693600000000e+10 4.543200000000000000e+04
5.177179357600000000e+10 3.191700000000000728e+04
5.183752343200000000e+10 2.742099999999999272e+04
5.241853596000000000e+10 5.552000000000000000e+04
5.264251890400000000e+10 5.203500000000000000e+04
5.280013413600000000e+10 4.224600000000000000e+04
5.330313045600000000e+10 5.609700000000000000e+04
5.330318426400000000e+10 8.281000000000007276e+03
5.384280564000000000e+10 5.751200000000000000e+04
5.384293503200000000e+10 3.349599999999999272e+04
5.433237744800000000e+10 5.781700000000000000e+04
5.454044624800000000e+10 5.520900000000000000e+04
5.476020072800000000e+10 4.854600000000000000e+04
5.497914455200000000e+10 4.414400000000000000e+04
5.530936130400000000e+10 5.120000000000000000e+04
5.531422527200000000e+10 3.136199999999999272e+04
5.533355938400000000e+10 2.230800000000000000e+04
5.556589178400000000e+10 3.161400000000000000e+04
5.556601370400000000e+10 1.824800000000000000e+04
5.589284600800000000e+10 3.784700000000000000e+04
5.626032564000000000e+10 5.001600000000000000e+04
5.653098687200000000e+10 5.020400000000000000e+04
5.656691173600000000e+10 3.204600000000000728e+04
5.772347591200000000e+10 7.490400000000000000e+04
5.772357434400000000e+10 3.600500000000000728e+04
5.807309725600000000e+10 5.404000000000000000e+04
5.834520376800000000e+10 5.201500000000000000e+04
5.912064400800000000e+10 6.815200000000000000e+04
5.967697711200000000e+10 7.194500000000000000e+04
6.033390954400000000e+10 7.978400000000000000e+04
6.068358138400000000e+10 7.002800000000000000e+04
6.103794277600000000e+10 5.937000000000000000e+04
6.114313890400000000e+10 4.231600000000000000e+04
6.123893354400000000e+10 3.473600000000000000e+04
6.127503936800000000e+10 2.750400000000000000e+04
6.174736936800000000e+10 4.523400000000000000e+04
6.262202591200000000e+10 7.023200000000000000e+04
6.290268029600000000e+10 5.936800000000000000e+04
6.290277199200000000e+10 2.446000000000000000e+04
6.313690828000000000e+10 4.370500000000000000e+04
6.323947597600000000e+10 3.683200000000000000e+04
6.324799108000000000e+10 2.572800000000000000e+04
6.324806485600000000e+10 7.167000000000007276e+03
6.405882032800000000e+10 5.813600000000000000e+04
6.405888392800000000e+10 1.437899999999999636e+04
6.465777588000000000e+10 6.560200000000000000e+04
6.522175328800000000e+10 6.671500000000000000e+04
6.587716314400000000e+10 7.708200000000000000e+04
6.587723405600000000e+10 1.064200000000000364e+04
6.594622144800000000e+10 4.138400000000000000e+04
6.631091216800000000e+10 5.505500000000000000e+04
6.631104247200000000e+10 1.659000000000000000e+04
6.647676116000000000e+10 3.790600000000000000e+04
6.676271796000000000e+10 4.398100000000000000e+04
6.717676237600000000e+10 5.648800000000000000e+04
6.739741876000000000e+10 4.591200000000000000e+04
6.755517431200000000e+10 3.995300000000000000e+04
6.790433026400000000e+10 4.999500000000000000e+04
6.790442703200000000e+10 2.220300000000000728e+04
6.804505016800000000e+10 3.247799999999999272e+04
6.804511196000000000e+10 7.407000000000000000e+03
6.851209162400000000e+10 4.666900000000000000e+04
6.858492509600000000e+10 3.547500000000000000e+04
6.878474709600000000e+10 3.697200000000000000e+04
6.894124252000000000e+10 3.548800000000000000e+04
6.907900063200000000e+10 3.715100000000000000e+04
6.948628215200000000e+10 4.830900000000000000e+04
6.948636261600000000e+10 1.564499999999999636e+04
7.039226666400000000e+10 8.430400000000000000e+04
7.056135074400000000e+10 4.872200000000000000e+04
7.090273616800000000e+10 5.619900000000000000e+04
7.121149679200000000e+10 5.114400000000000000e+04
7.151602868000000000e+10 4.793600000000000000e+04
7.165151972000000000e+10 4.193500000000000000e+04
7.196210906400000000e+10 4.438500000000000000e+04
7.206639018400000000e+10 3.714100000000000000e+04
7.220737666400000000e+10 3.397400000000000000e+04
7.298000999200000000e+10 6.288200000000000000e+04
7.323387399200000000e+10 5.504200000000000000e+04
7.369425719200000000e+10 6.853700000000000000e+04
7.393927396000000000e+10 5.068900000000000000e+04
7.426547272800000000e+10 6.421900000000000000e+04
7.428824578400000000e+10 3.252900000000000000e+04
7.435026413600000000e+10 2.938100000000000728e+04
7.476604906400000000e+10 4.540300000000000000e+04
7.521434548000000000e+10 5.631200000000000000e+04
7.574240234400000000e+10 5.981600000000000000e+04
7.574251389600000000e+10 7.345999999999996362e+03
7.584502898400000000e+10 3.852000000000000000e+04
7.584507701600000000e+10 1.974999999999996362e+03
7.667576642400000000e+10 6.949100000000000000e+04
7.705104082400000000e+10 6.093800000000000000e+04
7.834210980000000000e+10 8.442500000000000000e+04
7.881668612000000000e+10 7.683199999999998545e+04
7.916802136800000000e+10 6.422400000000000000e+04
7.916807556000000000e+10 1.027900000000000364e+04
7.916820788000000000e+10 1.859900000000000000e+04
7.973503981600000000e+10 5.810100000000000000e+04
8.024290429600000000e+10 6.594800000000000000e+04
8.036988564000000000e+10 4.896600000000000000e+04
8.040712284000000000e+10 3.139199999999999272e+04
8.080166045600000000e+10 4.531300000000000000e+04
8.133813733600000000e+10 6.318700000000000000e+04
8.133824045600000000e+10 2.576800000000000000e+04
8.153151965600000000e+10 4.156700000000000000e+04
8.165941516000000000e+10 3.683700000000000000e+04
8.234682428000000000e+10 6.084000000000000000e+04
8.311397980000000000e+10 8.332100000000002910e+04
8.331142722400000000e+10 5.584100000000000000e+04
8.334023357600000000e+10 3.671900000000000000e+04
8.425236309600000000e+10 6.871500000000000000e+04
8.442582583200000000e+10 5.118600000000000000e+04
8.451291904800000000e+10 3.910400000000000000e+04
8.463346975200000000e+10 3.439899999999999272e+04
8.504369720800000000e+10 5.267200000000000000e+04
8.504376189600000000e+10 1.317399999999999272e+04
8.578599000800000000e+10 7.287999999999998545e+04
8.578616039200000000e+10 2.555999999999999272e+04
8.722193311200000000e+10 8.504100000000000000e+04
8.749066783200000000e+10 6.283800000000000000e+04
8.807405634400000000e+10 6.490200000000000000e+04
8.809215389600000000e+10 4.673000000000000000e+04
