# Timestamps in ns,Energies
1.569927120000000000e+08 3.296800000000000000e+04
4.236676080000000000e+08 3.935300000000000000e+04
4.534946480000000000e+08 2.936600000000000728e+04
6.034786000000000000e+08 3.167400000000000000e+04
8.063421360000000000e+08 3.326300000000000000e+04
9.960171760000000000e+08 3.562700000000000728e+04
1.084414296000000000e+09 3.036600000000000000e+04
1.127671368000000000e+09 2.447700000000000000e+04
1.149377208000000000e+09 1.983200000000000000e+04
1.258336632000000000e+09 2.224200000000000000e+04
1.302155752000000000e+09 1.920900000000000000e+04
1.637911032000000000e+09 3.134200000000000000e+04
1.958546136000000000e+09 3.992400000000000000e+04
2.069294008000000000e+09 3.509600000000000000e+04
2.138736984000000000e+09 2.834300000000000000e+04
2.314251144000000000e+09 3.167300000000000000e+04
2.496995768000000000e+09 3.413100000000000000e+04
2.758619048000000000e+09 3.706400000000000000e+04
2.785055320000000000e+09 2.762300000000000728e+04
2.821587480000000000e+09 2.256500000000000000e+04
3.115309464000000000e+09 3.474800000000000000e+04
3.142124872000000000e+09 2.370499999999999272e+04
3.262528680000000000e+09 2.598100000000000000e+04
3.262657336000000000e+09 1.472499999999999272e+04
3.355825336000000000e+09 2.136100000000000000e+04
3.659618904000000000e+09 3.304399999999999272e+04
3.797089432000000000e+09 3.175799999999999272e+04
3.860107288000000000e+09 2.674600000000000000e+04
4.012993928000000000e+09 2.892200000000000728e+04
4.032837352000000000e+09 2.227200000000000000e+04
4.073587208000000000e+09 1.921200000000000000e+04
4.290637288000000000e+09 2.582300000000000000e+04
4.314539512000000000e+09 2.121000000000000000e+04
4.521424680000000000e+09 2.750300000000000728e+04
4.521479384000000000e+09 2.686000000000000000e+03
4.696597672000000000e+09 2.844200000000000000e+04
4.750417080000000000e+09 2.515300000000000000e+04
4.992883272000000000e+09 2.987000000000000000e+04
4.992938792000000000e+09 4.415999999999996362e+03
5.251971784000000000e+09 3.424800000000000000e+04
5.752539544000000000e+09 5.024900000000000000e+04
6.245292056000000000e+09 5.454400000000000000e+04
6.395122984000000000e+09 4.541300000000000000e+04
6.466936936000000000e+09 3.477500000000000000e+04
6.576469320000000000e+09 3.370200000000000000e+04
6.878391992000000000e+09 3.984000000000000000e+04
7.001437416000000000e+09 3.610000000000000728e+04
7.338453160000000000e+09 4.133800000000000000e+04
7.423046008000000000e+09 3.526299999999999272e+04
7.497713144000000000e+09 2.851000000000000728e+04
7.729214456000000000e+09 3.278300000000000000e+04
8.436022664000000000e+09 5.674300000000000000e+04
8.458740344000000000e+09 3.579400000000000000e+04
8.633036760000000000e+09 3.998300000000000000e+04
8.862012664000000000e+09 4.004300000000000000e+04
8.966265736000000000e+09 3.587900000000000000e+04
9.272665608000000000e+09 4.249400000000000000e+04
9.546006376000000000e+09 4.167400000000000000e+04
9.613964440000000000e+09 3.516700000000000728e+04
9.614139832000000000e+09 2.112700000000000728e+04
9.807236536000000000e+09 3.145900000000000000e+04
1.019274220000000000e+10 4.146900000000000000e+04
1.076152389600000000e+10 5.903400000000000000e+04
1.108609359200000000e+10 5.304000000000000000e+04
1.148905504800000000e+10 5.482600000000000000e+04
1.152305511200000000e+10 3.970300000000000000e+04
1.169609810400000000e+10 3.544400000000000000e+04
1.170646687200000000e+10 2.611200000000000000e+04
1.170661656800000000e+10 1.536099999999999636e+04
1.180125799200000000e+10 2.183399999999999272e+04
1.186782088800000000e+10 2.136000000000000000e+04
1.213941277600000000e+10 2.968000000000000000e+04
1.249654164000000000e+10 4.420700000000000000e+04
1.253342066400000000e+10 3.110999999999999272e+04
1.259173911200000000e+10 2.619700000000000000e+04
1.259183469600000000e+10 1.138900000000000728e+04
1.271213130400000000e+10 2.318999999999999272e+04
1.275450655200000000e+10 1.994500000000000000e+04
1.280652287200000000e+10 1.914300000000000000e+04
1.300198388000000000e+10 2.609900000000000000e+04
1.303089602400000000e+10 2.144000000000000000e+04
1.305092896800000000e+10 1.775900000000000000e+04
1.357983005600000000e+10 3.984300000000000000e+04
1.388795276000000000e+10 4.463300000000000000e+04
1.388808084000000000e+10 2.437500000000000000e+04
1.391065247200000000e+10 2.480100000000000000e+04
1.400543282400000000e+10 2.435600000000000000e+04
1.403281624800000000e+10 2.072000000000000000e+04
1.439558567200000000e+10 3.541000000000000000e+04
1.452824063200000000e+10 3.301100000000000728e+04
1.452838922400000000e+10 1.882000000000000000e+04
1.529516589600000000e+10 6.060000000000000000e+04
1.530654564000000000e+10 4.195000000000000000e+04
1.564192311200000000e+10 4.634500000000000000e+04
1.564197039200000000e+10 2.841000000000007276e+03
1.568966863200000000e+10 3.024800000000000000e+04
1.579130492000000000e+10 3.108800000000000728e+04
1.601927938400000000e+10 3.716900000000000000e+04
1.611634989600000000e+10 2.986600000000000000e+04
1.611641802400000000e+10 7.747999999999996362e+03
1.640243610400000000e+10 3.618900000000000000e+04
1.659050514400000000e+10 3.448200000000000000e+04
1.694225061600000000e+10 4.667800000000000000e+04
1.736122242400000000e+10 5.612900000000000000e+04
1.736130018400000000e+10 1.782799999999999636e+04
1.790592543200000000e+10 5.635500000000000000e+04
1.791263012000000000e+10 3.473199999999999272e+04
1.799212106400000000e+10 3.184600000000000000e+04
1.802533695200000000e+10 2.573900000000000000e+04
1.805761204000000000e+10 2.072999999999999272e+04
1.805771215200000000e+10 1.099699999999999636e+04
1.815664660000000000e+10 1.982500000000000000e+04
1.820825072800000000e+10 1.831500000000000728e+04
1.854200354400000000e+10 3.273600000000000000e+04
1.892041946400000000e+10 4.411800000000000000e+04
1.955482354400000000e+10 6.105900000000000000e+04
1.965748575200000000e+10 4.579000000000000000e+04
1.980045967200000000e+10 4.224700000000000000e+04
1.993085650400000000e+10 3.389200000000000000e+04
2.037019744800000000e+10 4.596400000000000000e+04
2.047516223200000000e+10 3.951400000000000000e+04
2.053574378400000000e+10 2.998300000000000000e+04
2.082150157600000000e+10 3.847900000000000000e+04
2.106579479200000000e+10 3.920800000000000000e+04
2.115883181600000000e+10 3.264700000000000728e+04
2.152634868000000000e+10 4.560900000000000000e+04
2.158415706400000000e+10 3.382500000000000000e+04
2.187680423200000000e+10 3.895400000000000000e+04
2.224410976800000000e+10 4.950500000000000000e+04
2.224426725600000000e+10 1.951500000000000728e+04
2.228677152800000000e+10 2.655199999999999272e+04
2.238116877600000000e+10 2.552200000000000000e+04
2.242474424800000000e+10 2.278200000000000000e+04
2.263752850400000000e+10 2.794700000000000000e+04
2.280668090400000000e+10 3.016500000000000728e+04
2.296112644000000000e+10 3.004000000000000000e+04
2.301297325600000000e+10 2.673600000000000000e+04
2.316242540000000000e+10 2.797100000000000000e+04
2.352054720800000000e+10 4.010000000000000000e+04
2.378951997600000000e+10 4.472000000000000000e+04
2.381116080800000000e+10 3.010300000000000000e+04
2.381128063200000000e+10 1.705300000000000364e+04
2.461383455200000000e+10 5.593700000000000000e+04
2.461389877600000000e+10 6.306000000000007276e+03
2.464846994400000000e+10 3.519000000000000000e+04
2.467970290400000000e+10 2.689799999999999272e+04
2.480180120800000000e+10 2.793400000000000728e+04
2.503800180000000000e+10 3.391900000000000728e+04
2.560749015200000000e+10 5.076300000000000000e+04
2.567596231200000000e+10 3.828900000000000000e+04
2.570607940000000000e+10 2.936100000000000000e+04
2.576874810400000000e+10 2.551800000000000000e+04
2.619420040800000000e+10 4.218700000000000000e+04
2.630199080800000000e+10 3.587200000000000000e+04
2.677470749600000000e+10 4.925500000000000000e+04
2.698400464800000000e+10 4.883500000000000000e+04
2.703716148000000000e+10 3.441500000000000000e+04
2.714286263200000000e+10 3.100299999999999272e+04
2.722037692000000000e+10 2.781100000000000000e+04
2.744152196000000000e+10 3.178600000000000000e+04
2.746695909600000000e+10 2.527899999999999272e+04
2.792410821600000000e+10 4.568100000000000000e+04
2.813820612000000000e+10 4.138100000000000000e+04
2.858288528800000000e+10 5.688900000000000000e+04
2.880498341600000000e+10 5.038900000000000000e+04
2.883926124000000000e+10 3.253700000000000000e+04
2.901420093600000000e+10 3.484400000000000000e+04
2.911610455200000000e+10 3.139000000000000000e+04
2.934666090400000000e+10 3.558299999999999272e+04
2.948514132000000000e+10 3.437199999999999272e+04
2.981083650400000000e+10 4.380800000000000000e+04
2.986231629600000000e+10 3.265600000000000728e+04
2.997126472800000000e+10 3.031899999999999272e+04
3.030241936800000000e+10 3.925200000000000000e+04
3.043358445600000000e+10 3.516899999999999272e+04
3.044070314400000000e+10 2.581399999999999272e+04
3.059482248800000000e+10 2.757500000000000728e+04
3.074667077600000000e+10 2.977600000000000728e+04
3.100552039200000000e+10 3.746200000000000000e+04
3.102866976800000000e+10 2.698600000000000000e+04
3.105953648800000000e+10 2.163700000000000728e+04
3.162492020000000000e+10 4.430400000000000000e+04
3.162498258400000000e+10 1.049699999999999272e+04
3.167822658400000000e+10 3.090000000000000000e+04
3.173746293600000000e+10 2.640300000000000000e+04
3.201236340000000000e+10 3.396200000000000000e+04
3.222531757600000000e+10 3.589300000000000000e+04
3.265292980000000000e+10 5.128800000000000000e+04
3.271627823200000000e+10 3.879000000000000000e+04
3.286597597600000000e+10 3.417100000000000000e+04
3.292876834400000000e+10 2.807800000000000000e+04
3.302737346400000000e+10 2.730600000000000000e+04
3.371015143200000000e+10 5.357300000000000000e+04
3.371840693600000000e+10 3.693300000000000000e+04
3.394121829600000000e+10 3.801700000000000000e+04
3.394143122400000000e+10 2.337900000000000000e+04
3.395666396000000000e+10 2.088800000000000000e+04
3.398328028000000000e+10 1.892300000000000000e+04
3.398427101600000000e+10 1.394499999999999272e+04
3.414607408800000000e+10 2.073200000000000000e+04
3.424690714400000000e+10 2.210600000000000000e+04
3.438156941600000000e+10 2.378300000000000000e+04
3.451181746400000000e+10 2.566499999999999272e+04
3.491119615200000000e+10 3.859900000000000000e+04
3.493294738400000000e+10 2.866900000000000000e+04
3.521939504800000000e+10 4.049100000000000000e+04
3.527859088800000000e+10 2.870200000000000000e+04
3.545636855200000000e+10 3.263900000000000728e+04
3.567527418400000000e+10 3.809300000000000000e+04
3.580227015200000000e+10 3.080700000000000000e+04
3.581927901600000000e+10 2.378600000000000000e+04
3.582220261600000000e+10 1.817000000000000728e+04
3.587652216800000000e+10 1.902900000000000000e+04
3.611191999200000000e+10 2.799799999999999272e+04
3.629082488800000000e+10 3.112600000000000000e+04
3.629093237600000000e+10 1.376400000000000364e+04
3.630063602400000000e+10 1.797199999999999272e+04
3.649263607200000000e+10 2.597700000000000000e+04
3.697217271200000000e+10 4.190400000000000000e+04
3.738954244000000000e+10 5.227600000000000000e+04
3.769537247200000000e+10 4.808400000000000000e+04
3.769947063200000000e+10 3.046900000000000000e+04
3.787270599200000000e+10 3.636900000000000000e+04
3.811462296800000000e+10 4.145700000000000000e+04
3.877100464800000000e+10 5.565000000000000000e+04
3.877107909600000000e+10 1.891600000000000000e+04
3.877114480800000000e+10 6.253999999999992724e+03
3.877647221600000000e+10 2.911900000000000000e+04
3.877656700000000000e+10 1.147800000000000728e+04
3.894750528800000000e+10 2.972800000000000000e+04
3.900887296800000000e+10 2.409799999999999272e+04
3.902244565600000000e+10 1.928300000000000000e+04
3.927428381600000000e+10 2.884500000000000000e+04
3.927435261600000000e+10 7.778000000000003638e+03
3.933483389600000000e+10 2.328400000000000000e+04
3.952543060000000000e+10 2.757700000000000000e+04
3.954288503200000000e+10 2.136000000000000000e+04
3.961371330400000000e+10 2.093300000000000000e+04
3.965360693600000000e+10 1.847900000000000000e+04
3.972545695200000000e+10 1.824200000000000000e+04
3.989877028000000000e+10 2.370200000000000728e+04
4.014230440800000000e+10 3.057600000000000000e+04
4.042078818400000000e+10 3.720300000000000000e+04
4.062068724000000000e+10 3.843100000000000000e+04
4.062074194400000000e+10 6.287000000000007276e+03
4.064459767200000000e+10 2.496299999999999272e+04
4.075843085600000000e+10 2.608200000000000728e+04
4.098817826400000000e+10 3.316099999999999272e+04
4.103258340000000000e+10 2.621100000000000000e+04
4.109563912800000000e+10 2.288800000000000000e+04
4.131842338400000000e+10 3.047300000000000000e+04
4.163786101600000000e+10 3.728100000000000000e+04
4.174955520800000000e+10 3.208099999999999272e+04
4.197089000800000000e+10 3.798300000000000000e+04
4.279702762400000000e+10 7.218700000000000000e+04
4.286973824800000000e+10 4.455800000000000000e+04
4.304642292000000000e+10 4.017000000000000000e+04
4.322367442400000000e+10 3.600300000000000000e+04
4.322480732000000000e+10 2.454200000000000000e+04
4.337072080800000000e+10 3.035300000000000000e+04
4.385358447200000000e+10 4.665400000000000000e+04
4.386809440800000000e+10 3.079999999999999272e+04
4.409459319200000000e+10 3.849100000000000000e+04
4.411557911200000000e+10 2.980800000000000000e+04
4.439546770400000000e+10 3.666300000000000000e+04
4.497982132000000000e+10 5.211300000000000000e+04
4.517755855200000000e+10 4.777100000000000000e+04
4.526408631200000000e+10 3.754500000000000000e+04
4.529678709600000000e+10 2.658700000000000000e+04
4.529920290400000000e+10 1.957500000000000000e+04
4.530725247200000000e+10 1.570700000000000364e+04
4.548208850400000000e+10 2.304099999999999272e+04
4.584071869600000000e+10 3.566900000000000000e+04
4.594169592800000000e+10 3.107199999999999272e+04
4.594814628000000000e+10 2.128600000000000000e+04
4.606323768800000000e+10 2.520000000000000000e+04
4.620094696800000000e+10 2.783800000000000728e+04
4.634481700000000000e+10 2.784800000000000728e+04
4.639031367200000000e+10 2.344800000000000000e+04
4.639538794400000000e+10 1.760200000000000000e+04
4.659576002400000000e+10 2.496000000000000000e+04
4.678810888800000000e+10 2.945699999999999272e+04
4.686528826400000000e+10 2.520700000000000728e+04
4.697201893600000000e+10 2.619600000000000000e+04
4.697870215200000000e+10 1.910800000000000000e+04
4.697878418400000000e+10 6.206000000000000000e+03
4.714210360800000000e+10 2.333600000000000000e+04
4.735116215200000000e+10 2.737700000000000000e+04
4.742197956000000000e+10 2.434700000000000728e+04
4.755353588000000000e+10 2.591300000000000000e+04
4.756223391200000000e+10 1.947500000000000000e+04
4.789694911200000000e+10 3.553400000000000728e+04
4.796189314400000000e+10 2.700400000000000000e+04
4.797746296800000000e+10 2.169300000000000728e+04
4.827675381600000000e+10 3.358100000000000000e+04
4.844849554400000000e+10 3.254399999999999272e+04
4.848809116000000000e+10 2.621900000000000000e+04
4.850385421600000000e+10 2.024200000000000000e+04
4.879943941600000000e+10 3.210900000000000000e+04
4.887063372000000000e+10 2.660300000000000000e+04
4.891186120800000000e+10 2.151200000000000000e+04
4.917062778400000000e+10 3.125499999999999272e+04
4.987514533600000000e+10 5.527200000000000000e+04
4.987519356000000000e+10 5.256000000000007276e+03
4.993724845600000000e+10 3.930300000000000000e+04
4.997378240800000000e+10 2.880500000000000000e+04
5.019359260000000000e+10 3.367900000000000000e+04
5.019890648800000000e+10 2.440800000000000000e+04
5.025866212000000000e+10 2.320100000000000000e+04
5.039785295200000000e+10 2.441300000000000000e+04
5.039792762400000000e+10 7.405000000000003638e+03
5.104016810400000000e+10 5.014700000000000000e+04
5.106908138400000000e+10 3.566700000000000000e+04
5.124055676000000000e+10 3.559899999999999272e+04
5.135468279200000000e+10 3.140100000000000728e+04
5.135475341600000000e+10 9.574000000000000000e+03
5.148516517600000000e+10 2.790699999999999272e+04
5.171929988000000000e+10 3.466200000000000000e+04
5.183555047200000000e+10 3.300100000000000000e+04
5.193630616800000000e+10 2.718400000000000728e+04
5.197984074400000000e+10 2.348400000000000000e+04
5.224964341600000000e+10 3.274200000000000728e+04
5.225929528800000000e+10 2.497800000000000000e+04
5.228816340000000000e+10 1.940200000000000000e+04
5.232845554400000000e+10 1.880000000000000000e+04
5.284923532000000000e+10 4.220500000000000000e+04
5.292026991200000000e+10 3.325500000000000000e+04
5.336021693600000000e+10 4.439800000000000000e+04
5.340345684000000000e+10 3.305800000000000000e+04
5.386382498400000000e+10 4.977000000000000000e+04
5.386389536800000000e+10 1.599399999999999272e+04
5.433808983200000000e+10 5.254500000000000000e+04
5.433813448800000000e+10 1.412999999999992724e+03
5.436228268000000000e+10 3.449600000000000000e+04
5.441014320800000000e+10 2.813800000000000000e+04
5.490770244000000000e+10 5.126300000000000000e+04
5.501941762400000000e+10 3.762000000000000000e+04
5.543054588000000000e+10 5.450800000000000000e+04
5.555565829600000000e+10 3.948200000000000000e+04
5.556220423200000000e+10 2.712100000000000000e+04
5.565082506400000000e+10 2.698899999999999272e+04
5.571355880800000000e+10 2.346000000000000000e+04
5.595565560800000000e+10 3.142000000000000000e+04
5.625272522400000000e+10 3.764500000000000000e+04
5.633491652000000000e+10 3.269400000000000000e+04
5.647603911200000000e+10 3.325199999999999272e+04
5.659300520800000000e+10 3.030100000000000000e+04
5.687654912800000000e+10 3.681300000000000000e+04
5.716063816800000000e+10 4.328100000000000000e+04
5.717153120800000000e+10 2.873200000000000000e+04
5.723987292000000000e+10 2.700600000000000000e+04
5.723999855200000000e+10 1.879400000000000728e+04
5.726255146400000000e+10 1.736100000000000000e+04
5.728849959200000000e+10 1.533899999999999272e+04
5.807390772000000000e+10 5.167800000000000000e+04
5.838054845600000000e+10 4.910400000000000000e+04
5.870702935200000000e+10 4.911400000000000000e+04
5.870711970400000000e+10 2.035600000000000728e+04
5.877544885600000000e+10 3.289499999999999272e+04
5.892446730400000000e+10 3.202300000000000000e+04
5.904598522400000000e+10 2.993000000000000000e+04
5.911106647200000000e+10 2.634600000000000000e+04
5.913235144800000000e+10 2.089400000000000000e+04
5.916792036000000000e+10 1.867600000000000000e+04
5.923410002400000000e+10 1.809800000000000000e+04
5.925138911200000000e+10 1.509799999999999636e+04
5.963455551200000000e+10 3.274300000000000000e+04
5.990500010400000000e+10 3.668900000000000000e+04
5.997486696800000000e+10 2.985600000000000000e+04
5.998383928800000000e+10 2.207999999999999272e+04
6.016721858400000000e+10 2.874200000000000000e+04
6.051688207200000000e+10 3.814200000000000000e+04
6.051693242400000000e+10 4.388000000000000000e+03
6.079714712800000000e+10 4.049600000000000000e+04
6.101063464800000000e+10 3.942400000000000000e+04
6.101069498400000000e+10 8.328999999999996362e+03
6.115778256800000000e+10 3.403000000000000000e+04
6.115790636000000000e+10 9.801999999999992724e+03
6.140304128800000000e+10 3.216300000000000000e+04
6.140313970400000000e+10 1.446100000000000728e+04
6.154101092000000000e+10 2.850000000000000000e+04
6.163348930400000000e+10 2.615900000000000000e+04
6.167565621600000000e+10 2.216300000000000000e+04
6.227509148000000000e+10 4.552700000000000000e+04
6.227514223200000000e+10 5.779000000000003638e+03
6.238901914400000000e+10 3.861400000000000000e+04
6.238906898400000000e+10 3.128999999999992724e+03
6.251733400800000000e+10 3.384000000000000000e+04
6.265887770400000000e+10 3.222199999999999272e+04
6.268768330400000000e+10 2.433900000000000728e+04
6.276648692000000000e+10 2.364200000000000000e+04
6.282313474400000000e+10 2.107500000000000000e+04
6.311132978400000000e+10 3.271999999999999272e+04
6.325082802400000000e+10 3.054100000000000000e+04
6.343179836000000000e+10 3.311800000000000728e+04
6.357378914400000000e+10 3.287200000000000728e+04
6.357765560800000000e+10 2.219000000000000000e+04
6.361547487200000000e+10 2.092700000000000000e+04
6.374027244000000000e+10 2.312900000000000000e+04
6.386778405600000000e+10 2.511500000000000000e+04
6.390022786400000000e+10 1.998700000000000000e+04
6.405257693600000000e+10 2.393499999999999272e+04
6.413391956000000000e+10 2.190300000000000000e+04
6.476963303200000000e+10 4.960900000000000000e+04
6.476974860000000000e+10 1.992399999999999272e+04
6.493816349600000000e+10 3.407200000000000000e+04
6.493929162400000000e+10 2.429600000000000000e+04
6.512676644000000000e+10 2.960299999999999272e+04
6.526532648800000000e+10 3.059900000000000000e+04
6.565684568800000000e+10 4.600500000000000000e+04
6.575413103200000000e+10 3.624700000000000000e+04
6.586330295200000000e+10 3.323100000000000728e+04
6.604907820000000000e+10 3.189699999999999272e+04
6.609072064800000000e+10 2.574600000000000000e+04
6.618667612000000000e+10 2.563199999999999272e+04
6.633018272800000000e+10 2.643100000000000000e+04
6.656411423200000000e+10 3.361400000000000000e+04
6.656626599200000000e+10 2.286900000000000000e+04
6.656634549600000000e+10 7.538000000000000000e+03
6.681366359200000000e+10 2.901600000000000000e+04
6.685419856800000000e+10 2.399099999999999272e+04
6.699602516000000000e+10 2.591899999999999272e+04
6.699613906400000000e+10 1.393300000000000728e+04
6.706324488800000000e+10 2.105000000000000000e+04
6.711545124000000000e+10 1.876400000000000000e+04
6.763285554400000000e+10 4.456100000000000000e+04
6.773245413600000000e+10 3.423100000000000728e+04
6.814718437600000000e+10 4.890400000000000000e+04
6.841442733600000000e+10 4.494600000000000000e+04
6.852148741600000000e+10 4.006800000000000000e+04
6.872191279200000000e+10 3.807300000000000000e+04
6.874013071200000000e+10 2.828000000000000000e+04
6.874018519200000000e+10 2.737000000000000000e+03
6.879538317600000000e+10 2.279400000000000000e+04
6.899481365600000000e+10 2.771000000000000000e+04
6.900339028000000000e+10 2.046700000000000000e+04
6.916260733600000000e+10 2.594399999999999272e+04
6.946963183200000000e+10 3.515800000000000000e+04
6.971961767200000000e+10 3.757000000000000000e+04
6.991164888800000000e+10 3.661500000000000000e+04
7.016200663200000000e+10 4.144500000000000000e+04
7.048652255200000000e+10 4.724600000000000000e+04
7.061209048800000000e+10 3.705300000000000000e+04
7.061483253600000000e+10 2.518500000000000000e+04
7.074261064800000000e+10 2.843699999999999272e+04
7.119558647200000000e+10 4.656500000000000000e+04
7.161593157600000000e+10 5.329000000000000000e+04
7.161597741600000000e+10 3.409000000000007276e+03
7.162215567200000000e+10 3.063000000000000000e+04
7.180489935200000000e+10 3.355600000000000000e+04
7.183763266400000000e+10 2.820300000000000000e+04
7.183775786400000000e+10 1.462300000000000000e+04
7.190102258400000000e+10 2.136300000000000000e+04
7.193059436000000000e+10 1.780800000000000000e+04
7.203122868000000000e+10 1.971400000000000000e+04
7.269448930400000000e+10 4.590000000000000000e+04
7.272586623200000000e+10 3.668700000000000000e+04
7.324164184800000000e+10 4.973000000000000000e+04
7.379660309600000000e+10 6.382100000000000000e+04
7.379667957600000000e+10 1.999600000000000728e+04
7.381173103200000000e+10 3.048800000000000000e+04
7.405460975200000000e+10 3.822500000000000000e+04
7.422842816800000000e+10 3.778400000000000000e+04
7.422851676000000000e+10 1.567600000000000364e+04
7.423482250400000000e+10 2.092600000000000000e+04
7.445183583200000000e+10 3.098300000000000728e+04
7.543485290400000000e+10 6.360900000000000000e+04
7.556886770400000000e+10 5.223200000000000000e+04
7.582793410400000000e+10 4.819200000000000000e+04
7.582804744800000000e+10 2.315400000000000000e+04
7.583389868000000000e+10 2.499400000000000000e+04
7.603515896800000000e+10 3.273700000000000000e+04
7.603531679200000000e+10 2.104899999999999272e+04
7.603539986400000000e+10 6.303000000000003638e+03
7.624401872800000000e+10 2.803500000000000728e+04
7.637767565600000000e+10 2.948500000000000728e+04
7.639265716000000000e+10 2.095600000000000000e+04
7.658119400800000000e+10 2.721500000000000000e+04
7.677009965600000000e+10 3.134300000000000000e+04
7.719268572000000000e+10 4.514900000000000000e+04
7.722989104800000000e+10 3.397400000000000728e+04
7.723200416800000000e+10 2.186500000000000000e+04
7.727349364000000000e+10 2.170700000000000000e+04
7.747898935200000000e+10 2.700200000000000000e+04
7.747907888800000000e+10 1.083200000000000364e+04
7.798222119200000000e+10 4.490400000000000000e+04
7.800669103200000000e+10 3.227800000000000000e+04
7.803652357600000000e+10 2.519200000000000000e+04
7.848385472800000000e+10 4.360800000000000000e+04
7.851637151200000000e+10 3.044700000000000728e+04
7.859770202400000000e+10 2.789599999999999272e+04
7.861672986400000000e+10 2.212800000000000000e+04
7.874527016800000000e+10 2.408100000000000000e+04
7.877333616800000000e+10 1.992900000000000000e+04
7.885062525600000000e+10 2.073500000000000000e+04
7.887284348000000000e+10 1.687200000000000728e+04
7.893387088800000000e+10 1.678599999999999636e+04
7.894808647200000000e+10 1.390000000000000364e+04
7.916389231200000000e+10 2.270900000000000000e+04
7.939867658400000000e+10 3.006600000000000000e+04
7.941513775200000000e+10 2.152100000000000000e+04
7.945972336800000000e+10 1.980800000000000000e+04
7.977968237600000000e+10 3.139000000000000000e+04
7.980955072800000000e+10 2.582700000000000000e+04
8.000115916000000000e+10 2.878900000000000728e+04
8.000125839200000000e+10 1.540799999999999272e+04
8.022444594400000000e+10 3.194400000000000000e+04
8.033604916000000000e+10 2.894400000000000000e+04
8.045117623200000000e+10 2.784100000000000000e+04
8.065004274400000000e+10 3.284200000000000000e+04
8.112209352800000000e+10 4.964900000000000000e+04
8.125685687200000000e+10 3.773200000000000000e+04
8.154772663200000000e+10 4.158500000000000000e+04
8.164025024800000000e+10 3.798000000000000000e+04
8.176712826400000000e+10 3.395899999999999272e+04
8.245398271200000000e+10 5.470400000000000000e+04
8.269073381600000000e+10 4.725000000000000000e+04
8.304297316000000000e+10 4.934800000000000000e+04
8.304638007200000000e+10 3.513000000000000000e+04
8.304644572000000000e+10 8.551000000000007276e+03
8.321470375200000000e+10 3.281000000000000728e+04
8.321874312800000000e+10 2.318400000000000000e+04
8.351400672800000000e+10 3.346200000000000728e+04
8.392554370400000000e+10 4.824000000000000000e+04
8.411790093600000000e+10 3.968300000000000000e+04
8.456961378400000000e+10 5.204300000000000000e+04
8.468789991200000000e+10 4.079100000000000000e+04
8.468796544800000000e+10 9.909000000000000000e+03
8.502212733600000000e+10 4.668200000000000000e+04
8.520506989600000000e+10 4.014300000000000000e+04
8.545491999200000000e+10 4.215900000000000000e+04
8.583381351200000000e+10 4.599200000000000000e+04
8.607039525600000000e+10 4.400700000000000000e+04
8.613890941600000000e+10 3.413800000000000000e+04
8.616297871200000000e+10 2.794500000000000000e+04
8.628884130400000000e+10 2.851600000000000728e+04
8.629101840800000000e+10 1.847200000000000000e+04
8.668986048800000000e+10 3.986300000000000000e+04
8.673471876000000000e+10 2.789400000000000000e+04
8.683107304800000000e+10 2.646500000000000000e+04
8.683118160800000000e+10 1.368800000000000364e+04
8.683559676000000000e+10 1.633800000000000364e+04
8.691511780000000000e+10 1.930200000000000000e+04
8.716592693600000000e+10 2.652799999999999272e+04
8.735463941600000000e+10 3.288200000000000000e+04
8.806849487200000000e+10 5.979000000000000000e+04
8.856767816800000000e+10 5.744500000000000000e+04
8.886662050400000000e+10 5.827200000000000000e+04
8.890800884000000000e+10 3.914700000000000000e+04
8.950859666400000000e+10 5.670700000000000000e+04
8.960857200800000000e+10 4.485600000000000000e+04
8.966614599200000000e+10 3.323200000000000000e+04
