# Timestamps in ns,Energies
6.805778400000000000e+07 4.396700000000000000e+04
7.521473040000000000e+08 7.382300000000000000e+04
7.691902160000000000e+08 4.166700000000000000e+04
1.084239576000000000e+09 4.992400000000000000e+04
1.216579816000000000e+09 3.871000000000000000e+04
1.216692936000000000e+09 1.519700000000000000e+04
2.263901816000000000e+09 7.412800000000000000e+04
2.534845928000000000e+09 6.026500000000000000e+04
2.534900168000000000e+09 8.273000000000000000e+03
3.642822056000000000e+09 8.985900000000001455e+04
4.106070360000000000e+09 6.791200000000000000e+04
4.383560392000000000e+09 5.559200000000000000e+04
4.536002584000000000e+09 4.774500000000000000e+04
4.751048904000000000e+09 4.432400000000000000e+04
5.049225656000000000e+09 4.987200000000000000e+04
5.049351032000000000e+09 2.358400000000000000e+04
5.110622232000000000e+09 2.896100000000000000e+04
5.138735704000000000e+09 2.244200000000000000e+04
5.138902648000000000e+09 1.719600000000000728e+04
5.263064632000000000e+09 2.129600000000000000e+04
5.765231112000000000e+09 4.236900000000000000e+04
6.010474440000000000e+09 4.222400000000000000e+04
6.270391464000000000e+09 4.271400000000000000e+04
6.486298968000000000e+09 4.710200000000000000e+04
6.526509784000000000e+09 3.166399999999999272e+04
7.163685496000000000e+09 5.785600000000000000e+04
7.676808952000000000e+09 6.510500000000000000e+04
7.902108696000000000e+09 4.932500000000000000e+04
8.090043112000000000e+09 4.923900000000000000e+04
8.853621864000000000e+09 7.453700000000000000e+04
9.171838376000000000e+09 5.746500000000000000e+04
9.188636936000000000e+09 3.466800000000000728e+04
9.291811880000000000e+09 3.355299999999999272e+04
9.990649608000000000e+09 6.710800000000000000e+04
1.016874000800000000e+10 4.884900000000000000e+04
1.016889210400000000e+10 3.128000000000000000e+04
1.025060208800000000e+10 2.977200000000000000e+04
1.037549586400000000e+10 3.026600000000000000e+04
1.084751765600000000e+10 4.863400000000000000e+04
1.084759509600000000e+10 1.513300000000000000e+04
1.087729602400000000e+10 2.663200000000000000e+04
1.087734952800000000e+10 2.292000000000000000e+03
1.102780548000000000e+10 3.069399999999999272e+04
1.149964860000000000e+10 4.754600000000000000e+04
1.162341824800000000e+10 3.828000000000000000e+04
1.226837181600000000e+10 6.661900000000000000e+04
1.226857533600000000e+10 3.878100000000000000e+04
1.248901116000000000e+10 4.560600000000000000e+04
1.265684392800000000e+10 3.960000000000000000e+04
1.281987660000000000e+10 3.779800000000000000e+04
1.307417359200000000e+10 4.178200000000000000e+04
1.362171463200000000e+10 5.852900000000000000e+04
1.362180260000000000e+10 2.149900000000000728e+04
1.373715904800000000e+10 3.822400000000000000e+04
1.443099948000000000e+10 6.762900000000000000e+04
1.555139079200000000e+10 9.485600000000000000e+04
1.570559428000000000e+10 6.456200000000000000e+04
1.570564020000000000e+10 3.094000000000003638e+03
1.604277408800000000e+10 5.071300000000000000e+04
1.604285576800000000e+10 2.054200000000000000e+04
1.623178837600000000e+10 4.102100000000000000e+04
1.623187810400000000e+10 1.634699999999999636e+04
1.646249093600000000e+10 3.674300000000000000e+04
1.650271048800000000e+10 2.930300000000000000e+04
1.691593892000000000e+10 4.730300000000000000e+04
1.706630037600000000e+10 3.705700000000000000e+04
1.706636008800000000e+10 7.316000000000007276e+03
1.722557269600000000e+10 3.428299999999999272e+04
1.723672512800000000e+10 2.344100000000000000e+04
1.820601128800000000e+10 6.752000000000000000e+04
1.820606372000000000e+10 9.881999999999992724e+03
1.882952192800000000e+10 6.548000000000000000e+04
1.894411410400000000e+10 4.692800000000000000e+04
1.898552372000000000e+10 3.662700000000000000e+04
1.936108229600000000e+10 5.072200000000000000e+04
1.936142976800000000e+10 2.934900000000000728e+04
1.936149112800000000e+10 5.419999999999996362e+03
1.968638437600000000e+10 4.537400000000000000e+04
1.968648570400000000e+10 1.405899999999999272e+04
2.029407588000000000e+10 5.643200000000000000e+04
2.074996426400000000e+10 6.753900000000000000e+04
2.075002786400000000e+10 4.940000000000003638e+03
2.079177692000000000e+10 3.608500000000000000e+04
2.079183487200000000e+10 6.206000000000003638e+03
2.126020648800000000e+10 4.820800000000000000e+04
2.131622511200000000e+10 3.698200000000000000e+04
2.131633309600000000e+10 1.776499999999999272e+04
2.171978917600000000e+10 4.821400000000000000e+04
2.184904506400000000e+10 3.682200000000000000e+04
2.261249256800000000e+10 6.738500000000000000e+04
2.342490706400000000e+10 8.526400000000000000e+04
2.362049564000000000e+10 5.904200000000000000e+04
2.374661152800000000e+10 4.346800000000000000e+04
2.400725616800000000e+10 4.651000000000000000e+04
2.400733674400000000e+10 1.539500000000000364e+04
2.471938279200000000e+10 6.221300000000000000e+04
2.504976898400000000e+10 5.730900000000000000e+04
2.526082885600000000e+10 4.834600000000000000e+04
2.533045373600000000e+10 3.436900000000000728e+04
2.544111492000000000e+10 3.387700000000000728e+04
2.580241901600000000e+10 4.991800000000000000e+04
2.580247090400000000e+10 5.621999999999992724e+03
2.606047055200000000e+10 4.086600000000000000e+04
2.608399264800000000e+10 3.083800000000000000e+04
2.612446544800000000e+10 2.512800000000000000e+04
2.659629772000000000e+10 4.434700000000000000e+04
2.660839237600000000e+10 2.977000000000000000e+04
2.681242941600000000e+10 3.741100000000000000e+04
2.683261692000000000e+10 2.535200000000000000e+04
2.697965226400000000e+10 3.105700000000000000e+04
2.710748064800000000e+10 2.801700000000000728e+04
2.720926554400000000e+10 2.721600000000000000e+04
2.795636842400000000e+10 6.223300000000000000e+04
2.795659303200000000e+10 3.914400000000000000e+04
2.804434269600000000e+10 3.384100000000000000e+04
2.810959341600000000e+10 2.720900000000000000e+04
2.822832620000000000e+10 2.910499999999999272e+04
2.825210922400000000e+10 2.293700000000000000e+04
2.834562136800000000e+10 2.204000000000000000e+04
2.848219519200000000e+10 2.441100000000000728e+04
2.851704901600000000e+10 1.993400000000000000e+04
2.855700749600000000e+10 1.823000000000000000e+04
2.855715764000000000e+10 1.084800000000000000e+04
2.948265253600000000e+10 6.402700000000000000e+04
3.036125708000000000e+10 7.859200000000000000e+04
3.052687388000000000e+10 5.309100000000000000e+04
3.068762293600000000e+10 4.192500000000000000e+04
3.083269783200000000e+10 4.020600000000000000e+04
3.092320549600000000e+10 3.288400000000000000e+04
3.099272831200000000e+10 2.783999999999999272e+04
3.105158914400000000e+10 2.504100000000000000e+04
3.114010266400000000e+10 2.315500000000000000e+04
3.114185061600000000e+10 1.748999999999999272e+04
3.116362888800000000e+10 1.489500000000000000e+04
3.152233490400000000e+10 3.297399999999999272e+04
3.160136501600000000e+10 2.802500000000000728e+04
3.182662002400000000e+10 3.339300000000000000e+04
3.219906724000000000e+10 4.335400000000000000e+04
3.302198204000000000e+10 7.360200000000000000e+04
3.330074804000000000e+10 6.427100000000000000e+04
3.374770620000000000e+10 6.422800000000000000e+04
3.374776677600000000e+10 1.410100000000000728e+04
3.399538591200000000e+10 4.708000000000000000e+04
3.399545663200000000e+10 1.353500000000000000e+04
3.417079628000000000e+10 3.669800000000000000e+04
3.421497730400000000e+10 3.072200000000000000e+04
3.428842204000000000e+10 2.588000000000000000e+04
3.458942047200000000e+10 3.498699999999999272e+04
3.507779373600000000e+10 5.023100000000000000e+04
3.509771340000000000e+10 3.635900000000000000e+04
3.563162845600000000e+10 5.807400000000000000e+04
3.563173362400000000e+10 2.555999999999999272e+04
3.595187488800000000e+10 4.513700000000000000e+04
3.613269055200000000e+10 4.190100000000000000e+04
3.633511599200000000e+10 3.979500000000000000e+04
3.643379504800000000e+10 3.176100000000000000e+04
3.694464871200000000e+10 5.444500000000000000e+04
3.694471549600000000e+10 1.387900000000000000e+04
3.724751965600000000e+10 4.537700000000000000e+04
3.751843557600000000e+10 4.423500000000000000e+04
3.751851719200000000e+10 1.642400000000000000e+04
3.826214532000000000e+10 6.892300000000000000e+04
3.841319108000000000e+10 5.000800000000000000e+04
3.841325989600000000e+10 1.239300000000000000e+04
3.858314597600000000e+10 3.646600000000000000e+04
3.868910824800000000e+10 3.608700000000000728e+04
3.915395580000000000e+10 5.401100000000000000e+04
3.935455292000000000e+10 4.623000000000000000e+04
3.947054428000000000e+10 3.682000000000000000e+04
3.963568156000000000e+10 3.587900000000000000e+04
3.971511333600000000e+10 2.871200000000000000e+04
3.984286042400000000e+10 2.906300000000000000e+04
3.996570759200000000e+10 2.780800000000000000e+04
4.050180127200000000e+10 5.024000000000000000e+04
4.050201200800000000e+10 3.127500000000000000e+04
4.077992832800000000e+10 4.178700000000000000e+04
4.209988756000000000e+10 8.980900000000000000e+04
4.209998178400000000e+10 3.151599999999999272e+04
4.213877231200000000e+10 3.741500000000000000e+04
4.219607967200000000e+10 3.386400000000000000e+04
4.232462068000000000e+10 3.156900000000000000e+04
4.236861476000000000e+10 2.408600000000000000e+04
4.280083879200000000e+10 4.249200000000000000e+04
4.330541666400000000e+10 5.852000000000000000e+04
4.365282839200000000e+10 5.712900000000000000e+04
4.375695194400000000e+10 4.485500000000000000e+04
4.434806754400000000e+10 5.828000000000000000e+04
4.434817263200000000e+10 2.581100000000000000e+04
4.479085908000000000e+10 5.650600000000000000e+04
4.510990356000000000e+10 5.369900000000000000e+04
4.523699397600000000e+10 3.977100000000000000e+04
4.574679400800000000e+10 5.751300000000000000e+04
4.615746853600000000e+10 5.866500000000000000e+04
4.615752549600000000e+10 1.197499999999999272e+04
4.672782730400000000e+10 6.114500000000000000e+04
4.703080327200000000e+10 5.668200000000000000e+04
4.703086165600000000e+10 1.150200000000000728e+04
4.716741615200000000e+10 4.087400000000000000e+04
4.739873290400000000e+10 4.048000000000000000e+04
4.756173895200000000e+10 3.761200000000000000e+04
4.800166682400000000e+10 5.116200000000000000e+04
4.802946386400000000e+10 3.511400000000000000e+04
4.805846919200000000e+10 2.722400000000000000e+04
4.812018157600000000e+10 2.400400000000000000e+04
4.812025056800000000e+10 6.178000000000007276e+03
4.826090616800000000e+10 2.638400000000000000e+04
4.842456575200000000e+10 2.882500000000000000e+04
4.929802912800000000e+10 6.403500000000000000e+04
4.936825732000000000e+10 4.365600000000000000e+04
4.936838602400000000e+10 2.406300000000000000e+04
4.956732768800000000e+10 3.660300000000000000e+04
5.004743196000000000e+10 5.584000000000000000e+04
5.004748108000000000e+10 5.381000000000007276e+03
5.018652244000000000e+10 3.847200000000000000e+04
5.028676244000000000e+10 3.288900000000000000e+04
5.046857192800000000e+10 3.427000000000000000e+04
5.082160700000000000e+10 4.617600000000000000e+04
5.174425492000000000e+10 8.054000000000000000e+04
5.194544247200000000e+10 5.845000000000000000e+04
5.218337236000000000e+10 4.872200000000000000e+04
5.233870636000000000e+10 4.286500000000000000e+04
5.261963986400000000e+10 4.519600000000000000e+04
5.262337380000000000e+10 2.831400000000000000e+04
5.306532695200000000e+10 4.679200000000000000e+04
5.319983276000000000e+10 3.915000000000000000e+04
5.323525560800000000e+10 3.109200000000000000e+04
5.410608756000000000e+10 6.622400000000000000e+04
5.423790263200000000e+10 4.536200000000000000e+04
5.507326172000000000e+10 7.970800000000000000e+04
5.518228264800000000e+10 4.662400000000000000e+04
5.527778064800000000e+10 4.214100000000000000e+04
5.540967456800000000e+10 3.476799999999999272e+04
5.562858986400000000e+10 3.974700000000000000e+04
5.576350530400000000e+10 3.518100000000000000e+04
5.580462045600000000e+10 2.848200000000000000e+04
5.591058629600000000e+10 2.628599999999999272e+04
5.829731573600000000e+10 1.107030000000000000e+05
5.896465040800000000e+10 7.600800000000000000e+04
5.896473749600000000e+10 2.062100000000000000e+04
5.896491184800000000e+10 1.757299999999999636e+04
5.932595298400000000e+10 5.610300000000000000e+04
5.932604176800000000e+10 1.746400000000000728e+04
5.945352140000000000e+10 3.693600000000000000e+04
5.950623712800000000e+10 2.741600000000000000e+04
5.950630786400000000e+10 7.318000000000007276e+03
5.999998725600000000e+10 4.652900000000000000e+04
6.008850264800000000e+10 3.652700000000000000e+04
6.021064500000000000e+10 3.392600000000000000e+04
6.050451730400000000e+10 4.209000000000000000e+04
6.059553708000000000e+10 3.362200000000000000e+04
6.059558872800000000e+10 2.899999999999996362e+03
6.080384578400000000e+10 3.341900000000000728e+04
6.095781416800000000e+10 3.611300000000000000e+04
6.105918573600000000e+10 2.969300000000000000e+04
6.108068588000000000e+10 2.261500000000000000e+04
6.165531474400000000e+10 5.108000000000000000e+04
6.172244816800000000e+10 3.660700000000000000e+04
6.265117484000000000e+10 7.239300000000000000e+04
6.266953500000000000e+10 4.211300000000000000e+04
6.296402924000000000e+10 5.040100000000000000e+04
6.296407911200000000e+10 4.217999999999996362e+03
6.336239543200000000e+10 5.676100000000000000e+04
6.354477586400000000e+10 4.373000000000000000e+04
6.365363127200000000e+10 3.644900000000000000e+04
6.385194693600000000e+10 3.987500000000000000e+04
6.385203786400000000e+10 1.626599999999999272e+04
6.418201119200000000e+10 4.051400000000000000e+04
6.476490322400000000e+10 5.668800000000000000e+04
6.484708964000000000e+10 4.093700000000000000e+04
6.514261232800000000e+10 4.937500000000000000e+04
6.522709781600000000e+10 3.611900000000000728e+04
6.538254495200000000e+10 3.779500000000000000e+04
6.541917093600000000e+10 2.878300000000000000e+04
6.545631933600000000e+10 2.225800000000000000e+04
6.569479549600000000e+10 3.259200000000000000e+04
6.572966978400000000e+10 2.430799999999999272e+04
6.604440264800000000e+10 3.503600000000000000e+04
6.617723072800000000e+10 3.358600000000000000e+04
6.653678800800000000e+10 4.960000000000000000e+04
6.680029210400000000e+10 4.572600000000000000e+04
6.702563541600000000e+10 4.171800000000000000e+04
6.705896338400000000e+10 3.172200000000000728e+04
6.743896256800000000e+10 4.742300000000000000e+04
6.770461818400000000e+10 5.094300000000000000e+04
6.770472706400000000e+10 2.038500000000000728e+04
6.778298845600000000e+10 2.938900000000000000e+04
6.790739400800000000e+10 2.905100000000000000e+04
6.808197576800000000e+10 3.264700000000000000e+04
6.820058244000000000e+10 3.145800000000000000e+04
6.820064276000000000e+10 5.342000000000000000e+03
6.831614791200000000e+10 2.807300000000000000e+04
6.847625130400000000e+10 2.791200000000000000e+04
6.849728548000000000e+10 2.176000000000000000e+04
6.853386876000000000e+10 1.863200000000000000e+04
6.854946496800000000e+10 1.584700000000000000e+04
6.877791879200000000e+10 2.708400000000000000e+04
6.885718988000000000e+10 2.373600000000000000e+04
6.926908740000000000e+10 3.908300000000000000e+04
6.977617748000000000e+10 5.663200000000000000e+04
7.006899175200000000e+10 5.863000000000000000e+04
7.020242436000000000e+10 4.337200000000000000e+04
7.051556226400000000e+10 4.525500000000000000e+04
7.105361351200000000e+10 6.892200000000000000e+04
7.137616690400000000e+10 5.446400000000000000e+04
7.137621268000000000e+10 2.584000000000007276e+03
7.139988642400000000e+10 3.516800000000000000e+04
7.151252594400000000e+10 3.050000000000000000e+04
7.158158376800000000e+10 2.927700000000000000e+04
7.178632128800000000e+10 3.155600000000000000e+04
7.178651295200000000e+10 2.183700000000000728e+04
7.181769472800000000e+10 1.976300000000000000e+04
7.203849775200000000e+10 2.889900000000000728e+04
7.215664592800000000e+10 2.783099999999999272e+04
7.236965580000000000e+10 3.304699999999999272e+04
7.236973375200000000e+10 1.038699999999999636e+04
7.238046834400000000e+10 2.000600000000000000e+04
7.238053949600000000e+10 4.684000000000007276e+03
7.239681645600000000e+10 1.506399999999999636e+04
7.252401690400000000e+10 1.996500000000000000e+04
7.286469311200000000e+10 3.309200000000000728e+04
7.292665917600000000e+10 2.728900000000000000e+04
7.297849823200000000e+10 2.577700000000000000e+04
7.299262018400000000e+10 1.795299999999999272e+04
7.348761328800000000e+10 4.112500000000000000e+04
7.348768744800000000e+10 1.276500000000000728e+04
7.350958159200000000e+10 2.683200000000000000e+04
7.353107655200000000e+10 2.133899999999999272e+04
7.356032223200000000e+10 1.727200000000000728e+04
7.440718413600000000e+10 6.665500000000000000e+04
7.440731365600000000e+10 1.937900000000000000e+04
7.474452266400000000e+10 4.959000000000000000e+04
7.503522242400000000e+10 5.342100000000000000e+04
7.510469767200000000e+10 3.441499999999999272e+04
7.510482469600000000e+10 1.421400000000000728e+04
7.580163749600000000e+10 5.770000000000000000e+04
7.653680967200000000e+10 8.083199999999998545e+04
7.727765327200000000e+10 7.859200000000000000e+04
7.749506976800000000e+10 5.394500000000000000e+04
7.752430716000000000e+10 3.484999999999999272e+04
7.756662386400000000e+10 2.824900000000000000e+04
7.767259416800000000e+10 2.802400000000000728e+04
7.845247978400000000e+10 5.964900000000000000e+04
7.850399052000000000e+10 4.218500000000000000e+04
7.861795509600000000e+10 3.786200000000000000e+04
7.914781205600000000e+10 5.458100000000000000e+04
7.965723136800000000e+10 6.233700000000000000e+04
8.017322244000000000e+10 6.264000000000000000e+04
8.020062866400000000e+10 4.066100000000000000e+04
8.020070120800000000e+10 1.362099999999999636e+04
8.027967986400000000e+10 3.025500000000000000e+04
8.037698224800000000e+10 2.873399999999999272e+04
8.041386770400000000e+10 2.336100000000000000e+04
8.051249892000000000e+10 2.384000000000000000e+04
8.119612085600000000e+10 5.654400000000000000e+04
8.133455484000000000e+10 4.604400000000000000e+04
8.162329381600000000e+10 4.861000000000000000e+04
8.325666815200000000e+10 9.518600000000000000e+04
8.325783551200000000e+10 4.669800000000000000e+04
8.355590245600000000e+10 4.897200000000000000e+04
8.375048008800000000e+10 4.528400000000000000e+04
8.384439712800000000e+10 3.695500000000000000e+04
8.394664192800000000e+10 3.221400000000000000e+04
8.421487418400000000e+10 3.734300000000000000e+04
8.468153668000000000e+10 5.773500000000000000e+04
8.477636336800000000e+10 3.940700000000000000e+04
8.477649260000000000e+10 2.153700000000000000e+04
8.498972607200000000e+10 3.398400000000000000e+04
8.519329344800000000e+10 3.671900000000000000e+04
8.543756436000000000e+10 4.323900000000000000e+04
8.544167050400000000e+10 2.670400000000000000e+04
8.565541874400000000e+10 3.276300000000000000e+04
8.586014868000000000e+10 3.651500000000000000e+04
8.609081399200000000e+10 4.417300000000000000e+04
8.637493773600000000e+10 4.480800000000000000e+04
8.637499855200000000e+10 8.786000000000003638e+03
8.641949848800000000e+10 2.896100000000000000e+04
8.641964981600000000e+10 2.031100000000000000e+04
8.665565952800000000e+10 3.027000000000000728e+04
8.688892295200000000e+10 3.651900000000000000e+04
8.691178631200000000e+10 2.536000000000000000e+04
8.693300784800000000e+10 1.970000000000000000e+04
8.716662180000000000e+10 3.057399999999999272e+04
8.746415412000000000e+10 3.853600000000000000e+04
8.763528391200000000e+10 3.811100000000000000e+04
8.802910644000000000e+10 5.006300000000000000e+04
8.809191140000000000e+10 3.246900000000000000e+04
8.861616316000000000e+10 5.648900000000000000e+04
8.870863872800000000e+10 4.071200000000000000e+04
8.897641463200000000e+10 4.852200000000000000e+04
8.907365228000000000e+10 3.396100000000000000e+04
8.939779764000000000e+10 4.911300000000000000e+04
8.982763943200000000e+10 5.092800000000000000e+04
8.982770301600000000e+10 1.307200000000000000e+04
8.996904248800000000e+10 4.035300000000000000e+04
