# Timestamps in ns,Energies
2.187515120000000000e+08 4.105600000000000000e+04
4.188730480000000000e+08 4.074800000000000000e+04
4.556500080000000000e+08 2.881499999999999272e+04
6.173084080000000000e+08 3.054499999999999272e+04
6.239288240000000000e+08 2.277900000000000000e+04
8.883260080000000000e+08 3.691800000000000000e+04
8.884175600000000000e+08 5.044000000000000000e+03
8.961534160000000000e+08 2.044999999999999272e+04
1.162990200000000000e+09 3.238400000000000000e+04
1.260305240000000000e+09 2.955900000000000000e+04
1.398018520000000000e+09 2.945900000000000000e+04
1.398094648000000000e+09 9.676000000000007276e+03
1.515902296000000000e+09 2.593800000000000000e+04
1.675325112000000000e+09 2.944700000000000000e+04
1.699911608000000000e+09 2.285200000000000000e+04
1.833586744000000000e+09 2.553499999999999272e+04
1.990474904000000000e+09 2.779599999999999272e+04
2.350325336000000000e+09 4.073600000000000000e+04
2.384480472000000000e+09 2.917000000000000000e+04
2.384642024000000000e+09 1.740799999999999636e+04
2.470174104000000000e+09 2.143900000000000000e+04
2.538273496000000000e+09 2.173800000000000000e+04
2.661255704000000000e+09 2.264000000000000000e+04
3.113699736000000000e+09 4.440600000000000000e+04
3.126252824000000000e+09 2.910199999999999272e+04
3.126312344000000000e+09 5.349999999999996362e+03
3.246658312000000000e+09 2.801500000000000000e+04
3.320194200000000000e+09 2.409600000000000000e+04
3.384299928000000000e+09 2.215500000000000000e+04
3.464878520000000000e+09 2.170700000000000000e+04
3.581322744000000000e+09 2.226200000000000000e+04
3.818850376000000000e+09 3.054900000000000000e+04
3.882839448000000000e+09 2.705400000000000000e+04
4.017276824000000000e+09 2.799200000000000728e+04
4.086507160000000000e+09 2.499100000000000000e+04
4.169887112000000000e+09 2.249800000000000000e+04
4.345734920000000000e+09 2.782899999999999272e+04
4.473797032000000000e+09 2.801699999999999272e+04
4.689041032000000000e+09 3.312900000000000000e+04
4.690269128000000000e+09 2.188100000000000000e+04
4.730815000000000000e+09 2.039500000000000000e+04
4.831329976000000000e+09 2.187400000000000000e+04
5.018594152000000000e+09 3.032100000000000000e+04
5.039761448000000000e+09 1.919400000000000000e+04
5.177135080000000000e+09 2.379400000000000000e+04
5.329085080000000000e+09 2.650100000000000000e+04
5.750431464000000000e+09 4.221600000000000000e+04
5.774178840000000000e+09 3.100700000000000000e+04
5.791133832000000000e+09 2.346600000000000000e+04
5.791242264000000000e+09 1.077199999999999272e+04
5.910697080000000000e+09 2.360200000000000000e+04
6.021752648000000000e+09 2.283299999999999272e+04
6.103842104000000000e+09 2.152900000000000000e+04
6.137170344000000000e+09 1.872000000000000000e+04
6.345131480000000000e+09 2.666400000000000000e+04
6.350126680000000000e+09 1.878400000000000000e+04
6.461814376000000000e+09 2.205800000000000000e+04
6.669483944000000000e+09 2.921600000000000000e+04
6.729914696000000000e+09 2.378600000000000000e+04
6.868688424000000000e+09 2.617599999999999272e+04
6.965469848000000000e+09 2.526800000000000000e+04
7.224738664000000000e+09 3.529000000000000000e+04
7.224870904000000000e+09 1.871699999999999272e+04
7.244225160000000000e+09 1.953600000000000000e+04
7.284621400000000000e+09 1.814300000000000364e+04
7.499383032000000000e+09 2.648800000000000000e+04
7.603422616000000000e+09 2.606000000000000000e+04
7.708271992000000000e+09 2.571800000000000000e+04
7.831659928000000000e+09 2.648800000000000000e+04
7.884931656000000000e+09 2.257200000000000000e+04
7.885021192000000000e+09 8.742999999999996362e+03
7.885190440000000000e+09 8.060999999999992724e+03
7.929165496000000000e+09 1.494100000000000000e+04
8.039392232000000000e+09 1.830500000000000000e+04
8.343471896000000000e+09 3.057600000000000000e+04
8.492845672000000000e+09 3.257900000000000000e+04
8.492918952000000000e+09 8.779000000000000000e+03
8.626890856000000000e+09 2.986700000000000000e+04
8.725203592000000000e+09 2.638000000000000000e+04
8.838527384000000000e+09 2.632199999999999272e+04
8.940365752000000000e+09 2.658200000000000000e+04
9.042122504000000000e+09 2.433100000000000000e+04
9.051142424000000000e+09 1.891500000000000000e+04
9.208769208000000000e+09 2.431500000000000000e+04
9.235544328000000000e+09 1.952100000000000728e+04
9.240279864000000000e+09 1.487500000000000364e+04
9.251360168000000000e+09 1.205400000000000000e+04
9.251455768000000000e+09 5.145000000000000000e+03
9.252248216000000000e+09 7.934999999999996362e+03
9.768348248000000000e+09 3.335200000000000728e+04
1.002863799200000000e+10 4.432600000000000000e+04
1.002869972000000000e+10 9.733999999999996362e+03
1.002884148000000000e+10 1.291600000000000000e+04
1.005456428000000000e+10 1.989300000000000000e+04
1.020657821600000000e+10 2.637200000000000000e+04
1.038746440800000000e+10 2.980899999999999272e+04
1.038768616800000000e+10 2.288600000000000728e+04
1.043292162400000000e+10 1.847400000000000000e+04
1.049290914400000000e+10 1.828000000000000000e+04
1.052153178400000000e+10 1.533400000000000364e+04
1.055055368800000000e+10 1.401399999999999272e+04
1.058611850400000000e+10 1.312699999999999272e+04
1.066376583200000000e+10 1.467800000000000364e+04
1.080982548000000000e+10 1.885700000000000000e+04
1.082477948000000000e+10 1.529200000000000728e+04
1.094468208800000000e+10 1.945800000000000000e+04
1.101657535200000000e+10 1.824900000000000000e+04
1.157200015200000000e+10 4.383900000000000000e+04
1.157218892000000000e+10 2.715300000000000728e+04
1.162719621600000000e+10 2.614000000000000000e+04
1.167353935200000000e+10 2.267400000000000000e+04
1.195360839200000000e+10 3.366300000000000000e+04
1.195368660000000000e+10 1.131499999999999272e+04
1.243874626400000000e+10 4.559900000000000000e+04
1.246706676000000000e+10 3.471000000000000000e+04
1.252513106400000000e+10 2.762500000000000000e+04
1.255667828000000000e+10 2.257900000000000000e+04
1.261531943200000000e+10 2.161800000000000000e+04
1.274253516000000000e+10 2.343100000000000000e+04
1.276567367200000000e+10 1.926300000000000000e+04
1.285376167200000000e+10 1.924000000000000000e+04
1.285383362400000000e+10 5.083000000000000000e+03
1.293708583200000000e+10 1.839900000000000000e+04
1.306702562400000000e+10 2.094000000000000000e+04
1.311960428000000000e+10 1.928000000000000000e+04
1.313334804000000000e+10 1.514200000000000364e+04
1.326403332000000000e+10 1.953100000000000000e+04
1.326414548000000000e+10 5.881999999999996362e+03
1.342127853600000000e+10 2.088500000000000000e+04
1.346184514400000000e+10 1.805400000000000728e+04
1.354609629600000000e+10 1.921000000000000000e+04
1.358503149600000000e+10 1.671200000000000728e+04
1.379723821600000000e+10 2.408900000000000000e+04
1.383564239200000000e+10 2.016800000000000000e+04
1.398078698400000000e+10 2.421700000000000000e+04
1.406026877600000000e+10 2.304500000000000000e+04
1.408152356000000000e+10 1.810399999999999636e+04
1.410563220000000000e+10 1.526400000000000364e+04
1.412416818400000000e+10 1.303400000000000364e+04
1.434693328800000000e+10 2.271200000000000000e+04
1.437043877600000000e+10 1.872200000000000728e+04
1.440878855200000000e+10 1.651200000000000728e+04
1.443414858400000000e+10 1.401000000000000000e+04
1.457281914400000000e+10 1.877500000000000728e+04
1.464129975200000000e+10 1.887500000000000000e+04
1.493759970400000000e+10 2.938400000000000000e+04
1.494808108000000000e+10 2.214900000000000000e+04
1.496376540000000000e+10 1.698600000000000000e+04
1.511441271200000000e+10 2.328000000000000000e+04
1.536491290400000000e+10 3.164100000000000000e+04
1.569584205600000000e+10 3.895900000000000000e+04
1.569608082400000000e+10 3.245800000000000000e+04
1.583596933600000000e+10 2.938600000000000000e+04
1.583614132000000000e+10 1.978800000000000000e+04
1.625739560800000000e+10 4.272700000000000000e+04
1.637887874400000000e+10 3.501000000000000000e+04
1.645227794400000000e+10 2.665500000000000000e+04
1.673488437600000000e+10 3.708800000000000000e+04
1.694210399200000000e+10 3.761600000000000000e+04
1.694217002400000000e+10 1.858000000000000000e+03
1.694651020000000000e+10 2.537700000000000000e+04
1.705419764000000000e+10 2.600000000000000000e+04
1.714751804000000000e+10 2.520000000000000000e+04
1.716503016800000000e+10 1.885900000000000000e+04
1.718421247200000000e+10 1.586800000000000364e+04
1.725775789600000000e+10 1.737100000000000728e+04
1.727356264800000000e+10 1.372400000000000000e+04
1.729033960800000000e+10 1.198500000000000728e+04
1.737173552800000000e+10 1.364199999999999636e+04
1.741504324000000000e+10 1.289700000000000000e+04
1.753643888800000000e+10 1.664099999999999272e+04
1.771419599200000000e+10 2.280800000000000000e+04
1.786269415200000000e+10 2.537400000000000000e+04
1.801107004000000000e+10 2.642600000000000000e+04
1.802163909600000000e+10 1.998400000000000000e+04
1.807080023200000000e+10 1.869500000000000000e+04
1.835063887200000000e+10 2.990100000000000000e+04
1.835693477600000000e+10 2.165600000000000000e+04
1.844421205600000000e+10 2.121200000000000000e+04
1.863108012000000000e+10 2.688000000000000000e+04
1.874827936800000000e+10 2.748600000000000000e+04
1.921543170400000000e+10 4.712400000000000000e+04
1.934213044000000000e+10 3.857600000000000000e+04
1.944474628000000000e+10 3.284200000000000000e+04
1.946193231200000000e+10 2.304800000000000000e+04
1.950741828000000000e+10 2.063800000000000000e+04
1.980814527200000000e+10 3.687100000000000000e+04
1.980820028000000000e+10 4.330999999999992724e+03
1.997190108000000000e+10 3.051700000000000000e+04
2.023952317600000000e+10 4.039100000000000000e+04
2.059928296800000000e+10 4.804000000000000000e+04
2.062227927200000000e+10 3.367200000000000000e+04
2.062235247200000000e+10 9.923999999999992724e+03
2.067542157600000000e+10 2.449600000000000000e+04
2.093820788000000000e+10 3.240100000000000728e+04
2.093840776800000000e+10 2.374300000000000728e+04
2.105458976800000000e+10 2.510499999999999272e+04
2.110844514400000000e+10 2.223900000000000000e+04
2.113066876000000000e+10 1.797899999999999272e+04
2.116392140000000000e+10 1.600300000000000364e+04
2.116401781600000000e+10 8.120000000000003638e+03
2.122729084000000000e+10 1.475100000000000364e+04
2.142513909600000000e+10 2.238600000000000000e+04
2.164112314400000000e+10 3.032000000000000000e+04
2.207474834400000000e+10 4.472400000000000000e+04
2.218559087200000000e+10 3.872000000000000000e+04
2.273759376800000000e+10 5.705100000000000000e+04
2.273763856800000000e+10 1.882000000000000000e+03
2.289333887200000000e+10 4.057100000000000000e+04
2.289340125600000000e+10 2.765999999999992724e+03
2.295596092000000000e+10 3.127700000000000000e+04
2.295604786400000000e+10 1.133100000000000000e+04
2.297556480800000000e+10 1.978600000000000000e+04
2.311773314400000000e+10 2.488000000000000000e+04
2.322654400800000000e+10 2.541600000000000000e+04
2.330293279200000000e+10 2.088099999999999272e+04
2.338769562400000000e+10 2.009600000000000000e+04
2.341329402400000000e+10 1.779000000000000728e+04
2.344256106400000000e+10 1.486400000000000364e+04
2.379623469600000000e+10 3.264900000000000000e+04
2.397158615200000000e+10 3.238800000000000000e+04
2.397176258400000000e+10 2.204200000000000000e+04
2.422028200800000000e+10 3.429500000000000000e+04
2.435796316000000000e+10 3.555100000000000000e+04
2.462100085600000000e+10 3.673100000000000000e+04
2.462105538400000000e+10 5.304999999999996362e+03
2.473773322400000000e+10 3.081900000000000000e+04
2.480192666400000000e+10 2.792200000000000000e+04
2.481248477600000000e+10 1.847100000000000000e+04
2.493205119200000000e+10 2.186400000000000000e+04
2.510274159200000000e+10 2.636599999999999272e+04
2.541211512800000000e+10 3.981700000000000000e+04
2.541216885600000000e+10 4.599000000000007276e+03
2.551000767200000000e+10 2.704999999999999272e+04
2.553751216800000000e+10 2.183700000000000728e+04
2.566910456800000000e+10 2.578700000000000000e+04
2.574322040800000000e+10 2.314800000000000000e+04
2.585349197600000000e+10 2.344400000000000000e+04
2.593873404000000000e+10 2.311400000000000000e+04
2.596571568800000000e+10 1.803999999999999636e+04
2.607642034400000000e+10 2.024800000000000000e+04
2.627879071200000000e+10 2.654999999999999272e+04
2.669393776800000000e+10 4.267400000000000000e+04
2.669406301600000000e+10 2.107200000000000728e+04
2.726132656800000000e+10 5.395100000000000000e+04
2.727402879200000000e+10 3.333100000000000000e+04
2.734655882400000000e+10 2.847399999999999272e+04
2.736761127200000000e+10 2.230500000000000000e+04
2.742133855200000000e+10 2.155400000000000000e+04
2.759801466400000000e+10 2.816400000000000000e+04
2.762819744800000000e+10 2.034000000000000000e+04
2.796962125600000000e+10 3.593199999999999272e+04
2.798466405600000000e+10 2.502000000000000000e+04
2.808499037600000000e+10 2.536000000000000000e+04
2.808509751200000000e+10 1.233099999999999272e+04
2.819013568800000000e+10 2.119200000000000000e+04
2.876895244000000000e+10 5.096100000000000000e+04
2.876899872800000000e+10 1.889000000000007276e+03
2.878298320800000000e+10 3.270400000000000000e+04
2.886645132000000000e+10 2.891800000000000000e+04
2.889976680800000000e+10 2.185800000000000000e+04
2.895714789600000000e+10 2.070200000000000000e+04
2.909914917600000000e+10 2.409300000000000000e+04
2.926270517600000000e+10 2.819500000000000000e+04
2.930843055200000000e+10 2.309800000000000000e+04
2.948879472800000000e+10 2.719900000000000000e+04
2.961224308000000000e+10 2.659900000000000000e+04
2.961231655200000000e+10 9.242999999999996362e+03
2.964488324000000000e+10 1.886400000000000000e+04
2.964516661600000000e+10 1.338300000000000364e+04
2.964561524000000000e+10 1.038800000000000364e+04
2.981578335200000000e+10 1.985900000000000000e+04
2.989984154400000000e+10 1.928100000000000000e+04
2.995881991200000000e+10 1.856000000000000000e+04
2.999170264800000000e+10 1.611899999999999272e+04
2.999554676000000000e+10 1.223900000000000000e+04
3.001802349600000000e+10 1.143400000000000000e+04
3.013102220000000000e+10 1.544500000000000728e+04
3.015742844000000000e+10 1.351899999999999636e+04
3.022667639200000000e+10 1.443400000000000000e+04
3.024016543200000000e+10 1.201999999999999272e+04
3.042398669600000000e+10 1.926299999999999272e+04
3.056325882400000000e+10 2.143900000000000000e+04
3.059215957600000000e+10 1.878900000000000000e+04
3.071399568800000000e+10 2.087200000000000000e+04
3.071647682400000000e+10 1.563999999999999272e+04
3.072449644000000000e+10 1.275100000000000728e+04
3.082059053600000000e+10 1.606299999999999636e+04
3.083261530400000000e+10 1.296499999999999636e+04
3.086879604000000000e+10 1.247300000000000364e+04
3.096469775200000000e+10 1.505699999999999636e+04
3.128217066400000000e+10 2.880900000000000000e+04
3.165037922400000000e+10 3.940800000000000000e+04
3.165044388000000000e+10 9.820000000000000000e+03
3.168270754400000000e+10 2.536000000000000000e+04
3.181453410400000000e+10 2.961199999999999272e+04
3.190385112800000000e+10 2.656100000000000000e+04
3.210537458400000000e+10 3.041700000000000000e+04
3.214881229600000000e+10 2.441600000000000000e+04
3.241418786400000000e+10 3.607900000000000728e+04
3.245190658400000000e+10 2.504600000000000000e+04
3.263186308000000000e+10 2.865900000000000728e+04
3.266318429600000000e+10 2.356500000000000000e+04
3.273807666400000000e+10 2.336300000000000000e+04
3.305878572000000000e+10 3.640100000000000000e+04
3.309243045600000000e+10 2.727200000000000000e+04
3.346982872800000000e+10 4.459100000000000000e+04
3.349686581600000000e+10 2.717800000000000000e+04
3.366242180000000000e+10 3.235100000000000000e+04
3.375266258400000000e+10 2.849699999999999272e+04
3.376961930400000000e+10 2.125500000000000000e+04
3.381012764000000000e+10 1.946900000000000000e+04
3.390505405600000000e+10 2.064200000000000000e+04
3.438597749600000000e+10 4.121900000000000000e+04
3.438602599200000000e+10 2.294999999999992724e+03
3.447558967200000000e+10 3.261600000000000000e+04
3.447564888800000000e+10 5.741000000000007276e+03
3.449278434400000000e+10 2.123600000000000000e+04
3.465140180000000000e+10 2.787600000000000000e+04
3.469788893600000000e+10 2.233900000000000000e+04
3.475958309600000000e+10 2.070299999999999272e+04
3.478338487200000000e+10 1.747900000000000728e+04
3.495149076000000000e+10 2.330500000000000000e+04
3.507598636000000000e+10 2.496800000000000000e+04
3.514994797600000000e+10 2.197800000000000000e+04
3.521412324000000000e+10 2.121500000000000000e+04
3.542261055200000000e+10 2.772300000000000000e+04
3.558406524000000000e+10 2.921200000000000728e+04
3.578674757600000000e+10 3.352099999999999272e+04
3.578679887200000000e+10 2.502000000000003638e+03
3.580198863200000000e+10 2.369200000000000000e+04
3.590511800800000000e+10 2.479400000000000000e+04
3.604500839200000000e+10 2.587100000000000000e+04
3.611411400800000000e+10 2.320200000000000000e+04
3.622011277600000000e+10 2.387000000000000000e+04
3.625774381600000000e+10 1.980100000000000000e+04
3.628586204000000000e+10 1.694099999999999272e+04
3.644433448800000000e+10 2.285800000000000000e+04
3.652410237600000000e+10 2.200900000000000000e+04
3.671301186400000000e+10 2.688099999999999272e+04
3.673254234400000000e+10 2.026700000000000000e+04
3.688283853600000000e+10 2.652900000000000000e+04
3.709432138400000000e+10 2.952600000000000000e+04
3.710204759200000000e+10 2.101100000000000728e+04
3.710210612000000000e+10 2.379000000000003638e+03
3.714355861600000000e+10 1.834800000000000000e+04
3.774271648800000000e+10 4.836700000000000000e+04
3.792843442400000000e+10 4.743100000000000000e+04
3.792855044000000000e+10 1.883700000000000000e+04
3.792861197600000000e+10 2.514000000000003638e+03
3.828525119200000000e+10 4.212700000000000000e+04
3.867514189600000000e+10 5.202900000000000000e+04
3.876143788000000000e+10 3.779400000000000000e+04
3.879428341600000000e+10 2.920600000000000000e+04
3.898578085600000000e+10 3.353500000000000000e+04
3.904067583200000000e+10 2.634600000000000000e+04
3.919675741600000000e+10 3.080500000000000000e+04
3.919688704800000000e+10 1.011800000000000728e+04
3.928697376800000000e+10 2.363900000000000000e+04
4.012308429600000000e+10 6.170600000000000000e+04
4.022111877600000000e+10 4.184600000000000000e+04
4.057708511200000000e+10 5.177000000000000000e+04
4.097156183200000000e+10 6.062500000000000000e+04
4.097163021600000000e+10 1.529200000000000000e+04
4.158353356000000000e+10 6.781700000000000000e+04
4.159624986400000000e+10 3.389600000000000000e+04
4.166517815200000000e+10 3.046500000000000000e+04
4.166534197600000000e+10 7.468999999999992724e+03
4.182463592800000000e+10 2.866700000000000000e+04
4.214893836000000000e+10 3.846700000000000000e+04
4.227979432800000000e+10 3.472600000000000000e+04
4.240151088800000000e+10 3.177200000000000000e+04
4.259195434400000000e+10 3.513100000000000728e+04
4.269222368800000000e+10 3.108600000000000000e+04
4.272014415200000000e+10 2.441600000000000000e+04
4.293793021600000000e+10 3.126300000000000000e+04
4.293813314400000000e+10 2.097099999999999272e+04
4.301437975200000000e+10 2.194600000000000000e+04
4.312912357600000000e+10 2.280199999999999272e+04
4.333958500000000000e+10 2.937299999999999272e+04
4.333964855200000000e+10 6.381000000000007276e+03
4.360690002400000000e+10 3.443100000000000000e+04
4.360719084000000000e+10 2.528099999999999272e+04
4.360725540000000000e+10 3.490000000000007276e+03
4.383900333600000000e+10 3.059200000000000728e+04
4.408203092000000000e+10 3.695100000000000000e+04
4.432092316000000000e+10 4.004400000000000000e+04
4.464853396000000000e+10 4.690700000000000000e+04
4.473049828000000000e+10 3.511599999999999272e+04
4.473067255200000000e+10 2.552000000000000000e+04
4.475262525600000000e+10 2.005800000000000000e+04
4.475575951200000000e+10 1.435499999999999636e+04
4.532704660000000000e+10 4.758500000000000000e+04
4.532715861600000000e+10 2.252799999999999272e+04
4.561853408800000000e+10 4.112200000000000000e+04
4.595125060000000000e+10 5.353700000000000000e+04
4.601264031200000000e+10 3.520900000000000000e+04
4.601691999200000000e+10 2.286700000000000000e+04
4.606401375200000000e+10 2.154100000000000000e+04
4.628615607200000000e+10 2.990400000000000000e+04
4.643402869600000000e+10 3.146800000000000000e+04
4.644412453600000000e+10 2.075500000000000000e+04
4.645621984800000000e+10 1.729100000000000728e+04
4.682472655200000000e+10 3.443100000000000000e+04
4.691299784800000000e+10 3.056900000000000000e+04
4.706517170400000000e+10 3.255900000000000000e+04
4.733411890400000000e+10 3.903000000000000000e+04
4.742043298400000000e+10 3.051900000000000000e+04
4.758223119200000000e+10 3.110300000000000728e+04
4.758228114400000000e+10 2.430999999999996362e+03
4.759289005600000000e+10 2.263100000000000000e+04
4.773603919200000000e+10 2.665300000000000000e+04
4.779012477600000000e+10 2.455200000000000000e+04
4.780193716000000000e+10 1.745199999999999272e+04
4.780200197600000000e+10 1.978999999999992724e+03
4.798592663200000000e+10 2.248800000000000000e+04
4.822718024800000000e+10 3.012999999999999272e+04
4.822723720800000000e+10 4.726000000000000000e+03
4.847698591200000000e+10 3.590600000000000000e+04
4.851477224800000000e+10 2.703900000000000000e+04
4.853238533600000000e+10 2.090600000000000000e+04
4.898968316000000000e+10 4.497000000000000000e+04
4.906554735200000000e+10 3.504000000000000000e+04
4.909330133600000000e+10 2.569500000000000000e+04
4.926353980000000000e+10 2.914200000000000000e+04
4.935853756000000000e+10 2.628799999999999272e+04
4.961338559200000000e+10 3.449300000000000000e+04
4.966587708000000000e+10 2.893200000000000000e+04
4.976651864800000000e+10 2.660600000000000728e+04
5.000973568800000000e+10 3.527100000000000000e+04
5.004776896800000000e+10 2.592200000000000000e+04
5.004784674400000000e+10 8.119000000000003638e+03
5.020785460000000000e+10 2.584900000000000000e+04
5.022314588000000000e+10 1.889500000000000000e+04
5.037981188000000000e+10 2.626500000000000000e+04
5.078963751200000000e+10 3.926100000000000000e+04
5.087982928800000000e+10 3.505600000000000000e+04
5.087989336800000000e+10 7.991000000000003638e+03
5.096675357600000000e+10 2.742500000000000000e+04
5.097367076000000000e+10 1.899600000000000000e+04
5.124418957600000000e+10 3.061399999999999272e+04
5.125695575200000000e+10 2.297000000000000000e+04
5.130441036000000000e+10 2.058800000000000000e+04
5.142088919200000000e+10 2.315400000000000000e+04
5.142366568800000000e+10 1.653699999999999272e+04
5.182289412000000000e+10 3.722600000000000000e+04
5.182296455200000000e+10 9.750000000000000000e+03
5.194460056800000000e+10 3.112900000000000000e+04
5.200195885600000000e+10 2.513200000000000000e+04
5.203594948000000000e+10 2.121700000000000000e+04
5.204860103200000000e+10 1.604900000000000364e+04
5.209151268000000000e+10 1.546500000000000364e+04
5.210574975200000000e+10 1.304400000000000000e+04
5.228491724000000000e+10 2.008000000000000000e+04
5.228498984800000000e+10 5.295999999999992724e+03
5.251168400800000000e+10 2.618800000000000000e+04
5.265717074400000000e+10 2.831700000000000000e+04
5.268939693600000000e+10 2.163700000000000000e+04
5.279599844000000000e+10 2.260900000000000000e+04
5.305632610400000000e+10 3.399800000000000000e+04
5.305639959200000000e+10 9.608999999999992724e+03
5.325072540000000000e+10 3.027100000000000728e+04
5.331597117600000000e+10 2.651100000000000000e+04
5.331987383200000000e+10 2.045800000000000000e+04
5.351578757600000000e+10 2.761400000000000000e+04
5.361887980000000000e+10 2.660100000000000000e+04
5.396539004000000000e+10 3.764500000000000000e+04
5.405256509600000000e+10 3.051700000000000728e+04
5.423933666400000000e+10 3.333500000000000000e+04
5.450533972000000000e+10 3.843800000000000000e+04
5.450963770400000000e+10 2.842300000000000000e+04
5.503713341600000000e+10 5.321000000000000000e+04
5.505914256800000000e+10 3.264400000000000000e+04
5.522193752800000000e+10 3.348000000000000000e+04
5.531626296800000000e+10 3.115600000000000000e+04
5.541991847200000000e+10 2.639800000000000728e+04
5.546381452000000000e+10 2.183500000000000000e+04
5.549181266400000000e+10 1.875100000000000000e+04
5.561641344800000000e+10 2.145600000000000000e+04
5.585324037600000000e+10 3.090400000000000000e+04
5.585428223200000000e+10 2.098200000000000000e+04
5.586194356000000000e+10 1.620500000000000728e+04
5.620634248800000000e+10 3.304600000000000000e+04
5.624217204000000000e+10 2.591500000000000000e+04
5.631987682400000000e+10 2.498100000000000000e+04
5.644081759200000000e+10 2.417300000000000000e+04
5.666986943200000000e+10 3.344500000000000728e+04
5.669110832800000000e+10 2.496800000000000000e+04
5.669960511200000000e+10 1.852000000000000728e+04
5.687527180000000000e+10 2.571100000000000000e+04
5.687535469600000000e+10 8.575000000000007276e+03
5.692536935200000000e+10 1.944000000000000000e+04
5.698647789600000000e+10 1.778399999999999636e+04
5.714580181600000000e+10 2.360500000000000000e+04
5.727419316000000000e+10 2.411600000000000000e+04
5.729508732000000000e+10 1.928100000000000000e+04
5.729515807200000000e+10 4.499000000000007276e+03
5.742340295200000000e+10 2.090400000000000000e+04
5.756829882400000000e+10 2.497500000000000000e+04
5.770655197600000000e+10 2.572800000000000000e+04
5.792013874400000000e+10 3.240200000000000000e+04
5.802393085600000000e+10 2.944800000000000000e+04
5.815224207200000000e+10 2.904599999999999272e+04
5.840867207200000000e+10 3.622000000000000000e+04
5.842301151200000000e+10 2.473700000000000000e+04
5.855991352800000000e+10 2.826300000000000000e+04
5.878713756000000000e+10 3.269899999999999272e+04
5.905029485600000000e+10 4.027800000000000000e+04
5.906129440800000000e+10 2.701900000000000000e+04
5.917253026400000000e+10 2.982500000000000000e+04
5.944602760800000000e+10 3.982900000000000000e+04
5.952218250400000000e+10 2.946400000000000000e+04
5.956184541600000000e+10 2.426600000000000000e+04
5.969965165600000000e+10 2.702900000000000000e+04
6.075131218400000000e+10 8.347999999999998545e+04
6.079335492000000000e+10 4.325100000000000000e+04
6.079340431200000000e+10 3.676999999999992724e+03
6.091418087200000000e+10 3.492800000000000728e+04
6.132594874400000000e+10 5.112300000000000000e+04
6.144453884000000000e+10 3.682400000000000000e+04
6.145850780000000000e+10 2.761800000000000000e+04
6.145869288800000000e+10 1.960099999999999272e+04
6.147352514400000000e+10 1.642799999999999272e+04
6.182989511200000000e+10 3.581800000000000000e+04
6.206693788000000000e+10 3.929300000000000000e+04
6.214127015200000000e+10 3.105600000000000728e+04
6.216546197600000000e+10 2.304300000000000000e+04
6.217209085600000000e+10 1.707100000000000000e+04
6.226645084000000000e+10 2.160100000000000000e+04
6.272123784800000000e+10 3.908200000000000000e+04
6.281536914400000000e+10 3.338799999999999272e+04
6.282188178400000000e+10 2.328100000000000000e+04
6.290787626400000000e+10 2.408100000000000000e+04
6.295255783200000000e+10 2.059400000000000000e+04
6.324861570400000000e+10 3.498200000000000728e+04
6.336979352800000000e+10 3.121000000000000000e+04
6.348557389600000000e+10 2.866099999999999272e+04
6.351347013600000000e+10 2.160300000000000000e+04
6.354762469600000000e+10 1.977700000000000000e+04
6.363094352800000000e+10 2.076500000000000000e+04
6.419884432800000000e+10 4.623500000000000000e+04
6.421085719200000000e+10 3.017500000000000000e+04
6.427922208800000000e+10 2.815000000000000728e+04
6.443523047200000000e+10 2.960199999999999272e+04
6.456482268000000000e+10 3.194500000000000000e+04
6.478912548000000000e+10 3.371300000000000000e+04
6.480951581600000000e+10 2.493599999999999272e+04
6.492076004000000000e+10 2.621900000000000000e+04
6.495572498400000000e+10 2.071900000000000000e+04
6.504324418400000000e+10 2.274400000000000000e+04
6.511108576800000000e+10 2.046400000000000000e+04
6.528638999200000000e+10 2.453600000000000000e+04
6.528645453600000000e+10 6.244000000000007276e+03
6.536909130400000000e+10 2.145200000000000000e+04
6.541631591200000000e+10 1.960500000000000000e+04
6.547046500000000000e+10 1.834400000000000000e+04
6.560577880800000000e+10 2.130200000000000000e+04
6.573919794400000000e+10 2.476099999999999272e+04
6.593581431200000000e+10 3.041600000000000000e+04
6.608826580000000000e+10 2.933300000000000000e+04
6.617108917600000000e+10 2.512000000000000728e+04
6.633193330400000000e+10 2.802499999999999272e+04
6.637971892000000000e+10 2.408600000000000000e+04
6.638577940000000000e+10 1.764599999999999272e+04
6.650592064800000000e+10 2.258100000000000000e+04
6.650598592800000000e+10 4.172000000000000000e+03
6.659470568800000000e+10 1.985900000000000000e+04
6.673578872800000000e+10 2.280100000000000000e+04
6.684204268000000000e+10 2.311700000000000000e+04
6.733039468000000000e+10 4.551800000000000000e+04
6.744921671200000000e+10 3.700000000000000000e+04
6.755261741600000000e+10 3.298099999999999272e+04
6.761630976800000000e+10 2.809700000000000000e+04
6.780233684000000000e+10 3.074700000000000000e+04
6.782388975200000000e+10 2.454500000000000000e+04
6.789398248800000000e+10 2.189600000000000000e+04
6.846771186400000000e+10 5.112200000000000000e+04
6.847520404000000000e+10 3.183300000000000000e+04
6.856866954400000000e+10 2.792000000000000000e+04
6.892881079200000000e+10 4.966400000000000000e+04
6.894763103200000000e+10 2.768300000000000000e+04
6.897263471200000000e+10 2.328000000000000000e+04
6.899356316000000000e+10 1.908600000000000728e+04
6.900496133600000000e+10 1.514300000000000000e+04
6.914584717600000000e+10 2.064100000000000000e+04
6.922197834400000000e+10 2.052400000000000000e+04
6.924608015200000000e+10 1.691200000000000364e+04
6.924618373600000000e+10 7.609999999999992724e+03
6.930478602400000000e+10 1.497700000000000000e+04
6.942114152800000000e+10 1.793900000000000000e+04
6.976367016800000000e+10 3.354200000000000728e+04
6.989087925600000000e+10 2.984600000000000000e+04
6.989096919200000000e+10 1.311100000000000728e+04
6.997095285600000000e+10 2.368199999999999272e+04
6.998429484000000000e+10 1.820500000000000728e+04
7.004445442400000000e+10 1.865000000000000000e+04
7.010586602400000000e+10 1.825699999999999272e+04
7.019524010400000000e+10 1.877600000000000000e+04
7.027711802400000000e+10 1.875700000000000728e+04
7.027720629600000000e+10 7.089999999999996362e+03
7.033941204000000000e+10 1.617999999999999636e+04
7.036224864800000000e+10 1.385200000000000728e+04
7.044320120800000000e+10 1.638400000000000728e+04
7.056270154400000000e+10 1.905399999999999272e+04
7.064039946400000000e+10 1.833700000000000000e+04
7.077922994400000000e+10 2.139200000000000000e+04
7.079594404000000000e+10 1.765100000000000364e+04
7.080622719200000000e+10 1.368199999999999272e+04
7.087026685600000000e+10 1.454399999999999272e+04
7.087048992800000000e+10 1.125499999999999636e+04
7.127420944800000000e+10 2.957200000000000000e+04
7.141579832800000000e+10 3.305900000000000000e+04
7.141593992800000000e+10 1.773599999999999636e+04
7.142109284000000000e+10 1.704999999999999636e+04
7.143570498400000000e+10 1.444100000000000000e+04
7.153385884000000000e+10 1.788599999999999272e+04
7.157365596000000000e+10 1.602400000000000000e+04
7.179170008800000000e+10 2.354600000000000000e+04
7.183371351200000000e+10 2.015900000000000000e+04
7.195223589600000000e+10 2.224300000000000000e+04
7.224841860000000000e+10 3.459800000000000000e+04
7.230684581600000000e+10 2.589600000000000000e+04
7.240983368800000000e+10 2.749700000000000000e+04
7.248414829600000000e+10 2.395600000000000000e+04
7.269177463200000000e+10 3.080700000000000000e+04
7.283464615200000000e+10 3.018300000000000000e+04
7.283473653600000000e+10 1.195700000000000000e+04
7.283480898400000000e+10 2.398000000000000000e+03
7.298483650400000000e+10 2.631700000000000000e+04
7.302005548000000000e+10 2.136100000000000000e+04
7.321535210400000000e+10 2.848000000000000728e+04
7.339535816800000000e+10 3.080900000000000000e+04
7.339543290400000000e+10 9.151999999999992724e+03
7.340196844000000000e+10 1.846100000000000000e+04
7.343037149600000000e+10 1.659099999999999272e+04
7.370599976800000000e+10 2.822900000000000000e+04
7.370610000800000000e+10 1.587099999999999272e+04
7.381373640800000000e+10 2.313800000000000000e+04
7.402826525600000000e+10 3.018599999999999272e+04
7.402844148000000000e+10 2.195900000000000000e+04
7.402858463200000000e+10 1.145099999999999272e+04
7.424264844000000000e+10 2.722600000000000000e+04
7.428963784800000000e+10 2.282500000000000000e+04
7.429156581600000000e+10 1.691600000000000000e+04
7.455539820000000000e+10 2.931500000000000000e+04
7.455548452000000000e+10 1.041699999999999272e+04
7.489841660000000000e+10 3.749500000000000000e+04
7.502373900000000000e+10 3.426900000000000000e+04
7.507228540000000000e+10 2.799700000000000000e+04
7.511394871200000000e+10 2.167700000000000000e+04
7.519329130400000000e+10 2.137600000000000000e+04
7.530865912800000000e+10 2.417100000000000000e+04
7.532886631200000000e+10 1.790600000000000000e+04
7.549210629600000000e+10 2.246800000000000000e+04
7.549232298400000000e+10 1.950600000000000000e+04
7.553263080800000000e+10 1.590600000000000000e+04
7.560272077600000000e+10 1.713700000000000728e+04
7.574133583200000000e+10 2.094600000000000000e+04
7.581098119200000000e+10 1.960300000000000000e+04
7.627558836000000000e+10 4.128200000000000000e+04
7.641091306400000000e+10 3.578500000000000000e+04
7.681387876000000000e+10 4.561900000000000000e+04
7.683003725600000000e+10 3.292599999999999272e+04
7.738985320800000000e+10 5.573700000000000000e+04
7.738991474400000000e+10 1.174999999999999272e+04
7.751435365600000000e+10 4.104200000000000000e+04
7.789615469600000000e+10 4.957500000000000000e+04
7.803277914400000000e+10 4.299800000000000000e+04
7.815350196000000000e+10 3.705900000000000000e+04
7.863256775200000000e+10 5.051400000000000000e+04
7.883778784800000000e+10 4.630300000000000000e+04
7.889364074400000000e+10 3.289500000000000000e+04
7.889369612000000000e+10 5.520000000000007276e+03
7.935066594400000000e+10 4.893200000000000000e+04
7.983314322400000000e+10 5.806600000000000000e+04
8.021640943200000000e+10 6.734500000000000000e+04
8.021658869600000000e+10 3.086900000000000728e+04
8.033961800800000000e+10 3.259200000000000000e+04
8.037876053600000000e+10 2.790000000000000000e+04
8.047542509600000000e+10 2.584700000000000000e+04
8.054988586400000000e+10 2.329000000000000000e+04
8.056101573600000000e+10 1.796099999999999636e+04
8.056686213600000000e+10 1.457800000000000000e+04
8.078725122400000000e+10 2.480400000000000000e+04
8.084197008800000000e+10 2.156200000000000728e+04
8.084210026400000000e+10 1.325699999999999636e+04
8.087056162400000000e+10 1.505499999999999636e+04
8.093194023200000000e+10 1.576300000000000000e+04
8.138313344800000000e+10 3.710900000000000000e+04
8.143226005600000000e+10 2.839800000000000000e+04
8.151818632800000000e+10 2.494700000000000000e+04
8.157161173600000000e+10 2.240400000000000000e+04
8.194897514400000000e+10 3.841600000000000000e+04
8.204052925600000000e+10 3.064300000000000000e+04
8.204103935200000000e+10 2.069500000000000000e+04
8.217791816800000000e+10 2.632499999999999272e+04
8.243099333600000000e+10 3.545700000000000000e+04
8.249381503200000000e+10 2.854900000000000728e+04
8.258316655200000000e+10 2.663700000000000000e+04
8.261402500000000000e+10 2.165000000000000000e+04
8.262350309600000000e+10 1.595199999999999636e+04
8.293700935200000000e+10 3.062600000000000000e+04
8.300323007200000000e+10 2.759200000000000000e+04
8.303365560800000000e+10 2.165200000000000000e+04
8.303375162400000000e+10 9.178000000000007276e+03
8.306247116000000000e+10 1.593600000000000728e+04
8.312222164000000000e+10 1.617599999999999272e+04
8.324442269600000000e+10 1.886400000000000000e+04
8.335917181600000000e+10 2.192400000000000000e+04
8.345008692000000000e+10 2.053500000000000000e+04
8.345735570400000000e+10 1.608200000000000728e+04
8.347612784800000000e+10 1.380900000000000000e+04
8.362545274400000000e+10 1.948000000000000000e+04
8.363043332000000000e+10 1.479899999999999636e+04
8.372344530400000000e+10 1.755100000000000000e+04
8.380713684000000000e+10 1.840500000000000728e+04
8.391903586400000000e+10 2.007200000000000000e+04
8.423980799200000000e+10 3.479800000000000728e+04
8.430082848800000000e+10 2.696900000000000000e+04
8.445126378400000000e+10 2.890800000000000000e+04
8.448706375200000000e+10 2.257100000000000000e+04
8.471437924000000000e+10 2.968700000000000000e+04
8.493223359200000000e+10 3.490700000000000000e+04
8.509733103200000000e+10 3.435900000000000728e+04
8.510193063200000000e+10 2.400700000000000000e+04
8.518376216800000000e+10 2.394400000000000000e+04
8.540291204000000000e+10 3.023899999999999272e+04
8.551650616800000000e+10 2.936400000000000000e+04
8.555414108000000000e+10 2.292500000000000000e+04
8.587081613600000000e+10 3.438600000000000000e+04
8.604066623200000000e+10 3.599100000000000000e+04
8.610329596000000000e+10 2.904600000000000728e+04
8.630724882400000000e+10 3.331900000000000000e+04
8.637038028000000000e+10 2.837500000000000000e+04
8.641637048800000000e+10 2.325100000000000000e+04
8.644876940000000000e+10 1.872700000000000728e+04
8.645249055200000000e+10 1.426399999999999272e+04
8.649341999200000000e+10 1.467600000000000728e+04
8.657181263200000000e+10 1.578500000000000364e+04
8.698740402400000000e+10 3.545200000000000728e+04
8.700163570400000000e+10 2.424000000000000000e+04
8.709823213600000000e+10 2.549500000000000000e+04
8.725749831200000000e+10 2.747200000000000000e+04
8.732275144800000000e+10 2.328900000000000000e+04
8.747278573600000000e+10 2.712000000000000000e+04
8.751687266400000000e+10 2.169600000000000000e+04
8.760767471200000000e+10 2.254500000000000000e+04
8.760773183200000000e+10 2.581999999999992724e+03
8.784360821600000000e+10 2.943200000000000000e+04
8.798100244000000000e+10 2.945600000000000000e+04
8.834060261600000000e+10 4.373200000000000000e+04
8.835830671200000000e+10 2.812200000000000000e+04
8.853883759200000000e+10 3.155500000000000000e+04
8.854619416800000000e+10 2.224000000000000000e+04
8.856818132000000000e+10 1.854400000000000728e+04
8.861068109600000000e+10 1.715100000000000000e+04
8.864250016800000000e+10 1.542999999999999272e+04
8.866244685600000000e+10 1.314200000000000000e+04
8.904842556000000000e+10 3.025600000000000000e+04
8.922433280800000000e+10 3.307700000000000000e+04
8.932833524000000000e+10 3.112400000000000000e+04
8.943004232800000000e+10 2.903200000000000000e+04
8.964018400800000000e+10 3.197300000000000000e+04
8.975272884000000000e+10 2.981800000000000000e+04
8.976819935200000000e+10 2.203400000000000000e+04
8.978865474400000000e+10 1.848000000000000000e+04
8.992560239200000000e+10 2.225100000000000728e+04
