# Timestamps in ns,Energies
6.008616560000000000e+08 7.544900000000000000e+04
6.009145040000000000e+08 1.108199999999999636e+04
7.709171280000000000e+08 4.972700000000000000e+04
7.711035120000000000e+08 2.269700000000000000e+04
1.369075608000000000e+09 5.868900000000000000e+04
2.755494360000000000e+09 8.870400000000000000e+04
3.092828040000000000e+09 6.686300000000000000e+04
4.280242968000000000e+09 8.384100000000000000e+04
4.603070392000000000e+09 6.472200000000000000e+04
4.917571288000000000e+09 6.056000000000000000e+04
5.017705224000000000e+09 4.804500000000000000e+04
5.210539992000000000e+09 4.028400000000000000e+04
5.267080008000000000e+09 3.344599999999999272e+04
6.084677288000000000e+09 7.028000000000000000e+04
6.116387384000000000e+09 4.383800000000000000e+04
6.642759048000000000e+09 5.568000000000000000e+04
7.038761384000000000e+09 5.935200000000000000e+04
7.637330920000000000e+09 6.412400000000000000e+04
8.680862824000000000e+09 9.603200000000000000e+04
8.714635160000000000e+09 4.458400000000000000e+04
8.714699864000000000e+09 1.112899999999999636e+04
9.054780200000000000e+09 4.613100000000000000e+04
9.117971768000000000e+09 3.762300000000000000e+04
9.824826344000000000e+09 6.628100000000000000e+04
1.146969076000000000e+10 9.604000000000000000e+04
1.159962316000000000e+10 6.303200000000000000e+04
1.171540562400000000e+10 4.448800000000000000e+04
1.171552844000000000e+10 1.128500000000000000e+04
1.250422224800000000e+10 6.256900000000000000e+04
1.279542573600000000e+10 5.890700000000000000e+04
1.280298376800000000e+10 3.404200000000000728e+04
1.290186407200000000e+10 3.105100000000000728e+04
1.350314647200000000e+10 5.886100000000000000e+04
1.393130818400000000e+10 5.544000000000000000e+04
1.444191896800000000e+10 6.728500000000000000e+04
1.444200775200000000e+10 2.229400000000000000e+04
1.594727408800000000e+10 9.228400000000000000e+04
1.604354178400000000e+10 5.156100000000000000e+04
1.666594381600000000e+10 6.853500000000000000e+04
1.770533210400000000e+10 7.929300000000000000e+04
1.905277668000000000e+10 1.039120000000000000e+05
1.905290980000000000e+10 1.636200000000000000e+04
1.912450031200000000e+10 4.632400000000000000e+04
1.935180960800000000e+10 4.574300000000000000e+04
1.946863640800000000e+10 3.850300000000000000e+04
1.946873679200000000e+10 1.546000000000000728e+04
1.958676224800000000e+10 2.988700000000000000e+04
1.974295096800000000e+10 2.893500000000000728e+04
2.026911397600000000e+10 4.853600000000000000e+04
2.031261469600000000e+10 4.039100000000000000e+04
2.031267861600000000e+10 8.112999999999996362e+03
2.048796386400000000e+10 3.380200000000000728e+04
2.113347695200000000e+10 5.919700000000000000e+04
2.297139333600000000e+10 9.114400000000001455e+04
2.373041973600000000e+10 9.105700000000000000e+04
2.378550010400000000e+10 5.158800000000000000e+04
2.378562079200000000e+10 2.312600000000000000e+04
2.408011964000000000e+10 4.034200000000000000e+04
2.415774560800000000e+10 3.356400000000000000e+04
2.454846378400000000e+10 4.955300000000000000e+04
2.552410832800000000e+10 7.456400000000000000e+04
2.561643128800000000e+10 4.635200000000000000e+04
2.597856936800000000e+10 5.663700000000000000e+04
2.706583516000000000e+10 8.472100000000000000e+04
2.710376133600000000e+10 4.802800000000000000e+04
2.715394389600000000e+10 3.390300000000000000e+04
2.715401639200000000e+10 1.060199999999999636e+04
2.723981498400000000e+10 2.791600000000000000e+04
2.737891349600000000e+10 2.823800000000000000e+04
2.764792181600000000e+10 3.544900000000000000e+04
2.958808965600000000e+10 9.839200000000000000e+04
2.989615436000000000e+10 7.401600000000000000e+04
2.989615988000000000e+10 5.873999999999996362e+03
3.021257380000000000e+10 5.534700000000000000e+04
3.117359866400000000e+10 7.542600000000000000e+04
3.117370551200000000e+10 3.452400000000000000e+04
3.117376036000000000e+10 2.820000000000000000e+03
3.187502992800000000e+10 7.503299999999998545e+04
3.198087728800000000e+10 5.092000000000000000e+04
3.273989927200000000e+10 6.777900000000000000e+04
3.279980405600000000e+10 4.632800000000000000e+04
3.305508423200000000e+10 4.595200000000000000e+04
3.305516007200000000e+10 1.488599999999999272e+04
3.374503335200000000e+10 6.980200000000000000e+04
3.379246842400000000e+10 4.054300000000000000e+04
3.496710268000000000e+10 8.125900000000000000e+04
3.575004754400000000e+10 7.710700000000000000e+04
3.587585304800000000e+10 5.305900000000000000e+04
3.596731612000000000e+10 4.142400000000000000e+04
3.632862346400000000e+10 5.181800000000000000e+04
3.640087560800000000e+10 3.650200000000000000e+04
3.640093407200000000e+10 7.234999999999992724e+03
3.721825076000000000e+10 6.828000000000000000e+04
3.739851432800000000e+10 5.490400000000000000e+04
3.817478703200000000e+10 6.772000000000000000e+04
3.830333232800000000e+10 4.951000000000000000e+04
3.838648298400000000e+10 3.803900000000000000e+04
3.838665410400000000e+10 2.477500000000000000e+04
3.849783664800000000e+10 2.690900000000000000e+04
3.983437704800000000e+10 8.352100000000000000e+04
4.074568388000000000e+10 8.059200000000000000e+04
4.126286866400000000e+10 7.374500000000000000e+04
4.131865554400000000e+10 4.777900000000000000e+04
4.164607991200000000e+10 5.153100000000000000e+04
4.182690268000000000e+10 4.475100000000000000e+04
4.182697167200000000e+10 1.187300000000000728e+04
4.183983287200000000e+10 2.418500000000000000e+04
4.367678991200000000e+10 9.945600000000000000e+04
4.367695216800000000e+10 3.246100000000000000e+04
4.423545421600000000e+10 6.208200000000000000e+04
4.464034106400000000e+10 6.368100000000000000e+04
4.470892304800000000e+10 4.209600000000000000e+04
4.546104130400000000e+10 6.513000000000000000e+04
4.570878053600000000e+10 5.491200000000000000e+04
4.596281754400000000e+10 4.849500000000000000e+04
4.644590720800000000e+10 6.790700000000000000e+04
4.729442244000000000e+10 8.309600000000002910e+04
4.777456322400000000e+10 7.031600000000000000e+04
4.900476669600000000e+10 8.618500000000000000e+04
4.982750597600000000e+10 7.864400000000000000e+04
5.023586100000000000e+10 6.946700000000000000e+04
5.044250301600000000e+10 5.209800000000000000e+04
5.044262274400000000e+10 2.614100000000000000e+04
5.064425837600000000e+10 3.794100000000000000e+04
5.121380570400000000e+10 6.497900000000000000e+04
5.149391844000000000e+10 5.244800000000000000e+04
5.184427015200000000e+10 5.354500000000000000e+04
5.184446181600000000e+10 4.107500000000000000e+04
5.218645133600000000e+10 4.664100000000000000e+04
5.218650647200000000e+10 7.425999999999996362e+03
5.236901847200000000e+10 4.236100000000000000e+04
5.257768468000000000e+10 3.783900000000000000e+04
5.289099696800000000e+10 4.685600000000000000e+04
5.293838588000000000e+10 3.163800000000000000e+04
5.301602984800000000e+10 2.780600000000000000e+04
5.349322552800000000e+10 5.529600000000000000e+04
5.365002324000000000e+10 4.330600000000000000e+04
5.453084804000000000e+10 7.086400000000000000e+04
5.644934580000000000e+10 1.032800000000000000e+05
5.689329138400000000e+10 7.348799999999998545e+04
5.698920279200000000e+10 5.070100000000000000e+04
5.698930514400000000e+10 2.800600000000000728e+04
5.743943666400000000e+10 4.927200000000000000e+04
5.820166453600000000e+10 7.064000000000000000e+04
5.870842933600000000e+10 7.811400000000000000e+04
5.870843485600000000e+10 5.774999999999996362e+03
5.882388956000000000e+10 4.511700000000000000e+04
5.892353253600000000e+10 4.266100000000000000e+04
5.970160856800000000e+10 7.228000000000000000e+04
6.012110176800000000e+10 6.617600000000000000e+04
6.012117373600000000e+10 7.723000000000000000e+03
6.051922359200000000e+10 6.056000000000000000e+04
6.060965368800000000e+10 4.062200000000000000e+04
6.063531932000000000e+10 2.967800000000000000e+04
6.106478255200000000e+10 5.017000000000000000e+04
6.274287415200000000e+10 9.396800000000000000e+04
6.274293199200000000e+10 1.725900000000000364e+04
6.313103324000000000e+10 6.793800000000000000e+04
6.378673327200000000e+10 6.847200000000000000e+04
6.505081728800000000e+10 8.676800000000000000e+04
6.549952914400000000e+10 6.898700000000000000e+04
6.801914359200000000e+10 1.000000000000000000e+05
6.817590957600000000e+10 6.147600000000000000e+04
6.886011869600000000e+10 8.330400000000001455e+04
6.886022911200000000e+10 3.756700000000000000e+04
6.899764989600000000e+10 4.004900000000000000e+04
6.912888216800000000e+10 3.672700000000000000e+04
6.914135556000000000e+10 2.617900000000000000e+04
6.947445696800000000e+10 3.750800000000000000e+04
6.947451677600000000e+10 7.556000000000007276e+03
6.958027892000000000e+10 3.131200000000000000e+04
6.962619904800000000e+10 2.474700000000000000e+04
7.001264599200000000e+10 4.325400000000000000e+04
7.001273460000000000e+10 1.642400000000000364e+04
7.065246855200000000e+10 5.479200000000000000e+04
7.079334572000000000e+10 4.188800000000000000e+04
7.195235687200000000e+10 7.716200000000000000e+04
7.258597474400000000e+10 7.853700000000000000e+04
7.258603140000000000e+10 1.297199999999999272e+04
7.276675024800000000e+10 4.992000000000000000e+04
7.331031157600000000e+10 6.673600000000000000e+04
7.435984674400000000e+10 9.275900000000000000e+04
7.450906469600000000e+10 6.036600000000000000e+04
7.568067484000000000e+10 9.061599999999998545e+04
7.611697725600000000e+10 6.737800000000000000e+04
7.669616879200000000e+10 7.308700000000001455e+04
7.709521909600000000e+10 5.952800000000000000e+04
7.756939556000000000e+10 7.358700000000001455e+04
7.797324015200000000e+10 6.053800000000000000e+04
7.797336503200000000e+10 1.530799999999999272e+04
7.803887085600000000e+10 3.389100000000000728e+04
7.859224524000000000e+10 5.770000000000000000e+04
7.863508967200000000e+10 3.639799999999999272e+04
7.863515538400000000e+10 1.022300000000000364e+04
7.865055047200000000e+10 2.376500000000000000e+04
7.912382421600000000e+10 4.571200000000000000e+04
7.955500186400000000e+10 5.935900000000000000e+04
8.018614850400000000e+10 6.735600000000000000e+04
8.034921999200000000e+10 4.792100000000000000e+04
8.041377924000000000e+10 3.839800000000000000e+04
8.060942372000000000e+10 3.851100000000000000e+04
8.154954469600000000e+10 7.845400000000001455e+04
8.154964260000000000e+10 2.965899999999999272e+04
8.378520309600000000e+10 1.001230000000000000e+05
8.456765453600000000e+10 8.105800000000000000e+04
8.568116839200000000e+10 8.368800000000000000e+04
8.568122544800000000e+10 1.747100000000000000e+04
8.603210711200000000e+10 5.936000000000000000e+04
8.616794911200000000e+10 4.763400000000000000e+04
8.635490882400000000e+10 4.253500000000000000e+04
8.649758676000000000e+10 3.838200000000000000e+04
8.652437855200000000e+10 2.800100000000000000e+04
8.698756714400000000e+10 4.525600000000000000e+04
8.700209588000000000e+10 3.001699999999999272e+04
8.710142236000000000e+10 2.817600000000000728e+04
8.718798957600000000e+10 2.713500000000000000e+04
8.756013319200000000e+10 4.424700000000000000e+04
8.772585898400000000e+10 3.740300000000000000e+04
8.794296496800000000e+10 3.656700000000000000e+04
8.826682079200000000e+10 4.499400000000000000e+04
8.843395372000000000e+10 4.219200000000000000e+04
8.867658976800000000e+10 4.262200000000000000e+04
8.881181572000000000e+10 3.881500000000000000e+04
8.920633119200000000e+10 4.802600000000000000e+04
8.958669765600000000e+10 5.180000000000000000e+04
8.958679010400000000e+10 2.168800000000000728e+04
