# Timestamps in ns,Energies
7.051117600000000000e+07 1.968400000000000000e+04
3.092463760000000000e+08 2.689800000000000000e+04
4.092401040000000000e+08 2.598300000000000000e+04
7.161837200000000000e+08 3.636200000000000000e+04
7.636829040000000000e+08 2.753200000000000000e+04
7.637493360000000000e+08 7.482000000000000000e+03
9.667454320000000000e+08 3.092000000000000000e+04
1.010112424000000000e+09 2.552000000000000000e+04
1.203601624000000000e+09 2.874800000000000000e+04
1.249806568000000000e+09 2.409700000000000000e+04
1.262774072000000000e+09 1.887200000000000000e+04
1.730484600000000000e+09 3.856300000000000000e+04
1.787072760000000000e+09 2.997000000000000000e+04
1.979720056000000000e+09 3.572199999999999272e+04
2.040941816000000000e+09 2.772600000000000000e+04
2.053382056000000000e+09 2.192900000000000728e+04
2.097390712000000000e+09 1.884100000000000000e+04
2.326084712000000000e+09 2.782900000000000000e+04
2.549062184000000000e+09 3.235900000000000000e+04
2.549137672000000000e+09 1.010299999999999636e+04
2.689724120000000000e+09 2.872699999999999272e+04
2.793078984000000000e+09 2.698500000000000000e+04
3.132730392000000000e+09 3.994100000000000000e+04
3.224875080000000000e+09 3.304999999999999272e+04
3.282907160000000000e+09 2.705900000000000000e+04
3.293473848000000000e+09 2.075100000000000000e+04
3.481362008000000000e+09 2.747800000000000000e+04
3.625728616000000000e+09 2.775000000000000728e+04
3.700057736000000000e+09 2.650299999999999272e+04
3.757647672000000000e+09 2.168600000000000000e+04
3.898222360000000000e+09 2.520000000000000000e+04
4.031675320000000000e+09 2.540499999999999272e+04
4.120899496000000000e+09 2.411900000000000728e+04
4.149620824000000000e+09 1.951700000000000728e+04
4.260682952000000000e+09 2.269100000000000000e+04
4.312954648000000000e+09 1.976000000000000000e+04
4.421554728000000000e+09 2.095700000000000728e+04
4.521784024000000000e+09 2.330900000000000000e+04
4.630680600000000000e+09 2.281400000000000000e+04
4.644531896000000000e+09 1.772199999999999272e+04
4.840971176000000000e+09 2.419899999999999272e+04
4.841197800000000000e+09 1.818199999999999272e+04
4.976275000000000000e+09 2.184100000000000000e+04
5.043294824000000000e+09 2.085300000000000000e+04
5.064038920000000000e+09 1.707200000000000728e+04
5.354572712000000000e+09 2.789100000000000000e+04
5.390118216000000000e+09 2.360000000000000000e+04
5.565045912000000000e+09 2.777600000000000000e+04
5.851467720000000000e+09 3.527100000000000728e+04
5.974202664000000000e+09 3.016700000000000000e+04
6.322297432000000000e+09 4.134300000000000000e+04
6.389844040000000000e+09 3.266200000000000728e+04
6.489141640000000000e+09 2.952299999999999272e+04
6.489222904000000000e+09 1.037000000000000364e+04
6.534230440000000000e+09 2.188300000000000000e+04
6.642248088000000000e+09 2.266200000000000728e+04
6.913522824000000000e+09 3.120800000000000000e+04
7.030243464000000000e+09 3.012599999999999272e+04
7.139285144000000000e+09 2.764999999999999272e+04
7.291061368000000000e+09 2.889600000000000000e+04
7.514775240000000000e+09 3.314299999999999272e+04
7.557499400000000000e+09 2.620100000000000000e+04
7.557555848000000000e+09 3.241000000000000000e+03
7.726851816000000000e+09 2.871099999999999272e+04
7.812282008000000000e+09 2.575600000000000000e+04
7.930776376000000000e+09 2.566500000000000000e+04
7.947867448000000000e+09 1.992100000000000000e+04
8.069461384000000000e+09 2.362300000000000000e+04
8.114972952000000000e+09 1.997300000000000728e+04
8.194555288000000000e+09 2.005600000000000000e+04
8.194801576000000000e+09 1.960200000000000728e+04
8.319037352000000000e+09 1.928000000000000000e+04
8.341928152000000000e+09 1.624900000000000000e+04
8.505860936000000000e+09 2.144000000000000000e+04
8.505929224000000000e+09 4.926000000000007276e+03
9.096161352000000000e+09 4.185600000000000000e+04
9.115252824000000000e+09 3.115199999999999272e+04
9.370685512000000000e+09 3.911600000000000000e+04
9.438162712000000000e+09 2.857700000000000728e+04
9.536269592000000000e+09 2.880200000000000000e+04
9.538545800000000000e+09 2.048400000000000728e+04
9.578100968000000000e+09 1.875100000000000728e+04
9.588585784000000000e+09 1.495800000000000728e+04
9.841329112000000000e+09 2.544200000000000000e+04
9.943105016000000000e+09 2.457500000000000728e+04
9.943295448000000000e+09 1.814599999999999272e+04
9.965803288000000000e+09 1.718300000000000728e+04
1.019365136800000000e+10 2.600800000000000000e+04
1.020730136800000000e+10 1.980300000000000000e+04
1.057364632800000000e+10 3.744600000000000000e+04
1.058546701600000000e+10 2.342500000000000000e+04
1.058553400800000000e+10 5.877000000000007276e+03
1.075682962400000000e+10 2.726500000000000000e+04
1.091111805600000000e+10 2.829100000000000000e+04
1.099241213600000000e+10 2.628800000000000000e+04
1.104590845600000000e+10 2.197700000000000000e+04
1.120491298400000000e+10 2.712900000000000000e+04
1.130539991200000000e+10 2.440500000000000000e+04
1.137356167200000000e+10 2.232000000000000000e+04
1.149636268000000000e+10 2.437400000000000000e+04
1.184146992800000000e+10 3.773000000000000000e+04
1.186344024800000000e+10 2.686100000000000000e+04
1.208103149600000000e+10 3.377800000000000000e+04
1.209777493600000000e+10 2.483900000000000000e+04
1.236604970400000000e+10 3.228099999999999272e+04
1.250719789600000000e+10 3.262900000000000000e+04
1.272651500000000000e+10 3.821300000000000000e+04
1.278802024800000000e+10 2.842300000000000000e+04
1.286310885600000000e+10 2.613500000000000000e+04
1.286812871200000000e+10 1.814399999999999636e+04
1.312348381600000000e+10 2.844600000000000000e+04
1.323476565600000000e+10 2.719700000000000728e+04
1.351010677600000000e+10 3.522300000000000728e+04
1.352924338400000000e+10 2.655599999999999272e+04
1.353120016800000000e+10 1.855099999999999272e+04
1.354533621600000000e+10 1.681200000000000000e+04
1.354706551200000000e+10 1.231400000000000728e+04
1.371321888800000000e+10 2.045600000000000000e+04
1.381287704800000000e+10 2.096900000000000000e+04
1.390576037600000000e+10 2.187200000000000000e+04
1.403508178400000000e+10 2.290300000000000000e+04
1.408386154400000000e+10 2.029200000000000000e+04
1.425404084000000000e+10 2.631100000000000000e+04
1.469428127200000000e+10 4.291900000000000000e+04
1.481868444000000000e+10 3.725700000000000000e+04
1.484635978400000000e+10 2.586100000000000728e+04
1.487363196000000000e+10 2.150800000000000000e+04
1.502112258400000000e+10 2.599500000000000000e+04
1.502117572000000000e+10 2.548000000000003638e+03
1.506953399200000000e+10 2.120800000000000000e+04
1.507451832800000000e+10 1.574900000000000364e+04
1.515035202400000000e+10 1.772200000000000000e+04
1.539605650400000000e+10 2.745500000000000000e+04
1.540875589600000000e+10 2.023200000000000000e+04
1.540882690400000000e+10 4.898000000000000000e+03
1.541445604000000000e+10 1.376600000000000728e+04
1.545621696800000000e+10 1.442199999999999272e+04
1.548583768800000000e+10 1.371600000000000364e+04
1.564277412000000000e+10 1.880300000000000000e+04
1.572046808800000000e+10 1.911200000000000728e+04
1.594286063200000000e+10 2.531300000000000000e+04
1.608665892000000000e+10 2.744800000000000000e+04
1.667239690400000000e+10 4.740000000000000000e+04
1.758664920800000000e+10 7.444100000000000000e+04
1.786514402400000000e+10 6.384000000000000000e+04
1.786528388000000000e+10 2.999000000000000000e+04
1.786546488800000000e+10 2.282599999999999272e+04
1.804104626400000000e+10 3.291000000000000000e+04
1.854016180000000000e+10 5.301900000000000000e+04
1.854672020000000000e+10 3.336500000000000728e+04
1.878273479200000000e+10 3.992600000000000000e+04
1.893103852000000000e+10 3.446800000000000000e+04
1.893548447200000000e+10 2.325400000000000000e+04
1.894903658400000000e+10 1.920000000000000000e+04
1.927602532000000000e+10 3.486600000000000000e+04
1.967915861600000000e+10 4.393400000000000000e+04
1.975416335200000000e+10 3.473500000000000000e+04
1.990255802400000000e+10 3.241299999999999272e+04
1.993531232800000000e+10 2.804000000000000000e+04
1.993537029600000000e+10 3.908000000000007276e+03
2.023917668000000000e+10 3.478699999999999272e+04
2.072667660000000000e+10 4.868000000000000000e+04
2.078012368800000000e+10 3.695900000000000000e+04
2.090356028000000000e+10 3.462200000000000000e+04
2.090363205600000000e+10 1.022200000000000364e+04
2.116308472800000000e+10 3.789400000000000000e+04
2.129938992800000000e+10 3.447799999999999272e+04
2.130741746400000000e+10 2.464899999999999272e+04
2.131129424800000000e+10 1.764399999999999636e+04
2.162133429600000000e+10 3.144700000000000000e+04
2.163327735200000000e+10 2.209600000000000000e+04
2.180351895200000000e+10 2.826300000000000000e+04
2.185593242400000000e+10 2.283400000000000000e+04
2.188775378400000000e+10 2.000800000000000000e+04
2.195747967200000000e+10 2.022100000000000000e+04
2.203768463200000000e+10 1.924300000000000000e+04
2.219703410400000000e+10 2.495600000000000000e+04
2.241847941600000000e+10 3.004500000000000000e+04
2.244758082400000000e+10 2.405800000000000000e+04
2.254621546400000000e+10 2.344800000000000728e+04
2.269011298400000000e+10 2.615200000000000000e+04
2.285510400800000000e+10 2.748400000000000000e+04
2.292146679200000000e+10 2.551800000000000000e+04
2.316358296800000000e+10 3.100399999999999272e+04
2.325678991200000000e+10 2.751200000000000000e+04
2.329494042400000000e+10 2.360500000000000000e+04
2.329507839200000000e+10 1.354099999999999272e+04
2.332345690400000000e+10 1.594000000000000000e+04
2.333102645600000000e+10 1.339300000000000364e+04
2.346465122400000000e+10 1.833000000000000000e+04
2.358968464800000000e+10 2.072000000000000000e+04
2.364182471200000000e+10 1.952000000000000000e+04
2.366018349600000000e+10 1.515300000000000364e+04
2.375607975200000000e+10 1.729000000000000000e+04
2.378584791200000000e+10 1.546200000000000000e+04
2.412030343200000000e+10 2.976600000000000000e+04
2.414523042400000000e+10 2.357700000000000000e+04
2.422125565600000000e+10 2.137599999999999272e+04
2.435715319200000000e+10 2.537800000000000000e+04
2.437467789600000000e+10 1.946000000000000000e+04
2.438988695200000000e+10 1.539199999999999636e+04
2.439495119200000000e+10 1.244900000000000000e+04
2.448137026400000000e+10 1.586699999999999272e+04
2.460172140000000000e+10 1.812899999999999636e+04
2.465628868000000000e+10 1.695600000000000000e+04
2.472549629600000000e+10 1.755300000000000364e+04
2.484420096800000000e+10 1.930200000000000000e+04
2.488105669600000000e+10 1.689700000000000728e+04
2.518571466400000000e+10 2.886400000000000000e+04
2.518585660000000000e+10 1.425099999999999272e+04
2.533940959200000000e+10 2.690900000000000728e+04
2.533957418400000000e+10 1.464999999999999636e+04
2.562666013600000000e+10 2.996600000000000728e+04
2.570271656800000000e+10 2.753200000000000728e+04
2.570277354400000000e+10 3.602000000000007276e+03
2.614110292000000000e+10 4.048700000000000000e+04
2.614116263200000000e+10 8.473999999999992724e+03
2.616764796000000000e+10 2.647800000000000000e+04
2.622843704800000000e+10 2.368699999999999272e+04
2.647786554400000000e+10 3.091199999999999272e+04
2.653370802400000000e+10 2.570700000000000000e+04
2.663347460000000000e+10 2.569299999999999272e+04
2.666165274400000000e+10 2.152200000000000000e+04
2.685658357600000000e+10 2.920900000000000000e+04
2.698954109600000000e+10 2.720000000000000000e+04
2.711083826400000000e+10 2.665900000000000000e+04
2.716223448800000000e+10 2.200699999999999272e+04
2.731604527200000000e+10 2.632299999999999272e+04
2.740540685600000000e+10 2.464900000000000000e+04
2.768914669600000000e+10 3.520500000000000000e+04
2.787536122400000000e+10 3.332000000000000728e+04
2.810263828000000000e+10 3.835200000000000000e+04
2.818059306400000000e+10 3.060600000000000728e+04
2.820447754400000000e+10 2.451100000000000000e+04
2.826276128800000000e+10 2.221300000000000728e+04
2.829161892000000000e+10 1.873800000000000000e+04
2.849393679200000000e+10 2.581600000000000000e+04
2.849757589600000000e+10 1.823400000000000000e+04
2.862123992800000000e+10 2.248100000000000000e+04
2.898232124000000000e+10 3.548600000000000000e+04
2.899532535200000000e+10 2.696900000000000000e+04
2.900305623200000000e+10 1.927500000000000728e+04
2.909660178400000000e+10 2.138100000000000000e+04
2.913703501600000000e+10 1.848800000000000000e+04
2.913711351200000000e+10 5.686000000000003638e+03
2.941012749600000000e+10 2.763599999999999272e+04
2.943108578400000000e+10 2.161400000000000000e+04
2.968559964000000000e+10 2.863000000000000000e+04
2.983876255200000000e+10 3.091499999999999272e+04
2.990731685600000000e+10 2.672200000000000000e+04
2.996521797600000000e+10 2.248900000000000000e+04
3.013847852000000000e+10 2.808200000000000000e+04
3.027442116000000000e+10 2.821700000000000000e+04
3.027453896800000000e+10 1.012299999999999272e+04
3.032149501600000000e+10 1.961700000000000000e+04
3.048017101600000000e+10 2.376400000000000000e+04
3.053481351200000000e+10 2.144700000000000000e+04
3.075577850400000000e+10 2.914500000000000000e+04
3.091663421600000000e+10 3.021500000000000000e+04
3.099022764000000000e+10 2.628300000000000000e+04
3.105913663200000000e+10 2.399100000000000000e+04
3.110068775200000000e+10 1.978600000000000000e+04
3.141311208800000000e+10 3.290800000000000000e+04
3.141316445600000000e+10 3.188999999999996362e+03
3.157578125600000000e+10 3.013399999999999272e+04
3.169715196000000000e+10 2.784799999999999272e+04
3.188289562400000000e+10 3.251199999999999272e+04
3.199741901600000000e+10 2.855000000000000000e+04
3.200385104800000000e+10 2.114800000000000000e+04
3.209790605600000000e+10 2.329100000000000000e+04
3.215079514400000000e+10 2.024400000000000000e+04
3.257666021600000000e+10 3.693300000000000000e+04
3.263811535200000000e+10 3.004000000000000728e+04
3.270696104800000000e+10 2.592199999999999272e+04
3.297360074400000000e+10 3.469400000000000000e+04
3.298935452000000000e+10 2.448200000000000000e+04
3.310357364000000000e+10 2.706800000000000000e+04
3.312387719200000000e+10 2.073600000000000000e+04
3.316927124000000000e+10 1.888200000000000000e+04
3.322962872800000000e+10 1.809000000000000000e+04
3.325975490400000000e+10 1.609100000000000364e+04
3.339784415200000000e+10 2.018000000000000000e+04
3.358924416800000000e+10 2.632000000000000000e+04
3.374823245600000000e+10 2.747100000000000000e+04
3.380709730400000000e+10 2.400600000000000000e+04
3.382352184800000000e+10 1.881400000000000000e+04
3.394989348000000000e+10 2.279300000000000000e+04
3.403817954400000000e+10 2.133499999999999272e+04
3.412722546400000000e+10 2.216700000000000728e+04
3.419562160800000000e+10 2.168000000000000000e+04
3.426072690400000000e+10 1.830400000000000728e+04
3.429367872800000000e+10 1.602800000000000728e+04
3.456464876000000000e+10 2.652700000000000000e+04
3.466919109600000000e+10 2.641300000000000000e+04
3.484690247200000000e+10 2.903300000000000000e+04
3.493592090400000000e+10 2.680000000000000000e+04
3.514369858400000000e+10 3.103400000000000000e+04
3.537605736800000000e+10 3.477999999999999272e+04
3.539703386400000000e+10 2.665799999999999272e+04
3.559453322400000000e+10 3.421799999999999272e+04
3.562582144800000000e+10 2.418900000000000000e+04
3.577432504800000000e+10 2.537900000000000000e+04
3.598993490400000000e+10 3.268099999999999272e+04
3.631189684000000000e+10 4.043200000000000000e+04
3.653206442400000000e+10 3.864500000000000000e+04
3.653211282400000000e+10 3.046999999999992724e+03
3.654130924000000000e+10 2.583400000000000000e+04
3.669450068000000000e+10 2.942300000000000000e+04
3.669877736800000000e+10 2.117500000000000000e+04
3.670879964000000000e+10 1.686400000000000728e+04
3.687044247200000000e+10 2.304100000000000000e+04
3.695797770400000000e+10 2.392699999999999272e+04
3.702523157600000000e+10 2.118100000000000000e+04
3.717042757600000000e+10 2.567800000000000000e+04
3.736831308000000000e+10 2.879500000000000000e+04
3.747989100000000000e+10 2.796900000000000000e+04
3.786852498400000000e+10 3.902600000000000000e+04
3.786859340000000000e+10 1.236100000000000000e+04
3.790762304800000000e+10 2.784200000000000000e+04
3.819909485600000000e+10 3.576600000000000000e+04
3.821170765600000000e+10 2.648000000000000000e+04
3.823265952800000000e+10 2.099100000000000000e+04
3.823379858400000000e+10 1.500200000000000000e+04
3.841565764000000000e+10 2.338300000000000000e+04
3.855048991200000000e+10 2.496900000000000728e+04
3.872427018400000000e+10 2.852500000000000000e+04
3.874287764000000000e+10 2.120100000000000000e+04
3.880916079200000000e+10 2.001200000000000000e+04
3.923248383200000000e+10 3.822600000000000000e+04
3.940453402400000000e+10 3.714100000000000000e+04
3.944930858400000000e+10 2.932900000000000000e+04
3.946451042400000000e+10 2.254300000000000000e+04
3.960049828000000000e+10 2.576000000000000000e+04
3.965882362400000000e+10 2.214899999999999272e+04
3.985720180000000000e+10 2.748500000000000000e+04
4.035885831200000000e+10 4.413800000000000000e+04
4.035899743200000000e+10 1.726299999999999636e+04
4.035909868000000000e+10 1.173599999999999636e+04
4.035916736800000000e+10 2.184999999999996362e+03
4.040503928800000000e+10 2.337600000000000000e+04
4.050423664800000000e+10 2.363800000000000000e+04
4.074770368800000000e+10 3.300100000000000000e+04
4.079053279200000000e+10 2.434000000000000000e+04
4.103960306400000000e+10 3.142299999999999272e+04
4.109350199200000000e+10 2.799400000000000000e+04
4.113611328800000000e+10 2.234600000000000000e+04
4.122676536800000000e+10 2.347600000000000000e+04
4.129468120800000000e+10 2.150900000000000000e+04
4.153929429600000000e+10 2.875800000000000000e+04
4.166413064800000000e+10 2.900899999999999272e+04
4.187183504800000000e+10 3.464400000000000728e+04
4.187188642400000000e+10 2.759999999999996362e+03
4.187198813600000000e+10 9.933000000000003638e+03
4.189686959200000000e+10 1.986000000000000000e+04
4.208969188000000000e+10 2.747800000000000000e+04
4.219751900000000000e+10 2.597299999999999272e+04
4.221003546400000000e+10 1.970500000000000000e+04
4.241995164000000000e+10 2.687100000000000000e+04
4.259134626400000000e+10 2.968000000000000000e+04
4.266483429600000000e+10 2.625500000000000000e+04
4.274272656800000000e+10 2.356800000000000000e+04
4.281178983200000000e+10 2.121199999999999272e+04
4.303190578400000000e+10 2.772900000000000000e+04
4.308622836000000000e+10 2.454700000000000000e+04
4.366543616800000000e+10 4.676100000000000000e+04
4.374815693600000000e+10 3.842300000000000000e+04
4.386670884000000000e+10 3.535000000000000000e+04
4.386693730400000000e+10 2.410200000000000728e+04
4.393459906400000000e+10 2.472200000000000000e+04
4.393466684000000000e+10 5.394000000000003638e+03
4.396096844000000000e+10 1.743600000000000364e+04
4.403014576800000000e+10 1.754300000000000000e+04
4.420017834400000000e+10 2.343500000000000000e+04
4.442562396000000000e+10 2.877800000000000000e+04
4.442762501600000000e+10 2.039200000000000728e+04
4.457273984800000000e+10 2.551300000000000000e+04
4.464839005600000000e+10 2.338000000000000000e+04
4.494767615200000000e+10 3.270500000000000000e+04
4.500073253600000000e+10 2.627500000000000000e+04
4.516741504800000000e+10 3.034000000000000000e+04
4.525877554400000000e+10 2.773200000000000000e+04
4.533451439200000000e+10 2.296599999999999272e+04
4.533467829600000000e+10 1.637500000000000364e+04
4.545965183200000000e+10 2.168000000000000000e+04
4.579619288800000000e+10 3.471900000000000000e+04
4.582570224800000000e+10 2.759900000000000000e+04
4.595600772000000000e+10 2.823300000000000000e+04
4.605087280800000000e+10 2.532100000000000000e+04
4.622499221600000000e+10 2.840700000000000000e+04
4.623770047200000000e+10 2.152400000000000000e+04
4.634105879200000000e+10 2.262300000000000000e+04
4.635095458400000000e+10 1.768500000000000000e+04
4.675466866400000000e+10 3.636000000000000000e+04
4.695533842400000000e+10 3.596299999999999272e+04
4.728242674400000000e+10 4.075900000000000000e+04
4.742200703200000000e+10 3.691300000000000000e+04
4.743591791200000000e+10 3.104500000000000000e+04
4.751059074400000000e+10 2.439500000000000000e+04
4.751670087200000000e+10 1.897000000000000000e+04
4.775405789600000000e+10 2.788500000000000000e+04
4.796118786400000000e+10 3.156799999999999272e+04
4.804931535200000000e+10 2.883300000000000000e+04
4.805818524000000000e+10 2.105300000000000000e+04
4.829485485600000000e+10 2.997400000000000728e+04
4.830679916000000000e+10 2.249000000000000000e+04
4.849598696800000000e+10 2.900600000000000000e+04
4.858724029600000000e+10 2.562399999999999272e+04
4.873350532000000000e+10 2.594600000000000728e+04
4.884098218400000000e+10 2.629599999999999272e+04
4.894575317600000000e+10 2.539500000000000000e+04
4.908191138400000000e+10 2.676000000000000000e+04
4.933662525600000000e+10 3.398200000000000000e+04
4.934323114400000000e+10 2.252800000000000000e+04
4.942554040800000000e+10 2.263900000000000000e+04
4.945972754400000000e+10 2.034500000000000000e+04
4.949268124000000000e+10 1.731399999999999636e+04
4.969366148000000000e+10 2.486000000000000000e+04
4.994640420000000000e+10 3.186100000000000000e+04
5.018206872800000000e+10 3.513499999999999272e+04
5.069888964000000000e+10 5.091500000000000000e+04
5.089332776800000000e+10 4.501500000000000000e+04
5.097669623200000000e+10 3.683400000000000000e+04
5.098751876000000000e+10 2.532200000000000728e+04
5.105552868000000000e+10 2.419500000000000000e+04
5.113437781600000000e+10 2.426500000000000000e+04
5.115056256800000000e+10 1.881400000000000000e+04
5.115869796000000000e+10 1.446799999999999636e+04
5.126145498400000000e+10 1.767800000000000000e+04
5.172121906400000000e+10 3.946300000000000000e+04
5.203018096800000000e+10 4.390100000000000000e+04
5.205975826400000000e+10 3.078899999999999272e+04
5.217912311200000000e+10 3.197900000000000000e+04
5.219695800800000000e+10 2.352200000000000000e+04
5.236517792800000000e+10 2.625099999999999272e+04
5.241798402400000000e+10 2.326000000000000728e+04
5.243264431200000000e+10 1.785000000000000000e+04
5.267143850400000000e+10 2.742600000000000000e+04
5.285315428000000000e+10 3.099900000000000728e+04
5.322430981600000000e+10 4.360000000000000000e+04
5.322440000800000000e+10 1.742899999999999636e+04
5.323004378400000000e+10 2.126200000000000000e+04
5.324545584800000000e+10 1.864100000000000000e+04
5.370492789600000000e+10 3.960800000000000000e+04
5.372381160800000000e+10 2.756300000000000000e+04
5.383102506400000000e+10 2.677100000000000728e+04
5.383108948000000000e+10 6.150999999999996362e+03
5.398482239200000000e+10 2.688100000000000000e+04
5.401025975200000000e+10 2.228600000000000000e+04
5.421732020000000000e+10 2.769300000000000000e+04
5.424806656800000000e+10 2.308500000000000000e+04
5.461255508000000000e+10 3.656600000000000000e+04
5.473365389600000000e+10 3.365700000000000000e+04
5.474956207200000000e+10 2.390200000000000000e+04
5.475513368800000000e+10 1.850700000000000000e+04
5.477513964000000000e+10 1.583099999999999272e+04
5.544099333600000000e+10 4.600800000000000000e+04
5.560956143200000000e+10 4.394800000000000000e+04
5.560961148000000000e+10 3.892000000000003638e+03
5.567304848800000000e+10 3.039100000000000000e+04
5.593820815200000000e+10 3.961500000000000000e+04
5.607617986400000000e+10 3.410899999999999272e+04
5.618285231200000000e+10 2.999199999999999272e+04
5.629667736800000000e+10 2.796600000000000000e+04
5.631748973600000000e+10 2.225700000000000000e+04
5.638185548000000000e+10 2.081900000000000000e+04
5.685368400800000000e+10 4.205900000000000000e+04
5.688675101600000000e+10 2.981600000000000728e+04
5.688683002400000000e+10 9.955000000000000000e+03
5.717845709600000000e+10 3.571300000000000728e+04
5.721929783200000000e+10 2.764200000000000000e+04
5.730638021600000000e+10 2.636100000000000000e+04
5.785695653600000000e+10 4.904100000000000000e+04
5.785701970400000000e+10 1.097900000000000728e+04
5.792940655200000000e+10 3.077500000000000000e+04
5.801867172000000000e+10 2.909800000000000000e+04
5.808758687200000000e+10 2.754500000000000728e+04
5.830108732000000000e+10 3.400700000000000000e+04
5.882205375200000000e+10 5.321300000000000000e+04
5.882214989600000000e+10 1.950900000000000000e+04
5.894996231200000000e+10 3.553800000000000728e+04
5.897482314400000000e+10 2.515499999999999272e+04
5.918351948000000000e+10 3.060900000000000000e+04
5.936606477600000000e+10 3.329500000000000728e+04
5.945475236000000000e+10 2.823199999999999272e+04
5.947864564000000000e+10 2.408000000000000000e+04
5.949540240800000000e+10 1.834700000000000000e+04
5.967360260000000000e+10 2.463899999999999272e+04
5.967368540000000000e+10 8.792000000000007276e+03
5.967381103200000000e+10 7.205999999999992724e+03
5.974510602400000000e+10 1.816200000000000000e+04
6.005802880800000000e+10 3.163999999999999272e+04
6.006409116000000000e+10 2.149100000000000000e+04
6.011216132000000000e+10 2.081700000000000000e+04
6.021095856800000000e+10 2.026200000000000000e+04
6.039653591200000000e+10 2.637600000000000000e+04
6.089193063200000000e+10 4.688900000000000000e+04
6.100634573600000000e+10 3.593700000000000000e+04
6.128346876000000000e+10 4.186600000000000000e+04
6.157719162400000000e+10 4.457600000000000000e+04
6.179860463200000000e+10 4.235800000000000000e+04
6.221370127200000000e+10 5.029800000000000000e+04
6.221374602400000000e+10 1.699000000000000000e+03
6.236297860000000000e+10 4.059400000000000000e+04
6.243709770400000000e+10 3.256700000000000000e+04
6.258236986400000000e+10 3.423700000000000000e+04
6.318018304800000000e+10 5.794100000000000000e+04
6.371143416800000000e+10 6.527300000000000000e+04
6.397972247200000000e+10 4.984000000000000000e+04
6.475913624800000000e+10 7.124000000000000000e+04
6.481663656800000000e+10 4.284300000000000000e+04
6.487255493600000000e+10 3.543099999999999272e+04
6.505711848800000000e+10 3.587100000000000000e+04
6.513720511200000000e+10 2.985900000000000000e+04
6.516997898400000000e+10 2.439200000000000000e+04
6.526572124000000000e+10 2.415400000000000000e+04
6.541459688800000000e+10 2.768500000000000000e+04
6.551545823200000000e+10 2.520900000000000000e+04
6.557912223200000000e+10 2.330400000000000000e+04
6.567572031200000000e+10 2.304000000000000000e+04
6.582429858400000000e+10 2.480100000000000728e+04
6.610454629600000000e+10 3.390200000000000000e+04
6.618227804000000000e+10 3.071700000000000728e+04
6.628320807200000000e+10 2.767200000000000000e+04
6.683364356000000000e+10 5.129000000000000000e+04
6.683369322400000000e+10 5.752999999999996362e+03
6.683375869600000000e+10 5.381000000000003638e+03
6.686210140000000000e+10 2.745900000000000000e+04
6.686859735200000000e+10 2.040000000000000000e+04
6.697450648800000000e+10 2.360000000000000000e+04
6.697466032800000000e+10 1.527899999999999272e+04
6.727210949600000000e+10 3.160699999999999272e+04
6.729653789600000000e+10 2.370200000000000000e+04
6.731845823200000000e+10 2.024700000000000000e+04
6.766485712800000000e+10 3.473600000000000000e+04
6.770869824800000000e+10 2.656200000000000000e+04
6.776190628000000000e+10 2.355900000000000000e+04
6.781934941600000000e+10 2.104900000000000000e+04
6.792540167200000000e+10 2.249500000000000000e+04
6.799713232800000000e+10 2.040200000000000000e+04
6.834482173600000000e+10 3.289500000000000000e+04
6.836309108000000000e+10 2.568000000000000000e+04
6.847690212000000000e+10 2.543599999999999272e+04
6.848194828000000000e+10 1.878900000000000000e+04
6.849066298400000000e+10 1.552200000000000728e+04
6.854181408800000000e+10 1.595400000000000364e+04
6.854181826400000000e+10 6.187999999999992724e+03
6.879967149600000000e+10 2.630900000000000000e+04
6.885518871200000000e+10 2.321700000000000000e+04
6.901729012000000000e+10 2.528900000000000000e+04
6.904040482400000000e+10 2.168000000000000000e+04
6.925657252000000000e+10 2.674000000000000000e+04
6.953312242400000000e+10 3.524300000000000000e+04
6.977206306400000000e+10 3.719800000000000000e+04
6.993889037600000000e+10 3.532300000000000728e+04
6.999256338400000000e+10 2.969999999999999272e+04
7.003689416800000000e+10 2.456300000000000728e+04
7.011816548000000000e+10 2.489800000000000000e+04
7.013155736800000000e+10 1.764199999999999272e+04
7.042442701600000000e+10 2.942200000000000728e+04
7.051329984800000000e+10 2.651000000000000000e+04
7.054982735200000000e+10 2.302500000000000000e+04
7.056860695200000000e+10 1.813500000000000000e+04
7.056867624800000000e+10 3.965999999999992724e+03
7.062932095200000000e+10 1.722800000000000728e+04
7.066523220000000000e+10 1.517099999999999272e+04
7.072930439200000000e+10 1.583400000000000000e+04
7.073251514400000000e+10 1.234000000000000364e+04
7.076058978400000000e+10 1.183100000000000000e+04
7.079738237600000000e+10 1.171599999999999636e+04
7.133052560800000000e+10 3.873600000000000000e+04
7.142177484000000000e+10 3.075600000000000000e+04
7.154958616800000000e+10 2.911800000000000000e+04
7.154975701600000000e+10 1.948500000000000000e+04
7.177777327200000000e+10 2.956200000000000728e+04
7.177917314400000000e+10 2.027100000000000000e+04
7.207456442400000000e+10 3.221400000000000000e+04
7.207677098400000000e+10 2.184900000000000000e+04
7.214782164000000000e+10 2.276100000000000000e+04
7.228481309600000000e+10 2.481900000000000000e+04
7.236889968800000000e+10 2.456900000000000000e+04
7.245357661600000000e+10 2.213800000000000000e+04
7.252975725600000000e+10 2.232400000000000000e+04
7.263786578400000000e+10 2.281100000000000000e+04
7.269246832800000000e+10 2.031800000000000000e+04
7.282470069600000000e+10 2.339600000000000000e+04
7.286312405600000000e+10 1.911700000000000000e+04
7.286320114400000000e+10 6.271000000000003638e+03
7.314642869600000000e+10 2.945700000000000000e+04
7.325242949600000000e+10 2.779300000000000000e+04
7.329556684000000000e+10 2.185800000000000000e+04
7.330590224800000000e+10 1.736800000000000000e+04
7.333789546400000000e+10 1.596799999999999272e+04
7.338549324000000000e+10 1.566200000000000364e+04
7.347742949600000000e+10 1.766399999999999636e+04
7.367735186400000000e+10 2.445900000000000000e+04
7.368825559200000000e+10 1.856700000000000000e+04
7.382067400800000000e+10 2.236200000000000000e+04
7.403901916000000000e+10 2.902599999999999272e+04
7.416914636000000000e+10 2.841600000000000000e+04
7.425405460000000000e+10 2.591700000000000000e+04
7.432677472800000000e+10 2.379300000000000000e+04
7.435162224800000000e+10 1.855300000000000000e+04
7.462026124000000000e+10 2.876999999999999272e+04
7.466542480800000000e+10 2.568200000000000000e+04
7.473561220000000000e+10 2.257100000000000000e+04
7.476497968800000000e+10 1.970000000000000000e+04
7.479775000800000000e+10 1.638999999999999636e+04
7.502086055200000000e+10 2.425000000000000000e+04
7.508608752800000000e+10 2.270000000000000000e+04
7.508615100000000000e+10 4.214999999999996362e+03
7.514144935200000000e+10 1.928100000000000000e+04
7.516784781600000000e+10 1.613100000000000000e+04
7.523419303200000000e+10 1.672100000000000728e+04
7.532438325600000000e+10 1.832200000000000000e+04
7.544186354400000000e+10 1.976900000000000000e+04
7.568970504800000000e+10 2.874500000000000000e+04
7.569367109600000000e+10 2.058300000000000728e+04
7.587193148000000000e+10 2.661100000000000728e+04
7.590332696800000000e+10 2.156600000000000000e+04
7.597383458400000000e+10 1.954300000000000000e+04
7.597441573600000000e+10 1.472100000000000000e+04
7.599762392800000000e+10 1.391100000000000728e+04
7.604968216800000000e+10 1.427100000000000364e+04
7.609053912800000000e+10 1.372900000000000728e+04
7.613427591200000000e+10 1.304999999999999636e+04
7.613439325600000000e+10 7.044000000000000000e+03
7.622153208800000000e+10 1.374400000000000364e+04
7.643241141600000000e+10 2.080900000000000000e+04
7.645162204000000000e+10 1.703699999999999272e+04
7.656096389600000000e+10 1.925000000000000000e+04
7.685000890400000000e+10 2.919000000000000000e+04
7.705945815200000000e+10 3.283000000000000000e+04
7.709811784800000000e+10 2.620899999999999272e+04
7.721346762400000000e+10 2.620599999999999272e+04
7.721360228000000000e+10 1.128600000000000728e+04
7.735565759200000000e+10 2.404900000000000000e+04
7.736731636000000000e+10 1.924900000000000000e+04
7.770577239200000000e+10 3.339900000000000000e+04
7.784648320800000000e+10 3.121400000000000000e+04
7.862040149600000000e+10 5.937800000000000000e+04
7.862047424800000000e+10 1.891000000000000000e+04
7.862999508000000000e+10 3.161600000000000000e+04
7.883865375200000000e+10 3.750400000000000000e+04
7.888496570400000000e+10 2.889400000000000000e+04
7.900016143200000000e+10 2.972800000000000000e+04
7.907393285600000000e+10 2.404999999999999272e+04
7.909025260000000000e+10 2.005600000000000000e+04
7.956658940000000000e+10 4.238800000000000000e+04
7.963507752800000000e+10 3.352700000000000000e+04
7.963522895200000000e+10 1.905600000000000000e+04
7.973910802400000000e+10 2.518499999999999272e+04
7.982854170400000000e+10 2.395099999999999272e+04
8.005947679200000000e+10 3.170100000000000000e+04
8.030893805600000000e+10 3.727600000000000000e+04
8.030899156000000000e+10 5.158999999999996362e+03
8.043739909600000000e+10 3.057600000000000000e+04
8.055604133600000000e+10 2.965500000000000728e+04
8.057500284000000000e+10 2.168800000000000000e+04
8.114891546400000000e+10 4.819600000000000000e+04
8.114896559200000000e+10 5.474000000000007276e+03
8.118947012000000000e+10 3.089000000000000000e+04
8.135996404000000000e+10 3.493700000000000000e+04
8.144714008800000000e+10 2.937800000000000000e+04
8.146813932000000000e+10 2.254000000000000000e+04
8.153662674400000000e+10 2.112400000000000000e+04
8.190276800800000000e+10 3.432000000000000000e+04
8.210788541600000000e+10 3.631300000000000000e+04
8.210803492000000000e+10 2.326100000000000000e+04
8.210811343200000000e+10 6.361999999999992724e+03
8.210821570400000000e+10 5.134999999999992724e+03
8.261649661600000000e+10 4.494800000000000000e+04
8.300826146400000000e+10 4.972700000000000000e+04
8.300832669600000000e+10 1.398599999999999272e+04
8.301951442400000000e+10 2.753000000000000000e+04
8.311107917600000000e+10 2.808200000000000000e+04
8.312131839200000000e+10 2.030200000000000000e+04
8.333342461600000000e+10 2.893000000000000000e+04
8.337921181600000000e+10 2.371600000000000000e+04
8.362879300000000000e+10 3.098100000000000000e+04
8.371926384800000000e+10 2.880700000000000000e+04
8.384203580000000000e+10 2.727900000000000000e+04
8.389634380000000000e+10 2.392400000000000000e+04
8.406418797600000000e+10 2.953400000000000000e+04
8.426166826400000000e+10 3.138100000000000000e+04
8.441784343200000000e+10 3.223200000000000728e+04
8.455812602400000000e+10 3.009500000000000728e+04
8.463619656800000000e+10 2.714499999999999272e+04
8.467985911200000000e+10 2.273700000000000000e+04
8.470104688800000000e+10 1.831000000000000000e+04
8.485980124000000000e+10 2.368800000000000728e+04
8.525325671200000000e+10 3.875200000000000000e+04
8.532938208800000000e+10 3.264000000000000728e+04
8.535912135200000000e+10 2.442399999999999272e+04
8.541683733600000000e+10 2.174199999999999272e+04
8.541689439200000000e+10 2.077999999999996362e+03
8.546829212000000000e+10 1.919100000000000000e+04
8.556414362400000000e+10 2.066700000000000000e+04
8.557229436000000000e+10 1.571800000000000364e+04
8.559371157600000000e+10 1.422000000000000364e+04
8.559896306400000000e+10 1.147300000000000728e+04
8.581053616800000000e+10 2.004600000000000000e+04
8.586548509600000000e+10 1.836200000000000000e+04
8.606090434400000000e+10 2.392600000000000000e+04
8.630585263200000000e+10 3.169200000000000000e+04
8.630604693600000000e+10 2.359900000000000000e+04
8.636506826400000000e+10 2.088300000000000000e+04
8.649771506400000000e+10 2.351300000000000000e+04
8.675478538400000000e+10 3.222500000000000000e+04
8.676208474400000000e+10 2.382100000000000000e+04
8.697850244000000000e+10 2.905000000000000000e+04
8.706400336800000000e+10 2.588900000000000000e+04
8.732079938400000000e+10 3.387100000000000000e+04
8.732446756000000000e+10 2.349100000000000000e+04
8.740120383200000000e+10 2.298400000000000000e+04
8.747354876000000000e+10 2.199799999999999272e+04
8.747373068000000000e+10 1.623999999999999272e+04
8.767218496800000000e+10 2.482600000000000000e+04
8.767224205600000000e+10 2.695999999999992724e+03
8.768045693600000000e+10 1.723200000000000728e+04
8.768350943200000000e+10 1.323200000000000728e+04
8.780157567200000000e+10 1.781000000000000000e+04
8.786725168800000000e+10 1.783600000000000728e+04
8.808580599200000000e+10 2.512899999999999272e+04
8.811850692000000000e+10 2.060300000000000000e+04
8.815585613600000000e+10 1.774900000000000000e+04
8.846073344800000000e+10 3.076000000000000000e+04
8.877236148000000000e+10 3.793100000000000000e+04
8.877946336800000000e+10 2.721100000000000000e+04
8.884909346400000000e+10 2.596000000000000000e+04
8.903460602400000000e+10 2.918899999999999272e+04
8.917847175200000000e+10 2.890900000000000728e+04
8.924611266400000000e+10 2.569199999999999272e+04
8.948743655200000000e+10 3.128599999999999272e+04
8.959472196000000000e+10 3.173200000000000000e+04
8.963410055200000000e+10 2.465400000000000000e+04
