# Timestamps in ns,Energies
1.685994160000000000e+08 3.528800000000000000e+04
8.075567280000000000e+08 6.489300000000000000e+04
8.076765680000000000e+08 1.484700000000000364e+04
8.246435920000000000e+08 2.970799999999999272e+04
9.010895760000000000e+08 2.937600000000000000e+04
9.011850640000000000e+08 1.325099999999999636e+04
9.173343600000000000e+08 1.808700000000000000e+04
9.587838000000000000e+08 1.790399999999999636e+04
1.043477896000000000e+09 1.859700000000000000e+04
1.107906360000000000e+09 1.863200000000000000e+04
1.622093368000000000e+09 4.184200000000000000e+04
2.462048872000000000e+09 6.652800000000000000e+04
2.792828216000000000e+09 5.658400000000000000e+04
2.944168808000000000e+09 4.504000000000000000e+04
3.203258968000000000e+09 4.913700000000000000e+04
3.508100568000000000e+09 4.635400000000000000e+04
3.508185064000000000e+09 1.826199999999999272e+04
3.754928392000000000e+09 4.049100000000000000e+04
4.236241944000000000e+09 5.354500000000000000e+04
4.391905240000000000e+09 4.696800000000000000e+04
4.429970632000000000e+09 3.272199999999999272e+04
5.199902760000000000e+09 5.953100000000000000e+04
5.199979112000000000e+09 1.850500000000000000e+04
5.200061384000000000e+09 1.093900000000000728e+04
5.200128280000000000e+09 3.715999999999992724e+03
5.261444344000000000e+09 2.933500000000000728e+04
5.370730088000000000e+09 2.843900000000000000e+04
5.920765448000000000e+09 4.818500000000000000e+04
5.920841000000000000e+09 1.589500000000000364e+04
6.020641656000000000e+09 3.455699999999999272e+04
7.598252616000000000e+09 8.226600000000000000e+04
7.985927384000000000e+09 6.992100000000000000e+04
8.208451960000000000e+09 4.923400000000000000e+04
8.590569448000000000e+09 5.234500000000000000e+04
9.298942280000000000e+09 6.848200000000000000e+04
9.430158232000000000e+09 5.099200000000000000e+04
1.015171199200000000e+10 6.588100000000000000e+04
1.021587744800000000e+10 4.904100000000000000e+04
1.024657375200000000e+10 3.221299999999999272e+04
1.034423984800000000e+10 3.046900000000000000e+04
1.034442298400000000e+10 2.085499999999999272e+04
1.085452148000000000e+10 4.286600000000000000e+04
1.085467599200000000e+10 2.870499999999999272e+04
1.088325524000000000e+10 2.578800000000000000e+04
1.112736298400000000e+10 3.356600000000000000e+04
1.138901724000000000e+10 3.775200000000000000e+04
1.149383760800000000e+10 3.489900000000000728e+04
1.207567644000000000e+10 5.001600000000000000e+04
1.207578924000000000e+10 2.535500000000000000e+04
1.227357888800000000e+10 3.871100000000000000e+04
1.266626925600000000e+10 5.022600000000000000e+04
1.279531812000000000e+10 3.760800000000000000e+04
1.279539664800000000e+10 1.469299999999999272e+04
1.297048904800000000e+10 3.660700000000000000e+04
1.297055253600000000e+10 7.299000000000003638e+03
1.298054444000000000e+10 2.160200000000000000e+04
1.321713701600000000e+10 3.004600000000000728e+04
1.344558423200000000e+10 3.514600000000000728e+04
1.353922466400000000e+10 3.094100000000000000e+04
1.354211268000000000e+10 2.207400000000000000e+04
1.420216048800000000e+10 5.052800000000000000e+04
1.446387460000000000e+10 4.705700000000000000e+04
1.464970149600000000e+10 4.523200000000000000e+04
1.477164456800000000e+10 3.528000000000000000e+04
1.507354575200000000e+10 4.690600000000000000e+04
1.526213748000000000e+10 3.986800000000000000e+04
1.541276354400000000e+10 3.556900000000000000e+04
1.556674648800000000e+10 3.313600000000000000e+04
1.572735944800000000e+10 3.421499999999999272e+04
1.664704893600000000e+10 7.030500000000000000e+04
1.677653058400000000e+10 4.851400000000000000e+04
1.740400642400000000e+10 6.708000000000000000e+04
1.745203682400000000e+10 4.053100000000000000e+04
1.788714152800000000e+10 5.119300000000000000e+04
1.798473984800000000e+10 3.927700000000000000e+04
1.811946712800000000e+10 3.599600000000000728e+04
1.843602266400000000e+10 4.463200000000000000e+04
1.858158357600000000e+10 4.058500000000000000e+04
1.868716042400000000e+10 3.293500000000000728e+04
1.878598991200000000e+10 2.861400000000000728e+04
1.939283272800000000e+10 4.948000000000000000e+04
1.939294333600000000e+10 2.431899999999999272e+04
1.941896048800000000e+10 3.196100000000000728e+04
1.971726124000000000e+10 3.952000000000000000e+04
1.988319434400000000e+10 3.863800000000000000e+04
2.002356599200000000e+10 3.271100000000000000e+04
2.033625727200000000e+10 4.246400000000000000e+04
2.065259405600000000e+10 4.509600000000000000e+04
2.082734677600000000e+10 3.829800000000000000e+04
2.083803034400000000e+10 2.846300000000000000e+04
2.087195344800000000e+10 2.460700000000000000e+04
2.103044504800000000e+10 2.720800000000000728e+04
2.239827047200000000e+10 7.749000000000000000e+04
2.239832999200000000e+10 1.571600000000000000e+04
2.239838679200000000e+10 3.615999999999996362e+03
2.314607684000000000e+10 7.609300000000000000e+04
2.330984076000000000e+10 5.242400000000000000e+04
2.380550525600000000e+10 6.708900000000000000e+04
2.380558898400000000e+10 1.930700000000000000e+04
2.398321151200000000e+10 3.869900000000000000e+04
2.403254127200000000e+10 3.369900000000000000e+04
2.430434453600000000e+10 3.624300000000000000e+04
2.433596538400000000e+10 2.851599999999999272e+04
2.456430279200000000e+10 3.621300000000000728e+04
2.459713618400000000e+10 2.738100000000000000e+04
2.469194861600000000e+10 2.512300000000000000e+04
2.551763663200000000e+10 5.997800000000000000e+04
2.576024895200000000e+10 5.259500000000000000e+04
2.576030391200000000e+10 8.844999999999996362e+03
2.579117248800000000e+10 3.013800000000000000e+04
2.584486796000000000e+10 2.741500000000000000e+04
2.585568816800000000e+10 2.105000000000000000e+04
2.668888477600000000e+10 5.834700000000000000e+04
2.703594519200000000e+10 5.351100000000000000e+04
2.773990213600000000e+10 6.656100000000000000e+04
2.794684525600000000e+10 5.622400000000000000e+04
2.800062664800000000e+10 3.824000000000000000e+04
2.861112941600000000e+10 6.000400000000000000e+04
2.861118954400000000e+10 1.309400000000000000e+04
2.861935850400000000e+10 3.016400000000000000e+04
2.873478287200000000e+10 3.082300000000000000e+04
2.895949623200000000e+10 3.535100000000000000e+04
2.897083879200000000e+10 2.513300000000000728e+04
2.902838365600000000e+10 2.348400000000000728e+04
2.907317154400000000e+10 2.121600000000000000e+04
2.923122887200000000e+10 2.505600000000000728e+04
2.923130349600000000e+10 7.850000000000000000e+03
2.924163226400000000e+10 1.706300000000000364e+04
2.929029279200000000e+10 1.676800000000000000e+04
2.949913340000000000e+10 2.527999999999999272e+04
3.044252965600000000e+10 6.007000000000000000e+04
3.051091012000000000e+10 4.684600000000000000e+04
3.052339192800000000e+10 3.161100000000000000e+04
3.196748533600000000e+10 7.618600000000000000e+04
3.201893215200000000e+10 5.664000000000000000e+04
3.203880712800000000e+10 3.390500000000000000e+04
3.239566218400000000e+10 4.374400000000000000e+04
3.239870512800000000e+10 2.929700000000000000e+04
3.401371376800000000e+10 8.365400000000000000e+04
3.417832920800000000e+10 5.777000000000000000e+04
3.463494064800000000e+10 5.985000000000000000e+04
3.463499906400000000e+10 1.171499999999999636e+04
3.463513082400000000e+10 1.670700000000000728e+04
3.481380453600000000e+10 3.866700000000000000e+04
3.494313349600000000e+10 3.428200000000000000e+04
3.522781908000000000e+10 3.912800000000000000e+04
3.522786653600000000e+10 1.805000000000003638e+03
3.523032941600000000e+10 2.608400000000000000e+04
3.546636668000000000e+10 3.440900000000000000e+04
3.572762172000000000e+10 3.752100000000000000e+04
3.578997485600000000e+10 3.031399999999999272e+04
3.617846996000000000e+10 4.847100000000000000e+04
3.667012567200000000e+10 5.303200000000000000e+04
3.672892330400000000e+10 3.971100000000000000e+04
3.679612464800000000e+10 3.315200000000000728e+04
3.701255928800000000e+10 3.756500000000000000e+04
3.749412794400000000e+10 4.610700000000000000e+04
3.811138100000000000e+10 6.384800000000000000e+04
3.825575676000000000e+10 4.548200000000000000e+04
3.855476082400000000e+10 4.589000000000000000e+04
3.855489314400000000e+10 2.509700000000000000e+04
3.918780882400000000e+10 5.488100000000000000e+04
3.918785877600000000e+10 7.176000000000003638e+03
3.977228632800000000e+10 6.112200000000000000e+04
3.997678452000000000e+10 4.688600000000000000e+04
3.997684279200000000e+10 9.699000000000000000e+03
4.049727392800000000e+10 5.537900000000000000e+04
4.055849680800000000e+10 3.786800000000000000e+04
4.094829928800000000e+10 5.491200000000000000e+04
4.135696996000000000e+10 5.836100000000000000e+04
4.167090047200000000e+10 5.662500000000000000e+04
4.174555938400000000e+10 3.662400000000000000e+04
4.186243594400000000e+10 3.299200000000000728e+04
4.189638692000000000e+10 2.558899999999999272e+04
4.204165797600000000e+10 2.818400000000000000e+04
4.233441996000000000e+10 3.723400000000000000e+04
4.246136383200000000e+10 3.537100000000000000e+04
4.323797888800000000e+10 6.601000000000000000e+04
4.498135965600000000e+10 8.848300000000000000e+04
4.567066052000000000e+10 7.456800000000000000e+04
4.645677976800000000e+10 7.969600000000000000e+04
4.657326242400000000e+10 4.944200000000000000e+04
4.691380442400000000e+10 5.134400000000000000e+04
4.782327970400000000e+10 7.361100000000000000e+04
4.797867362400000000e+10 5.639200000000000000e+04
4.834414421600000000e+10 5.501000000000000000e+04
4.853191247200000000e+10 5.167200000000000000e+04
4.857633445600000000e+10 3.293800000000000728e+04
4.872300493600000000e+10 3.752100000000000000e+04
4.885152130400000000e+10 3.171000000000000000e+04
4.919443712800000000e+10 4.030500000000000000e+04
4.945268791200000000e+10 4.008800000000000000e+04
4.947618890400000000e+10 3.124900000000000728e+04
4.964402492000000000e+10 3.309299999999999272e+04
5.001998464800000000e+10 4.197100000000000000e+04
5.002017047200000000e+10 2.867700000000000728e+04
5.107716172000000000e+10 7.023600000000000000e+04
5.125304757600000000e+10 5.621400000000000000e+04
5.181864389600000000e+10 6.135200000000000000e+04
5.183511680800000000e+10 4.104700000000000000e+04
5.183522925600000000e+10 1.972099999999999272e+04
5.185275445600000000e+10 2.304500000000000000e+04
5.212378711200000000e+10 3.693500000000000000e+04
5.224197484000000000e+10 3.205300000000000728e+04
5.368965728800000000e+10 8.204800000000000000e+04
5.368975808800000000e+10 2.666600000000000000e+04
5.369080005600000000e+10 3.457600000000000000e+04
5.407259322400000000e+10 5.091400000000000000e+04
5.441469509600000000e+10 5.495300000000000000e+04
5.499229056800000000e+10 5.997800000000000000e+04
5.499229588000000000e+10 6.355000000000000000e+03
5.541354333600000000e+10 6.175200000000000000e+04
5.541480333600000000e+10 3.368300000000000000e+04
5.600526592800000000e+10 5.943200000000000000e+04
5.601524037600000000e+10 3.649400000000000000e+04
5.601529032800000000e+10 2.841000000000000000e+03
5.629076191200000000e+10 4.211500000000000000e+04
5.641304308000000000e+10 3.709800000000000000e+04
5.702464284000000000e+10 5.947200000000000000e+04
5.743825189600000000e+10 5.369600000000000000e+04
5.795478684000000000e+10 6.431200000000000000e+04
5.813160210400000000e+10 4.728800000000000000e+04
5.857805276000000000e+10 6.211200000000000000e+04
5.866456679200000000e+10 4.037000000000000000e+04
5.894247469600000000e+10 4.667200000000000000e+04
5.901723997600000000e+10 3.404600000000000000e+04
5.929639711200000000e+10 4.183500000000000000e+04
5.937968591200000000e+10 3.273999999999999272e+04
5.987083444000000000e+10 4.933000000000000000e+04
5.987091792800000000e+10 1.779700000000000728e+04
6.007883216800000000e+10 3.721700000000000000e+04
6.019051490400000000e+10 3.604700000000000000e+04
6.025404346400000000e+10 2.713500000000000000e+04
6.028668997600000000e+10 2.246000000000000728e+04
6.049110876000000000e+10 2.916600000000000728e+04
6.052652151200000000e+10 2.368300000000000000e+04
6.089217716000000000e+10 3.598399999999999272e+04
6.118369972000000000e+10 3.940200000000000000e+04
6.127911013600000000e+10 3.644200000000000000e+04
6.199231738400000000e+10 6.262400000000000000e+04
6.203319714400000000e+10 4.173500000000000000e+04
6.212407303200000000e+10 3.205700000000000000e+04
6.212414010400000000e+10 9.018000000000000000e+03
6.275263666400000000e+10 4.992000000000000000e+04
6.287808538400000000e+10 3.949600000000000000e+04
6.287836796000000000e+10 3.340999999999999272e+04
6.359753010400000000e+10 5.526500000000000000e+04
6.370149983200000000e+10 4.592200000000000000e+04
6.375822604000000000e+10 3.206400000000000728e+04
6.419322775200000000e+10 4.693600000000000000e+04
6.450183335200000000e+10 4.749100000000000000e+04
6.528090424800000000e+10 6.889300000000000000e+04
6.528095701600000000e+10 1.089999999999999272e+04
6.533000744800000000e+10 3.630400000000000000e+04
6.574617740000000000e+10 5.553400000000000000e+04
6.586411840800000000e+10 4.032100000000000000e+04
6.627157053600000000e+10 4.942500000000000000e+04
6.629324492000000000e+10 3.506400000000000728e+04
6.629335343200000000e+10 1.848600000000000728e+04
6.642396125600000000e+10 2.880799999999999272e+04
6.661608620000000000e+10 3.040700000000000000e+04
6.664598906400000000e+10 2.448000000000000000e+04
6.671354906400000000e+10 2.353400000000000000e+04
6.683005541600000000e+10 2.536700000000000000e+04
6.768466228000000000e+10 6.837800000000000000e+04
6.822972175200000000e+10 5.955700000000000000e+04
6.866653858400000000e+10 6.513000000000000000e+04
6.942603565600000000e+10 6.811400000000000000e+04
6.963839493600000000e+10 6.074500000000000000e+04
7.015521253600000000e+10 5.987600000000000000e+04
7.070886485600000000e+10 6.293400000000000000e+04
7.081119658400000000e+10 4.886700000000000000e+04
7.147892218400000000e+10 6.525000000000000000e+04
7.147900183200000000e+10 2.494400000000000728e+04
7.178561711200000000e+10 5.100000000000000000e+04
7.205983162400000000e+10 4.473200000000000000e+04
7.206846320800000000e+10 3.049100000000000000e+04
7.212681162400000000e+10 2.695000000000000728e+04
7.212697834400000000e+10 1.905900000000000000e+04
7.222534416800000000e+10 2.232200000000000000e+04
7.231357396000000000e+10 2.176200000000000000e+04
7.235250922400000000e+10 2.002400000000000000e+04
7.242236829600000000e+10 1.865400000000000000e+04
7.281094640800000000e+10 3.567900000000000728e+04
7.325194709600000000e+10 5.026500000000000000e+04
7.392458797600000000e+10 6.521600000000000000e+04
7.416007874400000000e+10 6.063900000000000000e+04
7.416014106400000000e+10 1.259300000000000000e+04
7.447206896800000000e+10 4.441600000000000000e+04
7.556713994400000000e+10 7.320800000000000000e+04
7.580403904800000000e+10 5.628000000000000000e+04
7.662326896800000000e+10 7.520100000000000000e+04
7.665229149600000000e+10 4.261000000000000000e+04
7.681236975200000000e+10 4.301400000000000000e+04
7.698151631200000000e+10 3.909200000000000000e+04
7.700731151200000000e+10 3.107800000000000000e+04
7.760428781600000000e+10 5.989100000000000000e+04
7.765076144800000000e+10 3.635700000000000000e+04
7.774887429600000000e+10 3.147900000000000000e+04
7.789522828000000000e+10 3.394300000000000728e+04
7.900529028000000000e+10 6.720900000000000000e+04
7.937292109600000000e+10 5.956900000000000000e+04
7.958879952800000000e+10 5.175200000000000000e+04
7.968212695200000000e+10 4.016400000000000000e+04
7.986019018400000000e+10 3.900200000000000000e+04
7.996710826400000000e+10 3.243200000000000000e+04
7.996731162400000000e+10 2.469700000000000000e+04
8.000675477600000000e+10 2.138500000000000000e+04
8.064468546400000000e+10 4.721800000000000000e+04
8.143679668000000000e+10 7.711300000000001455e+04
8.178264727200000000e+10 6.625900000000000000e+04
8.178270692000000000e+10 1.261900000000000728e+04
8.178278765600000000e+10 1.084000000000000000e+04
8.233294488800000000e+10 5.721900000000000000e+04
8.240543940000000000e+10 4.350600000000000000e+04
8.243393871200000000e+10 2.946199999999999272e+04
8.254014789600000000e+10 2.979800000000000000e+04
8.305705172000000000e+10 4.994700000000000000e+04
8.305712792800000000e+10 1.799200000000000364e+04
8.305719623200000000e+10 5.355999999999996362e+03
8.321284540000000000e+10 3.494200000000000000e+04
8.332047029600000000e+10 3.150500000000000000e+04
8.355666618400000000e+10 3.728200000000000000e+04
8.412666066400000000e+10 5.001800000000000000e+04
8.417354988000000000e+10 3.739100000000000000e+04
8.437046133600000000e+10 4.043500000000000000e+04
8.457580528800000000e+10 3.894100000000000000e+04
8.468911922400000000e+10 3.579100000000000000e+04
8.484313100000000000e+10 3.191300000000000000e+04
8.494825816800000000e+10 2.900600000000000000e+04
8.509223730400000000e+10 2.989000000000000000e+04
8.530571114400000000e+10 3.508800000000000728e+04
8.531560109600000000e+10 2.555600000000000000e+04
8.612874396000000000e+10 7.070300000000000000e+04
8.617436845600000000e+10 3.979100000000000000e+04
8.619106124000000000e+10 2.861300000000000728e+04
8.685280338400000000e+10 5.648100000000000000e+04
8.716188663200000000e+10 4.977000000000000000e+04
8.719207407200000000e+10 3.481200000000000728e+04
8.776675061600000000e+10 5.216000000000000000e+04
8.776680063200000000e+10 6.866000000000000000e+03
8.851370352800000000e+10 6.597700000000000000e+04
8.877597116000000000e+10 5.576300000000000000e+04
8.905977879200000000e+10 4.931300000000000000e+04
8.919086986400000000e+10 4.156900000000000000e+04
8.969882508000000000e+10 6.051200000000000000e+04
8.986054661600000000e+10 4.522400000000000000e+04
