# Timestamps in ns,Energies
1.096791440000000000e+08 2.160200000000000000e+04
3.310399440000000000e+08 2.888200000000000000e+04
5.269737360000000000e+08 3.210700000000000000e+04
8.597075280000000000e+08 4.415800000000000000e+04
9.758341360000000000e+08 3.292500000000000000e+04
1.160439208000000000e+09 3.534099999999999272e+04
1.176252696000000000e+09 2.545000000000000000e+04
1.224101544000000000e+09 2.239000000000000728e+04
1.294014264000000000e+09 2.222300000000000728e+04
1.468956472000000000e+09 2.682399999999999272e+04
1.469060280000000000e+09 1.231700000000000728e+04
1.547512776000000000e+09 2.113300000000000000e+04
1.935648568000000000e+09 3.856200000000000000e+04
2.037507976000000000e+09 3.000700000000000728e+04
2.677414968000000000e+09 5.628100000000000000e+04
2.888778760000000000e+09 4.735000000000000000e+04
2.956243784000000000e+09 3.428699999999999272e+04
3.259169128000000000e+09 4.647300000000000000e+04
3.324761560000000000e+09 3.570500000000000000e+04
3.495446008000000000e+09 3.596100000000000728e+04
3.612464360000000000e+09 3.184600000000000728e+04
3.612522664000000000e+09 4.967000000000003638e+03
3.680601912000000000e+09 2.538000000000000000e+04
3.713454136000000000e+09 2.153000000000000000e+04
3.713513784000000000e+09 1.980000000000007276e+03
3.776233656000000000e+09 1.824400000000000000e+04
3.951627624000000000e+09 2.468900000000000000e+04
4.031638392000000000e+09 2.382500000000000000e+04
4.083567656000000000e+09 2.008100000000000000e+04
4.110109384000000000e+09 1.767199999999999272e+04
4.110195112000000000e+09 6.124999999999992724e+03
4.443789944000000000e+09 3.081600000000000000e+04
4.556204584000000000e+09 2.697700000000000000e+04
4.622256568000000000e+09 2.572800000000000000e+04
4.725138104000000000e+09 2.448800000000000000e+04
4.849692168000000000e+09 2.488000000000000000e+04
4.924185224000000000e+09 2.527700000000000000e+04
5.210159048000000000e+09 3.257699999999999272e+04
5.267977912000000000e+09 2.668900000000000000e+04
5.412110056000000000e+09 2.754800000000000000e+04
5.504825704000000000e+09 2.708000000000000000e+04
5.655667096000000000e+09 2.952700000000000000e+04
5.792008584000000000e+09 2.831500000000000000e+04
5.948259656000000000e+09 2.924899999999999272e+04
5.961483640000000000e+09 2.257700000000000000e+04
6.294058632000000000e+09 3.774800000000000000e+04
6.298448680000000000e+09 2.583200000000000000e+04
6.298549144000000000e+09 1.083900000000000364e+04
6.676339272000000000e+09 4.062200000000000000e+04
6.676419640000000000e+09 1.315699999999999272e+04
6.864321544000000000e+09 3.265600000000000000e+04
7.004088840000000000e+09 3.345999999999999272e+04
7.224901016000000000e+09 3.643100000000000000e+04
7.292112584000000000e+09 2.961699999999999272e+04
7.292196808000000000e+09 1.290200000000000728e+04
7.451294760000000000e+09 2.801499999999999272e+04
7.451404600000000000e+09 1.405600000000000364e+04
7.514705096000000000e+09 2.062300000000000000e+04
7.671116776000000000e+09 2.459900000000000000e+04
7.870574696000000000e+09 3.044700000000000728e+04
8.078735336000000000e+09 3.428700000000000000e+04
8.164082984000000000e+09 2.936900000000000000e+04
8.167917944000000000e+09 2.021099999999999272e+04
8.534663400000000000e+09 3.918300000000000000e+04
8.534899480000000000e+09 2.437800000000000000e+04
8.761913256000000000e+09 3.432300000000000000e+04
8.947548376000000000e+09 3.595900000000000728e+04
9.007456792000000000e+09 2.955100000000000728e+04
9.305240344000000000e+09 3.941300000000000000e+04
9.305423512000000000e+09 2.341100000000000728e+04
9.330948360000000000e+09 2.181300000000000728e+04
9.483290664000000000e+09 2.832000000000000000e+04
9.644294520000000000e+09 2.815399999999999272e+04
9.805806936000000000e+09 3.138700000000000000e+04
9.805913384000000000e+09 1.450300000000000364e+04
9.878112712000000000e+09 2.210800000000000000e+04
1.001892589600000000e+10 2.388800000000000000e+04
1.010832519200000000e+10 2.360900000000000000e+04
1.018191333600000000e+10 2.187200000000000000e+04
1.023871692000000000e+10 1.977800000000000000e+04
1.068448309600000000e+10 4.159300000000000000e+04
1.090527599200000000e+10 3.957400000000000000e+04
1.106963421600000000e+10 3.851000000000000000e+04
1.116940061600000000e+10 3.328900000000000000e+04
1.119563484000000000e+10 2.537000000000000000e+04
1.195390085600000000e+10 5.752000000000000000e+04
1.197355000800000000e+10 3.425100000000000000e+04
1.197370328800000000e+10 1.835500000000000000e+04
1.216152879200000000e+10 3.157400000000000000e+04
1.220368596000000000e+10 2.714500000000000000e+04
1.229504919200000000e+10 2.536800000000000000e+04
1.240267464800000000e+10 2.459200000000000000e+04
1.296886415200000000e+10 4.856600000000000000e+04
1.309121727200000000e+10 4.117600000000000000e+04
1.321512972000000000e+10 3.672700000000000000e+04
1.334016141600000000e+10 3.306700000000000000e+04
1.334459527200000000e+10 2.339200000000000000e+04
1.334846940000000000e+10 1.772200000000000728e+04
1.341015119200000000e+10 1.839999999999999272e+04
1.349120885600000000e+10 1.871200000000000000e+04
1.349130237600000000e+10 7.593000000000007276e+03
1.368608684000000000e+10 2.392000000000000000e+04
1.379161544800000000e+10 2.488000000000000000e+04
1.393152391200000000e+10 2.665300000000000000e+04
1.393158674400000000e+10 5.595000000000000000e+03
1.434214932000000000e+10 4.244600000000000000e+04
1.452488103200000000e+10 3.862300000000000000e+04
1.457056330400000000e+10 3.032400000000000000e+04
1.459088688800000000e+10 2.280100000000000000e+04
1.462824751200000000e+10 1.939600000000000000e+04
1.473450461600000000e+10 2.144900000000000000e+04
1.475802644000000000e+10 1.787200000000000728e+04
1.489287311200000000e+10 2.184199999999999272e+04
1.526948373600000000e+10 3.756600000000000000e+04
1.526953516000000000e+10 3.388999999999996362e+03
1.557147173600000000e+10 3.981600000000000000e+04
1.557152968800000000e+10 7.439000000000000000e+03
1.558345797600000000e+10 2.647400000000000000e+04
1.573064228000000000e+10 2.843500000000000728e+04
1.598672016800000000e+10 3.502999999999999272e+04
1.637982765600000000e+10 4.741000000000000000e+04
1.645224162400000000e+10 3.652900000000000000e+04
1.669156586400000000e+10 3.986100000000000000e+04
1.706299205600000000e+10 4.905600000000000000e+04
1.706315479200000000e+10 2.926799999999999272e+04
1.733043364000000000e+10 4.304700000000000000e+04
1.746298522400000000e+10 3.831000000000000000e+04
1.771932656800000000e+10 4.443800000000000000e+04
1.846221002400000000e+10 6.959200000000000000e+04
1.856446692000000000e+10 4.624000000000000000e+04
1.895078589600000000e+10 5.749800000000000000e+04
1.895088189600000000e+10 2.159099999999999272e+04
1.955023856800000000e+10 6.652300000000000000e+04
1.967147836000000000e+10 4.428300000000000000e+04
1.967164343200000000e+10 2.702399999999999272e+04
1.970619660000000000e+10 2.503600000000000000e+04
1.974293328800000000e+10 2.167300000000000728e+04
1.987488132000000000e+10 2.440400000000000000e+04
1.987493884000000000e+10 2.878000000000007276e+03
2.021078716000000000e+10 3.584600000000000000e+04
2.026741312800000000e+10 2.918500000000000000e+04
2.031336880800000000e+10 2.289500000000000000e+04
2.031351138400000000e+10 1.506800000000000000e+04
2.031361007200000000e+10 5.760999999999992724e+03
2.035170317600000000e+10 1.550200000000000728e+04
2.041043594400000000e+10 1.582900000000000728e+04
2.052934632800000000e+10 1.912000000000000000e+04
2.059365048800000000e+10 1.858400000000000000e+04
2.062171845600000000e+10 1.592400000000000728e+04
2.087614012000000000e+10 2.607099999999999272e+04
2.109995242400000000e+10 3.175699999999999272e+04
2.112752428000000000e+10 2.481900000000000000e+04
2.120780023200000000e+10 2.367300000000000000e+04
2.149032858400000000e+10 3.336700000000000000e+04
2.192003448800000000e+10 4.570200000000000000e+04
2.193268709600000000e+10 3.283100000000000000e+04
2.201090464800000000e+10 2.682300000000000000e+04
2.208587767200000000e+10 2.555100000000000000e+04
2.256977018400000000e+10 4.886500000000000000e+04
2.256986330400000000e+10 1.135500000000000728e+04
2.277185752800000000e+10 3.996100000000000000e+04
2.278347072800000000e+10 2.539299999999999272e+04
2.291469893600000000e+10 2.833600000000000728e+04
2.298708760800000000e+10 2.471799999999999272e+04
2.300614380000000000e+10 1.910500000000000000e+04
2.347436682400000000e+10 4.197600000000000000e+04
2.350473519200000000e+10 2.920600000000000000e+04
2.350478989600000000e+10 3.257000000000000000e+03
2.392955557600000000e+10 4.284100000000000000e+04
2.400761727200000000e+10 3.735900000000000000e+04
2.414358098400000000e+10 3.575900000000000000e+04
2.429802292000000000e+10 3.276400000000000000e+04
2.452796927200000000e+10 3.820900000000000000e+04
2.473233517600000000e+10 4.081200000000000000e+04
2.496771711200000000e+10 4.053200000000000000e+04
2.525519621600000000e+10 4.871000000000000000e+04
2.539799159200000000e+10 4.152600000000000000e+04
2.563321172000000000e+10 4.397100000000000000e+04
2.570862226400000000e+10 3.337000000000000000e+04
2.607303453600000000e+10 4.535800000000000000e+04
2.613345749600000000e+10 3.475500000000000000e+04
2.655587629600000000e+10 5.100000000000000000e+04
2.682530064800000000e+10 4.506300000000000000e+04
2.682537359200000000e+10 1.455799999999999272e+04
2.725422903200000000e+10 5.195200000000000000e+04
2.740489460000000000e+10 4.048800000000000000e+04
2.753590778400000000e+10 3.507500000000000000e+04
2.753601573600000000e+10 1.695599999999999636e+04
2.778996620000000000e+10 3.584900000000000000e+04
2.779002882400000000e+10 8.155999999999992724e+03
2.783095074400000000e+10 2.565000000000000000e+04
2.809097440800000000e+10 3.713500000000000000e+04
2.813700978400000000e+10 2.633800000000000000e+04
2.820355333600000000e+10 2.501000000000000000e+04
2.833254656800000000e+10 2.682000000000000000e+04
2.842092896800000000e+10 2.475000000000000000e+04
2.849806772000000000e+10 2.319700000000000000e+04
2.862863322400000000e+10 2.496600000000000000e+04
2.887439156000000000e+10 3.281899999999999272e+04
2.896854276000000000e+10 3.113600000000000000e+04
2.897394584800000000e+10 2.051700000000000000e+04
2.907286834400000000e+10 2.247900000000000000e+04
2.920724834400000000e+10 2.371200000000000000e+04
2.920819738400000000e+10 1.722000000000000000e+04
2.921423594400000000e+10 1.361699999999999272e+04
2.926664300000000000e+10 1.503299999999999636e+04
2.939382378400000000e+10 1.906400000000000000e+04
2.969024413600000000e+10 3.144200000000000000e+04
2.977106138400000000e+10 2.584100000000000000e+04
2.979245839200000000e+10 2.115900000000000000e+04
2.988003284000000000e+10 2.178900000000000000e+04
2.995314309600000000e+10 2.052400000000000000e+04
2.996463076000000000e+10 1.569800000000000364e+04
3.052197584800000000e+10 4.629700000000000000e+04
3.085669941600000000e+10 4.823100000000000000e+04
3.104423914400000000e+10 4.599500000000000000e+04
3.116543716000000000e+10 3.551799999999999272e+04
3.123131178400000000e+10 3.039200000000000000e+04
3.127915354400000000e+10 2.572200000000000000e+04
3.127921639200000000e+10 4.746999999999992724e+03
3.148627128800000000e+10 2.955300000000000000e+04
3.164169114400000000e+10 3.115100000000000728e+04
3.164448956000000000e+10 2.272000000000000000e+04
3.169233103200000000e+10 2.004200000000000000e+04
3.172952224800000000e+10 1.796499999999999272e+04
3.187051008800000000e+10 2.197100000000000000e+04
3.187785128800000000e+10 1.656700000000000728e+04
3.193254564000000000e+10 1.627300000000000364e+04
3.199457063200000000e+10 1.630099999999999272e+04
3.214789994400000000e+10 2.110000000000000000e+04
3.229560276000000000e+10 2.455200000000000000e+04
3.238852540000000000e+10 2.391300000000000000e+04
3.245907791200000000e+10 2.185000000000000000e+04
3.263304810400000000e+10 2.591300000000000000e+04
3.267752525600000000e+10 2.227600000000000000e+04
3.275223618400000000e+10 2.102400000000000728e+04
3.275861220000000000e+10 1.562600000000000728e+04
3.277535572000000000e+10 1.361800000000000728e+04
3.288498229600000000e+10 1.750399999999999636e+04
3.300684506400000000e+10 2.027400000000000000e+04
3.301452039200000000e+10 1.458800000000000364e+04
3.312473490400000000e+10 1.849699999999999272e+04
3.323033213600000000e+10 1.973700000000000000e+04
3.337390703200000000e+10 2.263900000000000000e+04
3.347724740000000000e+10 2.416800000000000000e+04
3.347814808800000000e+10 1.594099999999999272e+04
3.352210186400000000e+10 1.643800000000000364e+04
3.370771384800000000e+10 2.249800000000000000e+04
3.386301394400000000e+10 2.481900000000000000e+04
3.391236746400000000e+10 2.184900000000000000e+04
3.418560170400000000e+10 3.083200000000000000e+04
3.440960716000000000e+10 3.422699999999999272e+04
3.460280136800000000e+10 3.705100000000000000e+04
3.461631445600000000e+10 2.539400000000000000e+04
3.474590088800000000e+10 2.792899999999999272e+04
3.480877288800000000e+10 2.448000000000000000e+04
3.530219372000000000e+10 4.418400000000000000e+04
3.534501912800000000e+10 3.369900000000000000e+04
3.545997631200000000e+10 3.332800000000000000e+04
3.555662453600000000e+10 2.893900000000000000e+04
3.556305215200000000e+10 2.032000000000000000e+04
3.557077824800000000e+10 1.587899999999999636e+04
3.560347647200000000e+10 1.563100000000000000e+04
3.569017986400000000e+10 1.763099999999999272e+04
3.578804148000000000e+10 1.846500000000000000e+04
3.578810407200000000e+10 1.939000000000003638e+03
3.601502650400000000e+10 2.632300000000000000e+04
3.614204658400000000e+10 2.641800000000000000e+04
3.662872943200000000e+10 4.700100000000000000e+04
3.697605426400000000e+10 5.103800000000000000e+04
3.697629701600000000e+10 3.357299999999999272e+04
3.705222551200000000e+10 3.107400000000000000e+04
3.754554639200000000e+10 4.889900000000000000e+04
3.797236900000000000e+10 5.349500000000000000e+04
3.797241693600000000e+10 4.555000000000003638e+03
3.797248157600000000e+10 6.867999999999996362e+03
3.801600690400000000e+10 3.330700000000000000e+04
3.807990320800000000e+10 2.606300000000000000e+04
3.839134460000000000e+10 3.724300000000000000e+04
3.839151799200000000e+10 2.630800000000000000e+04
3.839159608800000000e+10 7.508999999999992724e+03
3.853197416800000000e+10 2.831300000000000000e+04
3.859634258400000000e+10 2.438600000000000000e+04
3.861537488800000000e+10 1.816000000000000728e+04
3.863411845600000000e+10 1.607100000000000364e+04
3.889467071200000000e+10 2.605800000000000000e+04
3.920353927200000000e+10 3.743700000000000000e+04
3.963615132000000000e+10 5.417000000000000000e+04
3.963627608800000000e+10 2.772400000000000000e+04
3.963633810400000000e+10 3.709000000000003638e+03
3.965143532000000000e+10 2.289000000000000000e+04
3.976323501600000000e+10 2.584600000000000000e+04
3.976944645600000000e+10 1.801999999999999272e+04
3.984528296800000000e+10 1.999100000000000000e+04
4.024148727200000000e+10 3.823000000000000000e+04
4.035600173600000000e+10 3.330000000000000000e+04
4.037838804000000000e+10 2.361700000000000000e+04
4.050288418400000000e+10 2.600000000000000000e+04
4.083899109600000000e+10 4.194200000000000000e+04
4.088289362400000000e+10 2.925800000000000000e+04
4.088315941600000000e+10 2.145200000000000000e+04
4.103980375200000000e+10 2.557600000000000000e+04
4.162116677600000000e+10 5.650300000000000000e+04
4.162147714400000000e+10 4.128900000000000000e+04
4.185742466400000000e+10 4.029500000000000000e+04
4.222424330400000000e+10 4.678200000000000000e+04
4.231022717600000000e+10 3.638300000000000728e+04
4.231028000800000000e+10 4.193999999999996362e+03
4.237487908000000000e+10 2.847799999999999272e+04
4.245799610400000000e+10 2.742500000000000000e+04
4.250462060000000000e+10 2.275800000000000728e+04
4.250471652000000000e+10 7.359000000000000000e+03
4.267888908000000000e+10 2.467500000000000000e+04
4.281639420000000000e+10 2.760700000000000000e+04
4.318798392800000000e+10 3.992500000000000000e+04
4.320550644000000000e+10 2.829800000000000000e+04
4.349077472800000000e+10 3.642200000000000000e+04
4.355093188000000000e+10 2.974000000000000000e+04
4.373929485600000000e+10 3.383400000000000000e+04
4.383484071200000000e+10 2.809600000000000000e+04
4.392913295200000000e+10 2.696000000000000000e+04
4.392918655200000000e+10 1.875000000000000000e+03
4.399946916000000000e+10 2.283300000000000000e+04
4.402644652000000000e+10 1.894300000000000000e+04
4.436774440800000000e+10 3.399500000000000728e+04
4.451881903200000000e+10 3.389099999999999272e+04
4.458905885600000000e+10 2.631800000000000000e+04
4.459082728800000000e+10 1.988800000000000728e+04
4.470360736800000000e+10 2.236900000000000000e+04
4.489219946400000000e+10 2.952100000000000000e+04
4.489926615200000000e+10 1.972200000000000000e+04
4.490150364000000000e+10 1.467200000000000728e+04
4.531738250400000000e+10 3.694600000000000000e+04
4.590049850400000000e+10 5.585100000000000000e+04
4.613090820000000000e+10 4.737900000000000000e+04
4.688108327200000000e+10 7.498800000000000000e+04
4.689853404000000000e+10 3.792200000000000000e+04
4.689861276000000000e+10 1.310799999999999272e+04
4.693498120800000000e+10 2.593900000000000000e+04
4.701699144800000000e+10 2.652500000000000728e+04
4.706145114400000000e+10 2.209500000000000000e+04
4.715268344800000000e+10 2.260500000000000000e+04
4.775137418400000000e+10 4.908700000000000000e+04
4.775143055200000000e+10 8.451000000000003638e+03
4.795037823200000000e+10 4.520700000000000000e+04
4.798279218400000000e+10 2.942400000000000000e+04
4.803188936800000000e+10 2.560900000000000000e+04
4.811332960800000000e+10 2.405600000000000000e+04
4.830260370400000000e+10 3.094300000000000000e+04
4.836616183200000000e+10 2.413000000000000000e+04
4.849846072800000000e+10 2.619000000000000000e+04
4.879497927200000000e+10 3.747900000000000000e+04
4.902235789600000000e+10 4.008000000000000000e+04
4.910184727200000000e+10 3.115400000000000000e+04
4.910339116000000000e+10 2.130399999999999272e+04
4.911771544800000000e+10 1.760900000000000364e+04
4.917832544800000000e+10 1.926999999999999272e+04
4.931413602400000000e+10 2.367300000000000000e+04
4.931421226400000000e+10 6.635000000000000000e+03
4.967149416800000000e+10 3.384400000000000000e+04
4.970822368800000000e+10 2.688000000000000000e+04
4.974309623200000000e+10 2.087500000000000000e+04
4.985911239200000000e+10 2.320500000000000000e+04
4.992221952800000000e+10 2.200300000000000000e+04
4.997343708000000000e+10 1.902300000000000728e+04
4.998961103200000000e+10 1.531399999999999636e+04
5.010501800800000000e+10 1.954500000000000000e+04
5.019708349600000000e+10 1.976000000000000000e+04
5.026182068000000000e+10 1.876800000000000000e+04
5.063061165600000000e+10 3.346400000000000000e+04
5.066283557600000000e+10 2.602600000000000000e+04
5.076595205600000000e+10 2.762800000000000000e+04
5.086911132000000000e+10 2.543000000000000728e+04
5.098218386400000000e+10 2.488000000000000000e+04
5.154325634400000000e+10 4.940000000000000000e+04
5.180750276000000000e+10 4.645800000000000000e+04
5.182492480800000000e+10 3.101900000000000728e+04
5.188989032800000000e+10 2.813600000000000000e+04
5.192306768800000000e+10 2.272300000000000000e+04
5.218836165600000000e+10 3.204300000000000000e+04
5.221265544800000000e+10 2.454000000000000000e+04
5.239822802400000000e+10 2.989300000000000000e+04
5.242397124000000000e+10 2.279200000000000000e+04
5.247300495200000000e+10 2.155000000000000000e+04
5.277330628000000000e+10 3.574000000000000000e+04
5.283262559200000000e+10 2.698400000000000000e+04
5.283269498400000000e+10 6.596000000000007276e+03
5.303211276000000000e+10 3.072400000000000000e+04
5.310441573600000000e+10 2.519800000000000000e+04
5.313459013600000000e+10 2.036200000000000000e+04
5.337341367200000000e+10 3.038100000000000000e+04
5.337349773600000000e+10 1.056799999999999272e+04
5.342230460000000000e+10 2.086400000000000728e+04
5.367217376800000000e+10 3.054799999999999272e+04
5.383820016800000000e+10 3.062400000000000000e+04
5.383829541600000000e+10 1.379200000000000728e+04
5.403291020000000000e+10 3.199600000000000728e+04
5.413793528800000000e+10 2.747200000000000000e+04
5.436600765600000000e+10 3.483999999999999272e+04
5.436613122400000000e+10 1.868100000000000000e+04
5.443967114400000000e+10 2.383800000000000000e+04
5.465694407200000000e+10 3.051199999999999272e+04
5.476449136800000000e+10 2.644899999999999272e+04
5.500031735200000000e+10 3.310500000000000728e+04
5.518805733600000000e+10 3.382600000000000000e+04
5.534433455200000000e+10 3.287800000000000728e+04
5.555171804000000000e+10 3.771800000000000000e+04
5.556456282400000000e+10 2.903200000000000728e+04
5.564422135200000000e+10 2.408800000000000000e+04
5.583678016800000000e+10 3.019099999999999272e+04
5.646950264800000000e+10 5.522600000000000000e+04
5.646954940000000000e+10 3.731999999999992724e+03
5.671794927200000000e+10 5.184300000000000000e+04
5.680315237600000000e+10 3.853700000000000000e+04
5.680336013600000000e+10 2.951000000000000000e+04
5.710403628000000000e+10 4.132700000000000000e+04
5.720122821600000000e+10 3.258600000000000000e+04
5.733129626400000000e+10 3.277500000000000728e+04
5.760261160800000000e+10 4.276000000000000000e+04
5.764898060000000000e+10 2.953299999999999272e+04
5.776901624800000000e+10 2.808900000000000728e+04
5.789824661600000000e+10 2.888400000000000000e+04
5.802289343200000000e+10 2.846199999999999272e+04
5.805832799200000000e+10 2.282000000000000728e+04
5.829315293600000000e+10 3.062800000000000000e+04
5.840223344800000000e+10 2.966500000000000000e+04
5.852856749600000000e+10 2.888200000000000000e+04
5.868682216800000000e+10 2.988000000000000000e+04
5.868688111200000000e+10 5.197000000000000000e+03
5.877943429600000000e+10 2.552000000000000000e+04
5.880076607200000000e+10 2.053500000000000000e+04
5.880093904800000000e+10 1.328800000000000728e+04
5.899352821600000000e+10 2.414500000000000000e+04
5.939800749600000000e+10 4.111200000000000000e+04
5.974929826400000000e+10 4.668400000000000000e+04
5.976518696800000000e+10 3.166300000000000000e+04
5.995840716000000000e+10 3.623600000000000000e+04
6.023239045600000000e+10 4.005500000000000000e+04
6.037254743200000000e+10 3.435000000000000000e+04
6.047399383200000000e+10 3.256399999999999272e+04
6.047409024800000000e+10 4.899999999999996362e+03
6.067801682400000000e+10 3.288900000000000000e+04
6.069605461600000000e+10 2.478700000000000000e+04
6.076519173600000000e+10 2.332300000000000000e+04
6.081638213600000000e+10 2.011000000000000728e+04
6.094640500000000000e+10 2.311600000000000000e+04
6.097058868000000000e+10 1.844100000000000728e+04
6.105126986400000000e+10 1.940000000000000728e+04
6.141192783200000000e+10 3.653800000000000000e+04
6.150187384800000000e+10 3.119800000000000000e+04
6.159951957600000000e+10 2.774600000000000000e+04
6.169194005600000000e+10 2.504400000000000000e+04
6.176090556000000000e+10 2.377400000000000000e+04
6.192170732000000000e+10 2.614999999999999272e+04
6.199562892000000000e+10 2.400600000000000000e+04
6.199571764000000000e+10 9.538000000000003638e+03
6.208144808800000000e+10 2.209000000000000000e+04
6.256589524000000000e+10 4.215600000000000000e+04
6.256594488800000000e+10 3.901000000000007276e+03
6.256603268000000000e+10 1.040900000000000000e+04
6.270978080800000000e+10 2.982500000000000000e+04
6.274007930400000000e+10 2.497800000000000000e+04
6.284735965600000000e+10 2.680400000000000000e+04
6.292289389600000000e+10 2.248000000000000000e+04
6.305966455200000000e+10 2.537700000000000000e+04
6.305973799200000000e+10 8.496999999999992724e+03
6.306312332000000000e+10 1.546600000000000000e+04
6.318054226400000000e+10 2.078500000000000000e+04
6.339626000800000000e+10 2.687600000000000728e+04
6.355772162400000000e+10 2.985100000000000000e+04
6.373713762400000000e+10 3.389300000000000000e+04
6.378326589600000000e+10 2.484200000000000000e+04
6.388929996000000000e+10 2.584900000000000000e+04
6.396695772000000000e+10 2.311500000000000000e+04
6.440612404000000000e+10 4.326900000000000000e+04
6.452614376800000000e+10 3.519600000000000000e+04
6.459796719200000000e+10 3.015599999999999272e+04
6.473625644000000000e+10 3.046099999999999272e+04
6.523861600800000000e+10 5.017700000000000000e+04
6.523868820000000000e+10 7.678000000000000000e+03
6.552042066400000000e+10 4.456800000000000000e+04
6.587424269600000000e+10 5.428700000000000000e+04
6.587434776800000000e+10 2.281600000000000000e+04
6.598171896800000000e+10 3.448000000000000000e+04
6.603071636000000000e+10 2.654600000000000728e+04
6.620095165600000000e+10 3.152900000000000000e+04
6.650568498400000000e+10 4.271400000000000000e+04
6.651863466400000000e+10 2.883200000000000728e+04
6.655164498400000000e+10 2.249000000000000000e+04
6.667963645600000000e+10 2.632700000000000728e+04
6.667971744800000000e+10 8.689000000000003638e+03
6.717516405600000000e+10 4.384100000000000000e+04
6.718926592800000000e+10 2.843000000000000728e+04
6.767489567200000000e+10 4.960100000000000000e+04
6.767498618400000000e+10 2.041800000000000000e+04
6.785623748000000000e+10 3.635700000000000000e+04
6.795161940000000000e+10 3.226500000000000728e+04
6.799555133600000000e+10 2.656800000000000000e+04
6.801649141600000000e+10 2.086300000000000000e+04
6.845282616800000000e+10 4.183300000000000000e+04
6.845303232800000000e+10 2.717600000000000000e+04
6.854996071200000000e+10 2.815100000000000000e+04
6.855021781600000000e+10 1.975100000000000000e+04
6.868019997600000000e+10 2.394500000000000000e+04
6.886815301600000000e+10 2.896600000000000728e+04
6.886825378400000000e+10 7.904999999999992724e+03
6.906019898400000000e+10 2.856100000000000000e+04
6.906853479200000000e+10 2.036700000000000728e+04
6.912974962400000000e+10 2.118500000000000000e+04
6.919451786400000000e+10 1.960200000000000000e+04
6.933995661600000000e+10 2.325800000000000000e+04
6.934001632800000000e+10 3.054000000000000000e+03
6.934542282400000000e+10 1.531400000000000728e+04
6.934557567200000000e+10 1.031499999999999636e+04
6.971437530400000000e+10 2.999900000000000000e+04
6.993126226400000000e+10 3.622800000000000000e+04
7.032963856800000000e+10 4.885400000000000000e+04
7.032970253600000000e+10 1.088799999999999272e+04
7.039321125600000000e+10 3.147600000000000000e+04
7.039327834400000000e+10 7.746000000000003638e+03
7.068122008800000000e+10 3.670200000000000000e+04
7.086148045600000000e+10 3.752300000000000000e+04
7.092855466400000000e+10 2.782600000000000000e+04
7.102196162400000000e+10 2.689800000000000000e+04
7.102300573600000000e+10 1.850200000000000000e+04
7.107109928800000000e+10 1.815700000000000000e+04
7.120599108000000000e+10 2.261100000000000000e+04
7.139578818400000000e+10 2.775799999999999272e+04
7.162321127200000000e+10 3.351300000000000728e+04
7.172229279200000000e+10 3.184200000000000000e+04
7.172639839200000000e+10 2.158600000000000728e+04
7.175050568800000000e+10 1.811000000000000364e+04
7.179952103200000000e+10 1.698699999999999636e+04
7.191959823200000000e+10 2.036800000000000000e+04
7.222566557600000000e+10 3.312200000000000000e+04
7.239509978400000000e+10 3.361000000000000728e+04
7.258500559200000000e+10 3.751000000000000000e+04
7.258507250400000000e+10 8.679999999999992724e+03
7.260163028000000000e+10 2.152000000000000000e+04
7.261385200800000000e+10 1.712600000000000000e+04
7.273351847200000000e+10 2.171500000000000000e+04
7.302154106400000000e+10 3.210800000000000000e+04
7.309404493600000000e+10 2.793600000000000000e+04
7.313032360800000000e+10 2.286500000000000000e+04
7.329873378400000000e+10 2.746100000000000000e+04
7.332227061600000000e+10 2.121900000000000000e+04
7.337943618400000000e+10 2.012700000000000000e+04
7.337954000800000000e+10 1.016999999999999272e+04
7.339850234400000000e+10 1.353399999999999636e+04
7.344526373600000000e+10 1.406600000000000728e+04
7.390764884000000000e+10 3.756600000000000000e+04
7.390771519200000000e+10 8.954000000000007276e+03
7.420007514400000000e+10 3.859500000000000000e+04
7.456834557600000000e+10 4.602500000000000000e+04
7.478999388000000000e+10 4.340100000000000000e+04
7.479004216800000000e+10 1.871000000000003638e+03
7.532386452000000000e+10 5.966300000000000000e+04
7.534951599200000000e+10 3.818700000000000000e+04
7.537443330400000000e+10 2.767600000000000000e+04
7.537449844000000000e+10 6.896000000000003638e+03
7.562540133600000000e+10 3.316400000000000728e+04
7.576040772000000000e+10 3.224000000000000000e+04
7.589676258400000000e+10 3.065800000000000000e+04
7.615319293600000000e+10 3.773400000000000000e+04
7.626324781600000000e+10 3.135700000000000728e+04
7.628709863200000000e+10 2.580000000000000728e+04
7.646703240800000000e+10 2.814500000000000728e+04
7.659435908000000000e+10 2.921000000000000000e+04
7.686690554400000000e+10 3.631200000000000000e+04
7.696606247200000000e+10 3.478800000000000000e+04
7.698528752800000000e+10 2.383100000000000000e+04
7.699619786400000000e+10 1.852000000000000728e+04
7.705354293600000000e+10 1.824499999999999272e+04
7.726349432800000000e+10 2.481800000000000000e+04
7.736397928800000000e+10 2.411899999999999272e+04
7.765957060000000000e+10 3.536700000000000728e+04
7.773466844000000000e+10 3.000400000000000000e+04
7.774395180000000000e+10 2.265200000000000000e+04
7.774793309600000000e+10 1.620000000000000364e+04
7.786634784800000000e+10 2.100900000000000000e+04
7.822581191200000000e+10 3.551600000000000000e+04
7.824959725600000000e+10 2.634100000000000000e+04
7.835557256800000000e+10 2.616200000000000000e+04
7.845858919200000000e+10 2.524300000000000000e+04
7.850623256800000000e+10 2.238200000000000000e+04
7.890932261600000000e+10 3.861100000000000000e+04
7.907490258400000000e+10 3.639700000000000000e+04
7.925335976800000000e+10 3.691800000000000000e+04
7.949741986400000000e+10 3.982300000000000000e+04
7.951275861600000000e+10 2.802600000000000000e+04
7.963269949600000000e+10 2.819500000000000000e+04
7.980066554400000000e+10 3.209399999999999272e+04
7.986303471200000000e+10 2.505500000000000000e+04
7.988994996000000000e+10 2.072000000000000000e+04
7.993588485600000000e+10 1.940899999999999272e+04
8.011322605600000000e+10 2.552900000000000000e+04
8.019049887200000000e+10 2.246800000000000000e+04
8.026766458400000000e+10 2.188900000000000000e+04
8.033499751200000000e+10 2.073800000000000000e+04
8.037211288800000000e+10 1.726400000000000000e+04
8.057820773600000000e+10 2.551400000000000000e+04
8.063073620000000000e+10 2.259300000000000000e+04
8.078305890400000000e+10 2.571300000000000000e+04
8.107481455200000000e+10 3.613300000000000000e+04
8.107486709600000000e+10 3.901999999999992724e+03
8.147113490400000000e+10 4.992600000000000000e+04
8.147119167200000000e+10 8.906000000000000000e+03
8.162009620000000000e+10 3.790500000000000000e+04
8.162015770400000000e+10 7.230999999999996362e+03
8.166497320800000000e+10 2.521400000000000000e+04
8.184849114400000000e+10 2.985999999999999272e+04
8.184857808800000000e+10 1.413700000000000728e+04
8.186169584800000000e+10 1.935800000000000728e+04
8.227576464800000000e+10 4.188800000000000000e+04
8.229034964000000000e+10 2.670499999999999272e+04
8.229040351200000000e+10 2.097999999999996362e+03
8.237551981600000000e+10 2.450100000000000000e+04
8.238144914400000000e+10 1.828199999999999272e+04
8.245127808800000000e+10 1.876100000000000000e+04
8.248847056800000000e+10 1.678400000000000728e+04
8.257447960800000000e+10 1.829300000000000728e+04
8.258622431200000000e+10 1.413900000000000728e+04
8.285868893600000000e+10 2.538000000000000000e+04
8.302225844000000000e+10 2.841600000000000728e+04
8.311822453600000000e+10 2.779800000000000000e+04
8.330045855200000000e+10 3.047200000000000000e+04
8.330101282400000000e+10 2.095600000000000000e+04
8.367150546400000000e+10 4.044500000000000000e+04
8.370438573600000000e+10 2.796200000000000000e+04
8.377272031200000000e+10 2.530000000000000000e+04
8.392854583200000000e+10 2.792199999999999272e+04
8.447903292000000000e+10 4.955600000000000000e+04
8.452424794400000000e+10 3.633999999999999272e+04
8.488572439200000000e+10 5.406300000000000000e+04
8.522922954400000000e+10 5.432300000000000000e+04
8.533547279200000000e+10 3.927600000000000000e+04
8.537053218400000000e+10 2.917900000000000000e+04
8.559454522400000000e+10 3.591699999999999272e+04
8.569477719200000000e+10 3.009400000000000000e+04
8.569483964000000000e+10 6.394999999999996362e+03
8.577349778400000000e+10 2.566400000000000000e+04
8.588937293600000000e+10 2.677800000000000000e+04
8.680946706400000000e+10 6.343500000000000000e+04
8.683044420000000000e+10 3.988500000000000000e+04
8.687374733600000000e+10 3.024599999999999272e+04
8.697253479200000000e+10 2.881400000000000728e+04
8.704241370400000000e+10 2.634800000000000000e+04
8.718513333600000000e+10 2.685900000000000000e+04
8.742681076000000000e+10 3.582100000000000000e+04
8.748751170400000000e+10 2.822100000000000000e+04
8.756694757600000000e+10 2.456599999999999272e+04
8.786294796000000000e+10 3.735800000000000000e+04
8.790879548000000000e+10 2.679100000000000728e+04
8.790884839200000000e+10 2.235000000000007276e+03
8.847138760800000000e+10 5.535000000000000000e+04
8.847143589600000000e+10 4.364999999999996362e+03
8.866667802400000000e+10 4.218600000000000000e+04
8.885948559200000000e+10 4.222100000000000000e+04
8.891409624800000000e+10 3.102300000000000000e+04
8.891438269600000000e+10 2.078200000000000000e+04
8.901088442400000000e+10 2.288000000000000000e+04
8.922111536800000000e+10 3.127199999999999272e+04
8.929682140000000000e+10 2.684800000000000000e+04
8.934284584800000000e+10 2.180100000000000000e+04
8.936652591200000000e+10 1.841400000000000000e+04
8.952452028000000000e+10 2.382700000000000000e+04
8.959195802400000000e+10 2.183900000000000000e+04
8.970435655200000000e+10 2.354800000000000000e+04
8.987866559200000000e+10 2.608800000000000000e+04
