# Timestamps in ns,Energies
3.253629600000000000e+07 4.140800000000000000e+04
5.393058640000000000e+08 5.520800000000000000e+04
5.417953680000000000e+08 3.639400000000000000e+04
1.520911160000000000e+09 6.492900000000000000e+04
1.661228648000000000e+09 5.081900000000000000e+04
1.837473240000000000e+09 4.166900000000000000e+04
2.311925720000000000e+09 5.213700000000000000e+04
2.311970296000000000e+09 2.106000000000000000e+03
2.333581464000000000e+09 3.517500000000000000e+04
2.573207960000000000e+09 3.772100000000000000e+04
2.818328536000000000e+09 3.883200000000000000e+04
2.887448632000000000e+09 3.522200000000000000e+04
2.965574872000000000e+09 2.848400000000000000e+04
3.194954840000000000e+09 3.446300000000000000e+04
3.895317864000000000e+09 5.446500000000000000e+04
4.011134456000000000e+09 4.195100000000000000e+04
4.215829912000000000e+09 4.004900000000000000e+04
4.215877384000000000e+09 2.882000000000003638e+03
4.387278168000000000e+09 3.871600000000000000e+04
4.387356296000000000e+09 1.251400000000000364e+04
4.480845464000000000e+09 2.742200000000000000e+04
4.777432648000000000e+09 3.804000000000000000e+04
5.099003528000000000e+09 4.562900000000000000e+04
5.907342968000000000e+09 6.566500000000000000e+04
5.907385192000000000e+09 1.103000000000000000e+03
6.101898776000000000e+09 5.087300000000000000e+04
6.216466936000000000e+09 3.870400000000000000e+04
6.552896104000000000e+09 4.360900000000000000e+04
7.029767832000000000e+09 5.234300000000000000e+04
7.217511608000000000e+09 4.832000000000000000e+04
7.331562648000000000e+09 3.936700000000000000e+04
7.347937080000000000e+09 2.773499999999999272e+04
7.568255416000000000e+09 3.136900000000000000e+04
8.169865976000000000e+09 5.543300000000000000e+04
8.169997304000000000e+09 2.692000000000000000e+04
8.612126936000000000e+09 5.232000000000000000e+04
8.689231544000000000e+09 3.714800000000000000e+04
8.845774952000000000e+09 3.679300000000000000e+04
8.845831064000000000e+09 5.883000000000000000e+03
8.845916008000000000e+09 7.139999999999992724e+03
8.926869656000000000e+09 2.386000000000000000e+04
9.008555432000000000e+09 2.288900000000000728e+04
9.020641304000000000e+09 1.904000000000000000e+04
9.108928168000000000e+09 2.031600000000000000e+04
9.150498760000000000e+09 1.817300000000000000e+04
9.241191016000000000e+09 1.856200000000000000e+04
9.412365512000000000e+09 2.327900000000000000e+04
1.024606928800000000e+10 5.848100000000000000e+04
1.028460468000000000e+10 3.860500000000000000e+04
1.028556378400000000e+10 2.747300000000000000e+04
1.054058970400000000e+10 3.454100000000000000e+04
1.092045399200000000e+10 5.430800000000000000e+04
1.107004103200000000e+10 3.695300000000000000e+04
1.113408189600000000e+10 3.114700000000000000e+04
1.120310922400000000e+10 2.760300000000000000e+04
1.123266968800000000e+10 2.294700000000000000e+04
1.138982652000000000e+10 2.552100000000000000e+04
1.161099756000000000e+10 3.297299999999999272e+04
1.186103108000000000e+10 3.564700000000000000e+04
1.186108276000000000e+10 3.877000000000007276e+03
1.186585914400000000e+10 2.332900000000000000e+04
1.258046332000000000e+10 5.127200000000000000e+04
1.258517628000000000e+10 3.525300000000000000e+04
1.264314088800000000e+10 2.773300000000000000e+04
1.289063613600000000e+10 3.584500000000000000e+04
1.320441720800000000e+10 4.193100000000000000e+04
1.372131396000000000e+10 5.548700000000000000e+04
1.380821061600000000e+10 4.007200000000000000e+04
1.384108429600000000e+10 3.094800000000000000e+04
1.402806709600000000e+10 3.378300000000000000e+04
1.413207480800000000e+10 2.956600000000000000e+04
1.442518029600000000e+10 3.846800000000000000e+04
1.460351952800000000e+10 3.729900000000000000e+04
1.462800336800000000e+10 2.834500000000000000e+04
1.519120906400000000e+10 4.638500000000000000e+04
1.523080269600000000e+10 3.581000000000000728e+04
1.524834690400000000e+10 2.543400000000000728e+04
1.541944392800000000e+10 3.033800000000000728e+04
1.562065928800000000e+10 3.405199999999999272e+04
1.562385836000000000e+10 2.287300000000000000e+04
1.620086314400000000e+10 5.180100000000000000e+04
1.633315044000000000e+10 4.072700000000000000e+04
1.639442578400000000e+10 3.128600000000000000e+04
1.647722466400000000e+10 2.935500000000000000e+04
1.678125973600000000e+10 3.549100000000000000e+04
1.683868386400000000e+10 3.053799999999999272e+04
1.683873506400000000e+10 2.188999999999996362e+03
1.689327687200000000e+10 2.567400000000000000e+04
1.699691160800000000e+10 2.477699999999999272e+04
1.711692324000000000e+10 2.526700000000000000e+04
1.749164636000000000e+10 3.707900000000000000e+04
1.774021056800000000e+10 3.890400000000000000e+04
1.776574674400000000e+10 3.041700000000000000e+04
1.788100660000000000e+10 2.867100000000000728e+04
1.811987700000000000e+10 3.389700000000000000e+04
1.819624648800000000e+10 3.032300000000000000e+04
1.838477404000000000e+10 3.155900000000000000e+04
1.863298602400000000e+10 3.623400000000000728e+04
1.883682637600000000e+10 3.590500000000000000e+04
1.887030576800000000e+10 2.886200000000000000e+04
1.900559930400000000e+10 3.058500000000000000e+04
1.924344708000000000e+10 3.335900000000000000e+04
1.939436317600000000e+10 3.250699999999999272e+04
1.959802688800000000e+10 3.600800000000000000e+04
1.979212428000000000e+10 3.440800000000000000e+04
2.000865732000000000e+10 3.685400000000000000e+04
2.002331728800000000e+10 2.834500000000000000e+04
2.022772735200000000e+10 3.221400000000000000e+04
2.038201111200000000e+10 3.279600000000000000e+04
2.048648412000000000e+10 2.944000000000000000e+04
2.048981149600000000e+10 2.144400000000000000e+04
2.055149546400000000e+10 2.060300000000000000e+04
2.084785423200000000e+10 3.085699999999999272e+04
2.084790839200000000e+10 3.919999999999992724e+03
2.092455666400000000e+10 2.554700000000000000e+04
2.142974528800000000e+10 4.218600000000000000e+04
2.196149738400000000e+10 5.326000000000000000e+04
2.254795831200000000e+10 5.904900000000000000e+04
2.254803164000000000e+10 2.051000000000000000e+04
2.256465671200000000e+10 3.110300000000000000e+04
2.256476498400000000e+10 9.746999999999996362e+03
2.301509264800000000e+10 4.824300000000000000e+04
2.310865575200000000e+10 3.695900000000000000e+04
2.340568536800000000e+10 4.656700000000000000e+04
2.343736367200000000e+10 3.310000000000000000e+04
2.349369554400000000e+10 2.623200000000000000e+04
2.369643535200000000e+10 3.195900000000000000e+04
2.384589706400000000e+10 3.059899999999999272e+04
2.404400930400000000e+10 3.340800000000000000e+04
2.431331532000000000e+10 3.711500000000000000e+04
2.441524407200000000e+10 3.294400000000000000e+04
2.482530720800000000e+10 4.324700000000000000e+04
2.496988002400000000e+10 4.057300000000000000e+04
2.504038396000000000e+10 3.270800000000000000e+04
2.520024722400000000e+10 3.380100000000000728e+04
2.531941554400000000e+10 3.019900000000000000e+04
2.598789876000000000e+10 5.840000000000000000e+04
2.611264085600000000e+10 3.948700000000000000e+04
2.614437932000000000e+10 3.000500000000000000e+04
2.656906056800000000e+10 4.447600000000000000e+04
2.663851410400000000e+10 3.377700000000000000e+04
2.690351900000000000e+10 4.072000000000000000e+04
2.709863935200000000e+10 3.760300000000000000e+04
2.721304592800000000e+10 3.336900000000000000e+04
2.728315202400000000e+10 2.791200000000000000e+04
2.739446066400000000e+10 2.787100000000000000e+04
2.774298727200000000e+10 3.712800000000000000e+04
2.839027935200000000e+10 5.582500000000000000e+04
2.889063794400000000e+10 5.715500000000000000e+04
2.906050615200000000e+10 4.558200000000000000e+04
2.906842613600000000e+10 3.223400000000000000e+04
2.934209077600000000e+10 4.021800000000000000e+04
2.956720162400000000e+10 4.316600000000000000e+04
2.964263556000000000e+10 3.123400000000000000e+04
3.025482604000000000e+10 5.312000000000000000e+04
3.027425157600000000e+10 3.804200000000000000e+04
3.027429997600000000e+10 2.382999999999992724e+03
3.107353600800000000e+10 6.445800000000000000e+04
3.139733053600000000e+10 5.624000000000000000e+04
3.145745948000000000e+10 3.650400000000000000e+04
3.154326844000000000e+10 3.497600000000000728e+04
3.161441471200000000e+10 2.938800000000000000e+04
3.177658712800000000e+10 2.985200000000000728e+04
3.223338808800000000e+10 5.132500000000000000e+04
3.242748759200000000e+10 4.455800000000000000e+04
3.269927471200000000e+10 4.539400000000000000e+04
3.281174405600000000e+10 3.835200000000000000e+04
3.282810828000000000e+10 2.751799999999999272e+04
3.300847392800000000e+10 2.949499999999999272e+04
3.315269564000000000e+10 3.115300000000000000e+04
3.318747535200000000e+10 2.623000000000000000e+04
3.345400253600000000e+10 3.237100000000000000e+04
3.378788736800000000e+10 4.299300000000000000e+04
3.399239639200000000e+10 4.071500000000000000e+04
3.399246684000000000e+10 5.048000000000000000e+03
3.445709951200000000e+10 5.153200000000000000e+04
3.450100044000000000e+10 3.932600000000000000e+04
3.484480066400000000e+10 4.227800000000000000e+04
3.494434375200000000e+10 3.696000000000000000e+04
3.507241448800000000e+10 3.932000000000000000e+04
3.513350477600000000e+10 2.667000000000000728e+04
3.539885597600000000e+10 3.296500000000000000e+04
3.557884820000000000e+10 3.257800000000000000e+04
3.566359004000000000e+10 3.169899999999999272e+04
3.570390252000000000e+10 2.404999999999999272e+04
3.597865084000000000e+10 3.646300000000000000e+04
3.620033056800000000e+10 3.594400000000000000e+04
3.624874292000000000e+10 2.712800000000000000e+04
3.631159407200000000e+10 2.530600000000000000e+04
3.643693831200000000e+10 2.559199999999999272e+04
3.683228944800000000e+10 4.045900000000000000e+04
3.694296602400000000e+10 3.326499999999999272e+04
3.694655778400000000e+10 2.365800000000000000e+04
3.734432223200000000e+10 4.040100000000000000e+04
3.750489834400000000e+10 3.720000000000000000e+04
3.817658130400000000e+10 6.315100000000000000e+04
3.847898274400000000e+10 5.533200000000000000e+04
3.864611983200000000e+10 4.158800000000000000e+04
3.972879944800000000e+10 7.420000000000000000e+04
3.974007106400000000e+10 4.598500000000000000e+04
3.976136869600000000e+10 3.152500000000000000e+04
3.981954234400000000e+10 2.676900000000000000e+04
4.053160242400000000e+10 5.376100000000000000e+04
4.068034727200000000e+10 4.583700000000000000e+04
4.074257836000000000e+10 3.594199999999999272e+04
4.087823023200000000e+10 3.597100000000000000e+04
4.087828668000000000e+10 4.677000000000003638e+03
4.118419077600000000e+10 3.856900000000000000e+04
4.172494757600000000e+10 5.039500000000000000e+04
4.189149200800000000e+10 4.387300000000000000e+04
4.194721296800000000e+10 3.512600000000000000e+04
4.221852431200000000e+10 3.923200000000000000e+04
4.286388170400000000e+10 6.261600000000000000e+04
4.306962772000000000e+10 4.846400000000000000e+04
4.331049709600000000e+10 4.219800000000000000e+04
4.338941285600000000e+10 3.673000000000000000e+04
4.341118146400000000e+10 2.832000000000000000e+04
4.370908364000000000e+10 3.748500000000000000e+04
4.391527400800000000e+10 3.644200000000000000e+04
4.452773935200000000e+10 6.057800000000000000e+04
4.458545167200000000e+10 4.065400000000000000e+04
4.479073256800000000e+10 4.024900000000000000e+04
4.484458106400000000e+10 3.068600000000000000e+04
4.542292159200000000e+10 4.896300000000000000e+04
4.542301784800000000e+10 1.780299999999999636e+04
4.605525596000000000e+10 5.978700000000000000e+04
4.605531447200000000e+10 1.073000000000007276e+03
4.618471050400000000e+10 4.323900000000000000e+04
4.618481456800000000e+10 1.961900000000000728e+04
4.702801240800000000e+10 6.622500000000000000e+04
4.704009066400000000e+10 3.802400000000000000e+04
4.750556173600000000e+10 5.596100000000000000e+04
4.768122626400000000e+10 4.791700000000000000e+04
4.857411424800000000e+10 6.653900000000000000e+04
4.864807370400000000e+10 4.921100000000000000e+04
4.888711565600000000e+10 4.814000000000000000e+04
4.902210759200000000e+10 3.965300000000000000e+04
4.922775796000000000e+10 3.970900000000000000e+04
4.926307368800000000e+10 3.025600000000000000e+04
4.931573012000000000e+10 2.408400000000000000e+04
5.047442237600000000e+10 8.134100000000000000e+04
5.047446536800000000e+10 1.892999999999996362e+03
5.047452143200000000e+10 1.056699999999999636e+04
5.052613634400000000e+10 3.751100000000000000e+04
5.056798106400000000e+10 3.002400000000000000e+04
5.091373548000000000e+10 4.292800000000000000e+04
5.099766332000000000e+10 3.427500000000000000e+04
5.123354608800000000e+10 3.868300000000000000e+04
5.141813714400000000e+10 3.754900000000000000e+04
5.200461220000000000e+10 5.644100000000000000e+04
5.214260269600000000e+10 4.324900000000000000e+04
5.221877109600000000e+10 3.356900000000000000e+04
5.223276664800000000e+10 2.456600000000000000e+04
5.249976407200000000e+10 3.397599999999999272e+04
5.256911882400000000e+10 2.938600000000000000e+04
5.289039095200000000e+10 3.939000000000000000e+04
5.289076141600000000e+10 2.452000000000000000e+04
5.339494384800000000e+10 4.434500000000000000e+04
5.416204191200000000e+10 6.347100000000000000e+04
5.427410106400000000e+10 4.728400000000000000e+04
5.444909956000000000e+10 4.471000000000000000e+04
5.447052592800000000e+10 2.953500000000000000e+04
5.460919608800000000e+10 2.978999999999999272e+04
5.471762116000000000e+10 2.921800000000000000e+04
5.519110623200000000e+10 4.356100000000000000e+04
5.521724103200000000e+10 3.314300000000000000e+04
5.551110765600000000e+10 3.832600000000000000e+04
5.601791847200000000e+10 5.592100000000000000e+04
5.663880700000000000e+10 6.452000000000000000e+04
5.663885168800000000e+10 4.121999999999992724e+03
5.665908756000000000e+10 3.566800000000000000e+04
5.670575575200000000e+10 3.152600000000000000e+04
5.690398397600000000e+10 3.353600000000000000e+04
5.695986341600000000e+10 2.892800000000000000e+04
5.704562143200000000e+10 2.685600000000000000e+04
5.727926512800000000e+10 3.427900000000000000e+04
5.733976744800000000e+10 2.589400000000000000e+04
5.765621804000000000e+10 3.559500000000000000e+04
5.833712634400000000e+10 5.759200000000000000e+04
5.866005653600000000e+10 5.433700000000000000e+04
5.885401568800000000e+10 4.435100000000000000e+04
5.926469938400000000e+10 4.979600000000000000e+04
5.989951258400000000e+10 6.331600000000000000e+04
5.997832287200000000e+10 4.065900000000000000e+04
6.044844799200000000e+10 5.733600000000000000e+04
6.049812738400000000e+10 3.672800000000000000e+04
6.049825029600000000e+10 2.366600000000000000e+04
6.063565207200000000e+10 2.962399999999999272e+04
6.103790514400000000e+10 4.148300000000000000e+04
6.142564946400000000e+10 5.241000000000000000e+04
6.145418536800000000e+10 3.591000000000000000e+04
6.149652032800000000e+10 2.815600000000000000e+04
6.176964512800000000e+10 3.779000000000000000e+04
6.289990095200000000e+10 7.411300000000000000e+04
6.306702063200000000e+10 4.987900000000000000e+04
6.311008490400000000e+10 3.943900000000000000e+04
6.346985348000000000e+10 4.805500000000000000e+04
6.377560240800000000e+10 4.490400000000000000e+04
6.377567220000000000e+10 1.484300000000000728e+04
6.393948908000000000e+10 3.722700000000000000e+04
6.405232818400000000e+10 3.452500000000000000e+04
6.423986008800000000e+10 3.348800000000000728e+04
6.460951940000000000e+10 4.272100000000000000e+04
6.504676037600000000e+10 5.068000000000000000e+04
6.509926133600000000e+10 3.693800000000000000e+04
6.542157525600000000e+10 4.257200000000000000e+04
6.542164234400000000e+10 1.124400000000000364e+04
6.561708104800000000e+10 3.732600000000000000e+04
6.566459229600000000e+10 2.911599999999999272e+04
6.576519536800000000e+10 2.803300000000000728e+04
6.581262685600000000e+10 2.391800000000000000e+04
6.605072933600000000e+10 2.956600000000000728e+04
6.619472956000000000e+10 2.993900000000000000e+04
6.620362556000000000e+10 2.345100000000000000e+04
6.715172271200000000e+10 5.839000000000000000e+04
6.715183952800000000e+10 3.245600000000000000e+04
6.715193136800000000e+10 7.719999999999992724e+03
6.716018528800000000e+10 2.471999999999999272e+04
6.716027503200000000e+10 1.138000000000000728e+04
6.734787383200000000e+10 2.937300000000000000e+04
6.764553021600000000e+10 3.714700000000000000e+04
6.783044917600000000e+10 3.576800000000000728e+04
6.822391882400000000e+10 4.754600000000000000e+04
6.835082162400000000e+10 3.780600000000000000e+04
6.842141488800000000e+10 3.119199999999999272e+04
6.842735388000000000e+10 2.305100000000000000e+04
6.845085954400000000e+10 1.882500000000000000e+04
6.860278543200000000e+10 2.349900000000000000e+04
6.881835759200000000e+10 2.985600000000000000e+04
6.884966845600000000e+10 2.370400000000000000e+04
6.921322528800000000e+10 4.094400000000000000e+04
6.932037727200000000e+10 3.235900000000000728e+04
6.971580871200000000e+10 4.508100000000000000e+04
6.983942370400000000e+10 3.658100000000000000e+04
6.997576928800000000e+10 3.296900000000000000e+04
7.001113082400000000e+10 2.588799999999999272e+04
7.011723820000000000e+10 2.634400000000000000e+04
7.115124768800000000e+10 7.032000000000000000e+04
7.115129927200000000e+10 9.216000000000007276e+03
7.139141613600000000e+10 4.632000000000000000e+04
7.154739719200000000e+10 4.066600000000000000e+04
7.158935250400000000e+10 3.303999999999999272e+04
7.174775799200000000e+10 3.124800000000000000e+04
7.181933808800000000e+10 2.785500000000000728e+04
7.189166402400000000e+10 2.492600000000000000e+04
7.224039548000000000e+10 3.782500000000000000e+04
7.233447527200000000e+10 3.228700000000000728e+04
7.233472869600000000e+10 3.185200000000000728e+04
7.246831940000000000e+10 2.562000000000000000e+04
7.292783356000000000e+10 4.424000000000000000e+04
7.309180676000000000e+10 3.909700000000000000e+04
7.319226904800000000e+10 3.288000000000000000e+04
7.370028236000000000e+10 4.756400000000000000e+04
7.423924904800000000e+10 5.769700000000000000e+04
7.431345429600000000e+10 4.565100000000000000e+04
7.525562234400000000e+10 6.616000000000000000e+04
7.534692853600000000e+10 5.197700000000000000e+04
7.599869690400000000e+10 6.503000000000000000e+04
7.604951317600000000e+10 4.211200000000000000e+04
7.607840455200000000e+10 3.051600000000000728e+04
7.616452860000000000e+10 2.940600000000000000e+04
7.619918092000000000e+10 2.311000000000000000e+04
7.626854178400000000e+10 2.165500000000000000e+04
7.642354796000000000e+10 2.495300000000000728e+04
7.668237271200000000e+10 3.129999999999999272e+04
7.669603455200000000e+10 2.442800000000000000e+04
7.675483266400000000e+10 2.256400000000000000e+04
7.723150949600000000e+10 4.338100000000000000e+04
7.724627503200000000e+10 2.738900000000000000e+04
7.743533957600000000e+10 3.021800000000000000e+04
7.744957237600000000e+10 2.340100000000000728e+04
7.762352711200000000e+10 2.795700000000000000e+04
7.802752935200000000e+10 4.226400000000000000e+04
7.811369677600000000e+10 3.472900000000000000e+04
7.811376178400000000e+10 7.986000000000007276e+03
7.813836335200000000e+10 2.318800000000000000e+04
7.818707906400000000e+10 2.128100000000000000e+04
7.849043362400000000e+10 3.437199999999999272e+04
7.879573096800000000e+10 3.827400000000000000e+04
7.883846160800000000e+10 2.969500000000000728e+04
7.888850653600000000e+10 2.646200000000000000e+04
7.901778548000000000e+10 2.613800000000000000e+04
7.912177439200000000e+10 2.608200000000000000e+04
7.913978292000000000e+10 1.976800000000000000e+04
7.949218264800000000e+10 3.603399999999999272e+04
7.968525047200000000e+10 3.360000000000000000e+04
7.972348490400000000e+10 2.662900000000000000e+04
7.989059656800000000e+10 3.044699999999999272e+04
8.055742216800000000e+10 5.759400000000000000e+04
8.073513552800000000e+10 4.111500000000000000e+04
8.078475296800000000e+10 3.262400000000000728e+04
8.137738650400000000e+10 5.713600000000000000e+04
8.137743344800000000e+10 4.809999999999996362e+03
8.152504471200000000e+10 4.461100000000000000e+04
8.181066380000000000e+10 4.521600000000000000e+04
8.239965584800000000e+10 5.516000000000000000e+04
8.261046032800000000e+10 4.969700000000000000e+04
8.261114984800000000e+10 3.161200000000000000e+04
8.265424980000000000e+10 2.716000000000000000e+04
8.279190052000000000e+10 2.860800000000000728e+04
8.311142410400000000e+10 3.829100000000000000e+04
8.311147439200000000e+10 3.255999999999992724e+03
8.319941954400000000e+10 2.948899999999999272e+04
8.330557412000000000e+10 2.749499999999999272e+04
8.340727674400000000e+10 2.577900000000000000e+04
8.343725812000000000e+10 2.112800000000000000e+04
8.378051127200000000e+10 3.661800000000000000e+04
8.387287732000000000e+10 2.920700000000000000e+04
8.413956530400000000e+10 3.500799999999999272e+04
8.446155231200000000e+10 4.462400000000000000e+04
8.479144112800000000e+10 4.717000000000000000e+04
8.514226215200000000e+10 5.121200000000000000e+04
8.553550800800000000e+10 5.806500000000000000e+04
8.555132829600000000e+10 3.502799999999999272e+04
8.576139447200000000e+10 3.641500000000000000e+04
8.636761554400000000e+10 5.809700000000000000e+04
8.703357461600000000e+10 7.397000000000000000e+04
8.718700197600000000e+10 5.229800000000000000e+04
8.728203972000000000e+10 3.784700000000000000e+04
8.742453135200000000e+10 3.617299999999999272e+04
8.745356341600000000e+10 2.775700000000000000e+04
8.747626847200000000e+10 2.268000000000000000e+04
8.892326394400000000e+10 7.433800000000000000e+04
8.895164277600000000e+10 4.775900000000000000e+04
8.909943082400000000e+10 3.973500000000000000e+04
8.915557432800000000e+10 3.039800000000000000e+04
8.938368135200000000e+10 3.409700000000000000e+04
8.999577557600000000e+10 5.802300000000000000e+04
