# Timestamps in ns,Energies
5.541511120000000000e+08 8.016800000000001455e+04
6.316684880000000000e+08 4.300400000000000000e+04
7.801155600000000000e+08 3.909200000000000000e+04
8.131311440000000000e+08 2.978400000000000000e+04
8.132180240000000000e+08 1.308100000000000364e+04
8.133760400000000000e+08 1.036200000000000000e+04
1.148904440000000000e+09 3.700400000000000000e+04
1.217267304000000000e+09 2.976300000000000000e+04
1.277129704000000000e+09 2.468300000000000000e+04
1.395774328000000000e+09 2.584700000000000728e+04
1.415216200000000000e+09 1.958400000000000000e+04
1.708673720000000000e+09 3.283200000000000728e+04
1.756017400000000000e+09 2.631200000000000000e+04
1.934087608000000000e+09 3.009200000000000000e+04
2.035067384000000000e+09 2.681800000000000728e+04
2.035160456000000000e+09 1.128300000000000728e+04
2.433670888000000000e+09 4.012800000000000000e+04
2.666412184000000000e+09 3.990700000000000000e+04
2.719422456000000000e+09 3.134600000000000000e+04
2.854800376000000000e+09 3.139900000000000000e+04
2.913245624000000000e+09 2.664000000000000000e+04
2.964059000000000000e+09 2.348300000000000000e+04
3.193762280000000000e+09 3.099000000000000000e+04
3.253924616000000000e+09 2.585000000000000000e+04
3.337387352000000000e+09 2.401600000000000000e+04
3.450319368000000000e+09 2.407900000000000000e+04
3.548391832000000000e+09 2.335500000000000000e+04
4.318844664000000000e+09 6.374100000000000000e+04
4.497674344000000000e+09 5.098300000000000000e+04
4.497801144000000000e+09 9.877999999999992724e+03
4.497806680000000000e+09 4.481000000000003638e+03
4.735591720000000000e+09 3.895900000000000000e+04
4.967006072000000000e+09 4.016600000000000000e+04
5.190398936000000000e+09 4.309000000000000000e+04
5.264371608000000000e+09 3.543900000000000000e+04
5.455237624000000000e+09 3.610900000000000728e+04
5.648034104000000000e+09 3.773600000000000000e+04
5.894942360000000000e+09 4.017800000000000000e+04
5.919667832000000000e+09 2.757600000000000000e+04
5.930911080000000000e+09 1.997900000000000000e+04
5.992078584000000000e+09 2.020800000000000000e+04
6.078246888000000000e+09 2.068300000000000000e+04
6.407180056000000000e+09 3.647500000000000000e+04
6.417944296000000000e+09 2.281600000000000000e+04
6.690157512000000000e+09 3.607600000000000000e+04
6.698516056000000000e+09 2.422600000000000000e+04
7.205614968000000000e+09 4.985400000000000000e+04
7.256962952000000000e+09 3.384400000000000728e+04
7.267896424000000000e+09 2.488000000000000000e+04
7.302462376000000000e+09 2.086400000000000000e+04
7.422917768000000000e+09 2.338200000000000000e+04
7.442393592000000000e+09 1.870400000000000000e+04
7.792593880000000000e+09 3.578900000000000000e+04
7.834045304000000000e+09 2.741800000000000000e+04
7.925900888000000000e+09 2.523000000000000000e+04
8.084225848000000000e+09 3.011300000000000000e+04
8.258349608000000000e+09 2.975500000000000000e+04
8.300752216000000000e+09 2.399700000000000000e+04
8.662753496000000000e+09 3.941400000000000000e+04
8.662823384000000000e+09 1.069499999999999272e+04
8.867281400000000000e+09 3.470100000000000728e+04
8.867346472000000000e+09 8.511000000000000000e+03
8.915911432000000000e+09 2.561800000000000000e+04
9.050032552000000000e+09 2.776000000000000000e+04
9.184605784000000000e+09 2.936800000000000000e+04
9.336137848000000000e+09 2.975500000000000000e+04
9.486541560000000000e+09 3.019100000000000000e+04
9.560389160000000000e+09 2.514700000000000728e+04
9.784899464000000000e+09 3.340700000000000000e+04
1.000293773600000000e+10 3.661400000000000000e+04
1.023700749600000000e+10 3.926300000000000000e+04
1.028048684000000000e+10 2.998999999999999272e+04
1.042450746400000000e+10 3.001500000000000000e+04
1.060172748000000000e+10 3.391100000000000000e+04
1.096066959200000000e+10 4.448500000000000000e+04
1.096772431200000000e+10 2.760400000000000000e+04
1.099052671200000000e+10 2.128800000000000000e+04
1.118943178400000000e+10 2.968000000000000000e+04
1.122644588000000000e+10 2.399200000000000000e+04
1.127339669600000000e+10 2.070400000000000000e+04
1.127864612000000000e+10 1.563900000000000728e+04
1.137664708000000000e+10 1.891600000000000000e+04
1.150370159200000000e+10 2.144200000000000000e+04
1.153321378400000000e+10 1.731000000000000728e+04
1.160909287200000000e+10 1.876000000000000000e+04
1.160919488800000000e+10 9.192000000000007276e+03
1.167540956000000000e+10 1.623600000000000728e+04
1.195706650400000000e+10 2.696100000000000000e+04
1.206904669600000000e+10 2.647700000000000000e+04
1.219603455200000000e+10 2.742400000000000000e+04
1.221742453600000000e+10 2.034600000000000000e+04
1.256872613600000000e+10 3.448499999999999272e+04
1.259903100000000000e+10 2.626500000000000728e+04
1.274345407200000000e+10 2.912900000000000000e+04
1.290812152800000000e+10 3.105300000000000728e+04
1.299745716000000000e+10 2.837900000000000000e+04
1.309297800800000000e+10 2.561500000000000000e+04
1.316829061600000000e+10 2.450500000000000000e+04
1.328745685600000000e+10 2.569000000000000000e+04
1.331797503200000000e+10 1.930200000000000000e+04
1.333890965600000000e+10 1.649500000000000000e+04
1.352719482400000000e+10 2.489800000000000000e+04
1.364154375200000000e+10 2.393500000000000000e+04
1.364727751200000000e+10 1.755099999999999636e+04
1.376386122400000000e+10 2.183400000000000728e+04
1.399632949600000000e+10 2.931800000000000000e+04
1.415283301600000000e+10 2.995799999999999272e+04
1.417851336800000000e+10 2.321200000000000000e+04
1.417858261600000000e+10 6.740999999999992724e+03
1.431072800800000000e+10 2.349300000000000000e+04
1.431973268000000000e+10 1.873500000000000728e+04
1.432004180000000000e+10 1.249099999999999272e+04
1.450970428000000000e+10 2.331200000000000728e+04
1.472206711200000000e+10 2.959300000000000000e+04
1.473732708000000000e+10 2.151000000000000000e+04
1.517134512800000000e+10 4.088000000000000000e+04
1.526239709600000000e+10 3.207400000000000000e+04
1.563097007200000000e+10 4.428800000000000000e+04
1.563109712800000000e+10 2.094900000000000000e+04
1.571128114400000000e+10 2.894100000000000000e+04
1.589293698400000000e+10 3.316400000000000000e+04
1.606775109600000000e+10 3.609500000000000000e+04
1.629139204000000000e+10 3.731400000000000000e+04
1.636955456800000000e+10 3.006900000000000000e+04
1.659248517600000000e+10 3.502700000000000000e+04
1.667654959200000000e+10 3.070800000000000000e+04
1.685439124000000000e+10 3.117299999999999272e+04
1.685447655200000000e+10 1.294800000000000728e+04
1.691910140000000000e+10 2.352200000000000000e+04
1.717482191200000000e+10 3.380400000000000728e+04
1.720668064800000000e+10 2.466800000000000000e+04
1.749723589600000000e+10 3.612399999999999272e+04
1.775237488800000000e+10 4.379700000000000000e+04
1.780257632800000000e+10 3.330700000000000000e+04
1.795944186400000000e+10 3.109200000000000000e+04
1.803890920800000000e+10 2.739800000000000000e+04
1.816557903200000000e+10 2.712000000000000000e+04
1.821487429600000000e+10 2.488200000000000000e+04
1.823848567200000000e+10 1.928000000000000000e+04
1.823856117600000000e+10 5.479000000000003638e+03
1.834335584800000000e+10 1.915800000000000000e+04
1.834537389600000000e+10 1.445500000000000364e+04
1.848394100000000000e+10 1.982500000000000000e+04
1.899873688800000000e+10 4.201700000000000000e+04
1.899878680800000000e+10 4.232000000000000000e+03
1.907856082400000000e+10 3.236100000000000000e+04
1.911330706400000000e+10 2.440200000000000000e+04
1.930453520800000000e+10 3.029300000000000728e+04
1.954874072800000000e+10 3.509800000000000000e+04
1.958099405600000000e+10 2.769700000000000000e+04
1.979387431200000000e+10 3.552199999999999272e+04
1.979400498400000000e+10 1.719900000000000364e+04
1.984741864800000000e+10 2.140900000000000000e+04
2.018822600800000000e+10 3.778200000000000000e+04
2.045001872800000000e+10 3.908800000000000000e+04
2.048029136800000000e+10 2.836700000000000728e+04
2.048035509600000000e+10 6.775000000000000000e+03
2.083531504800000000e+10 3.938900000000000000e+04
2.083820693600000000e+10 2.658800000000000000e+04
2.083832856800000000e+10 1.481699999999999636e+04
2.084764644000000000e+10 1.655099999999999636e+04
2.088577175200000000e+10 1.661300000000000000e+04
2.099031012000000000e+10 1.939500000000000000e+04
2.115380471200000000e+10 2.322400000000000000e+04
2.134083580000000000e+10 3.057500000000000000e+04
2.151833600800000000e+10 3.265900000000000000e+04
2.151842535200000000e+10 1.180099999999999272e+04
2.168244576800000000e+10 2.786000000000000000e+04
2.183555868000000000e+10 3.052100000000000000e+04
2.203319810400000000e+10 3.430200000000000000e+04
2.227780941600000000e+10 3.767300000000000000e+04
2.275935548000000000e+10 5.173700000000000000e+04
2.292436626400000000e+10 4.438100000000000000e+04
2.294964700000000000e+10 3.041000000000000000e+04
2.295537748000000000e+10 2.250700000000000000e+04
2.299957789600000000e+10 2.125600000000000000e+04
2.315013935200000000e+10 2.479200000000000000e+04
2.316803420000000000e+10 2.003600000000000000e+04
2.356881634400000000e+10 3.768600000000000000e+04
2.358899903200000000e+10 2.723400000000000000e+04
2.361657511200000000e+10 2.024100000000000000e+04
2.368838648800000000e+10 2.096500000000000000e+04
2.384007128800000000e+10 2.478900000000000000e+04
2.385831874400000000e+10 1.945900000000000000e+04
2.386234428000000000e+10 1.457500000000000728e+04
2.386241421600000000e+10 2.112000000000007276e+03
2.390084340000000000e+10 1.341000000000000000e+04
2.395389965600000000e+10 1.412700000000000728e+04
2.396705405600000000e+10 1.167899999999999272e+04
2.396720055200000000e+10 7.096999999999992724e+03
2.413947516000000000e+10 1.763100000000000728e+04
2.417269660000000000e+10 1.487200000000000000e+04
2.431284114400000000e+10 1.924200000000000728e+04
2.451971445600000000e+10 2.588099999999999272e+04
2.454579175200000000e+10 1.984600000000000728e+04
2.462014844000000000e+10 2.051400000000000000e+04
2.465698420000000000e+10 1.765299999999999272e+04
2.469282504800000000e+10 1.615800000000000364e+04
2.474331117600000000e+10 1.509800000000000000e+04
2.477952524000000000e+10 1.411999999999999272e+04
2.480247596000000000e+10 1.246300000000000728e+04
2.486763853600000000e+10 1.384000000000000000e+04
2.529076871200000000e+10 3.358800000000000000e+04
2.560443719200000000e+10 4.042300000000000000e+04
2.564947301600000000e+10 3.134600000000000000e+04
2.565168120800000000e+10 1.969900000000000000e+04
2.566266373600000000e+10 1.701799999999999636e+04
2.586442543200000000e+10 2.618199999999999272e+04
2.588675628000000000e+10 2.039600000000000000e+04
2.588681791200000000e+10 2.616999999999996362e+03
2.598744733600000000e+10 2.025600000000000000e+04
2.598754088800000000e+10 8.316000000000007276e+03
2.614022949600000000e+10 2.270100000000000000e+04
2.616994682400000000e+10 1.821900000000000000e+04
2.625431786400000000e+10 1.966700000000000000e+04
2.625439276000000000e+10 5.278000000000003638e+03
2.659044344800000000e+10 3.236799999999999272e+04
2.675885869600000000e+10 3.283000000000000728e+04
2.681775564000000000e+10 2.688800000000000000e+04
2.699107074400000000e+10 2.863600000000000000e+04
2.702958202400000000e+10 2.340000000000000000e+04
2.730021612000000000e+10 3.222600000000000000e+04
2.732395732000000000e+10 2.424800000000000000e+04
2.735506663200000000e+10 2.051000000000000000e+04
2.753982520800000000e+10 2.608599999999999272e+04
2.766716376800000000e+10 2.649400000000000000e+04
2.790841868000000000e+10 3.236699999999999272e+04
2.802606357600000000e+10 3.257300000000000000e+04
2.830932279200000000e+10 3.726500000000000000e+04
2.837310528800000000e+10 3.216199999999999272e+04
2.837320231200000000e+10 1.283900000000000728e+04
2.837327391200000000e+10 2.431000000000007276e+03
2.841322719200000000e+10 1.993700000000000000e+04
2.847354789600000000e+10 1.888100000000000728e+04
2.848644872800000000e+10 1.567999999999999636e+04
2.872608440800000000e+10 2.576500000000000000e+04
2.876426652000000000e+10 2.104000000000000000e+04
2.922928119200000000e+10 4.412600000000000000e+04
2.930472100000000000e+10 3.292900000000000000e+04
2.934517084000000000e+10 2.585300000000000000e+04
2.952650532000000000e+10 3.094500000000000000e+04
2.964909668000000000e+10 2.917600000000000000e+04
2.964916872800000000e+10 8.633999999999992724e+03
2.970144802400000000e+10 2.152800000000000000e+04
2.982800205600000000e+10 2.544300000000000000e+04
2.983748604000000000e+10 1.804199999999999636e+04
2.984032604000000000e+10 1.374900000000000364e+04
3.023110834400000000e+10 3.342000000000000000e+04
3.028368290400000000e+10 2.728800000000000000e+04
3.036375116000000000e+10 2.461700000000000000e+04
3.051981944800000000e+10 2.949700000000000000e+04
3.060619080800000000e+10 2.629800000000000000e+04
3.065316100000000000e+10 2.159300000000000000e+04
3.073159437600000000e+10 2.136000000000000000e+04
3.090626895200000000e+10 2.656500000000000000e+04
3.097287340000000000e+10 2.365600000000000000e+04
3.104731119200000000e+10 2.224900000000000000e+04
3.124435484000000000e+10 2.897100000000000000e+04
3.125390573600000000e+10 1.969400000000000000e+04
3.125999285600000000e+10 1.547300000000000728e+04
3.127621268000000000e+10 1.387600000000000364e+04
3.131075488800000000e+10 1.339099999999999636e+04
3.181070029600000000e+10 3.948300000000000000e+04
3.190400413600000000e+10 2.982500000000000728e+04
3.213450741600000000e+10 3.488000000000000000e+04
3.213457327200000000e+10 8.837000000000007276e+03
3.214288930400000000e+10 2.200000000000000000e+04
3.218021303200000000e+10 2.034500000000000000e+04
3.226378117600000000e+10 2.070400000000000000e+04
3.227574967200000000e+10 1.545500000000000000e+04
3.247310296800000000e+10 2.368000000000000000e+04
3.268363092000000000e+10 3.057600000000000000e+04
3.271582586400000000e+10 2.366800000000000728e+04
3.271591247200000000e+10 8.966999999999992724e+03
3.291331253600000000e+10 2.802500000000000000e+04
3.321477680800000000e+10 3.564900000000000728e+04
3.325886562400000000e+10 3.068000000000000000e+04
3.343245148000000000e+10 3.072100000000000000e+04
3.351122904800000000e+10 2.662000000000000728e+04
3.351128469600000000e+10 3.282000000000000000e+03
3.351143176800000000e+10 1.025700000000000728e+04
3.351566412000000000e+10 1.429300000000000728e+04
3.361279653600000000e+10 1.824499999999999272e+04
3.372328440800000000e+10 2.106400000000000000e+04
3.401952181600000000e+10 3.076399999999999272e+04
3.407137628000000000e+10 2.685000000000000000e+04
3.407875778400000000e+10 1.887000000000000000e+04
3.409446173600000000e+10 1.598599999999999636e+04
3.429275730400000000e+10 2.385900000000000000e+04
3.450775255200000000e+10 3.219700000000000000e+04
3.455588852000000000e+10 2.418900000000000000e+04
3.463375842400000000e+10 2.223400000000000000e+04
3.497913512800000000e+10 3.774400000000000000e+04
3.500066079200000000e+10 2.561500000000000000e+04
3.520868167200000000e+10 3.201400000000000000e+04
3.520874872800000000e+10 1.675000000000000000e+03
3.520887556000000000e+10 1.063700000000000728e+04
3.536492888800000000e+10 2.734100000000000000e+04
3.541263844000000000e+10 2.311000000000000000e+04
3.550449192800000000e+10 2.304000000000000000e+04
3.555932932000000000e+10 1.882200000000000000e+04
3.558951592800000000e+10 1.652900000000000364e+04
3.580996704800000000e+10 2.673700000000000000e+04
3.594096596000000000e+10 2.578800000000000000e+04
3.646896264800000000e+10 4.697600000000000000e+04
3.683817712800000000e+10 5.672200000000000000e+04
3.683827533600000000e+10 3.276000000000007276e+03
3.690308805600000000e+10 3.282400000000000000e+04
3.701030780000000000e+10 3.416000000000000000e+04
3.720807103200000000e+10 3.429500000000000000e+04
3.730676068000000000e+10 3.252500000000000728e+04
3.751663956000000000e+10 3.208700000000000000e+04
3.766969780000000000e+10 3.257400000000000728e+04
3.821838112800000000e+10 5.224100000000000000e+04
3.822673524000000000e+10 3.421600000000000000e+04
3.825950069600000000e+10 2.472300000000000000e+04
3.828553106400000000e+10 2.082600000000000000e+04
3.836456189600000000e+10 2.152100000000000728e+04
3.848806671200000000e+10 2.455900000000000000e+04
3.858756178400000000e+10 2.398200000000000000e+04
3.864263940000000000e+10 2.104000000000000000e+04
3.865661935200000000e+10 1.659499999999999272e+04
3.882283682400000000e+10 2.253700000000000000e+04
3.902658140000000000e+10 2.766499999999999272e+04
3.902665565600000000e+10 8.664000000000000000e+03
3.921129608800000000e+10 3.067100000000000000e+04
3.927547796000000000e+10 2.535900000000000000e+04
3.933318634400000000e+10 2.246700000000000000e+04
3.937246125600000000e+10 1.837200000000000000e+04
3.942908852000000000e+10 1.784099999999999636e+04
3.943737021600000000e+10 1.401300000000000728e+04
3.946422744800000000e+10 1.276300000000000364e+04
3.952163815200000000e+10 1.297600000000000364e+04
3.972768004000000000e+10 2.056199999999999272e+04
3.972776428000000000e+10 7.286000000000000000e+03
3.976087378400000000e+10 1.626500000000000728e+04
3.984212516000000000e+10 1.730899999999999272e+04
3.986760711200000000e+10 1.430699999999999636e+04
3.993400880800000000e+10 1.499600000000000728e+04
4.001892290400000000e+10 1.668400000000000728e+04
4.025348533600000000e+10 2.560400000000000000e+04
4.025956845600000000e+10 1.857999999999999272e+04
4.026294202400000000e+10 1.402299999999999636e+04
4.057302205600000000e+10 2.833500000000000000e+04
4.057308540000000000e+10 6.758000000000007276e+03
4.057460319200000000e+10 1.772499999999999636e+04
4.071826020000000000e+10 2.451000000000000000e+04
4.076244733600000000e+10 1.963900000000000000e+04
4.081027247200000000e+10 1.794399999999999272e+04
4.088793544800000000e+10 1.870300000000000000e+04
4.096887594400000000e+10 1.996499999999999272e+04
4.119161060000000000e+10 2.675599999999999272e+04
4.125347956000000000e+10 2.382700000000000000e+04
4.140298773600000000e+10 2.720200000000000000e+04
4.144330252000000000e+10 2.199400000000000000e+04
4.144971312800000000e+10 1.602000000000000000e+04
4.153466743200000000e+10 1.816199999999999636e+04
4.157165568800000000e+10 1.597900000000000000e+04
4.164754357600000000e+10 1.742799999999999636e+04
4.180107884000000000e+10 2.216500000000000000e+04
4.180114237600000000e+10 3.932999999999996362e+03
4.189241752800000000e+10 1.962500000000000000e+04
4.212173930400000000e+10 2.714399999999999272e+04
4.255658359200000000e+10 4.842700000000000000e+04
4.272802264800000000e+10 4.207700000000000000e+04
4.273135092000000000e+10 2.799700000000000000e+04
4.291548200800000000e+10 3.351300000000000000e+04
4.297672522400000000e+10 2.611700000000000000e+04
4.300980348000000000e+10 2.240700000000000000e+04
4.308643751200000000e+10 2.152100000000000000e+04
4.317046044000000000e+10 2.079099999999999272e+04
4.346952935200000000e+10 3.217900000000000728e+04
4.357983684000000000e+10 3.134000000000000000e+04
4.359670471200000000e+10 2.169200000000000000e+04
4.386530928800000000e+10 3.347899999999999272e+04
4.390272677600000000e+10 2.447700000000000728e+04
4.430085628000000000e+10 4.422100000000000000e+04
4.440229186400000000e+10 3.292000000000000728e+04
4.444056215200000000e+10 2.788200000000000000e+04
4.455178487200000000e+10 2.609100000000000000e+04
4.458338858400000000e+10 2.232700000000000000e+04
4.458348044000000000e+10 8.322000000000000000e+03
4.514949152800000000e+10 4.376800000000000000e+04
4.527121732000000000e+10 3.983100000000000000e+04
4.549473653600000000e+10 4.003900000000000000e+04
4.552414261600000000e+10 2.888100000000000000e+04
4.566881108000000000e+10 3.301700000000000000e+04
4.573831960800000000e+10 2.647800000000000000e+04
4.593605045600000000e+10 3.109200000000000000e+04
4.602540061600000000e+10 2.752900000000000000e+04
4.631239300000000000e+10 3.680600000000000000e+04
4.635073672800000000e+10 2.696800000000000000e+04
4.644978578400000000e+10 2.664900000000000000e+04
4.650368669600000000e+10 2.382000000000000000e+04
4.650374375200000000e+10 2.155000000000000000e+03
4.659524684000000000e+10 2.292100000000000000e+04
4.669065589600000000e+10 2.192600000000000000e+04
4.669072348000000000e+10 4.940000000000003638e+03
4.693989112800000000e+10 2.991600000000000000e+04
4.698249610400000000e+10 2.296100000000000000e+04
4.719609919200000000e+10 3.045800000000000000e+04
4.771159618400000000e+10 4.862500000000000000e+04
4.771171794400000000e+10 2.202500000000000728e+04
4.792361922400000000e+10 3.732000000000000000e+04
4.816764402400000000e+10 4.002200000000000000e+04
4.874703146400000000e+10 6.644900000000000000e+04
4.904750149600000000e+10 5.510400000000000000e+04
4.919486741600000000e+10 4.739100000000000000e+04
4.925563300000000000e+10 3.114299999999999272e+04
4.961219434400000000e+10 4.277200000000000000e+04
4.966579204000000000e+10 3.371099999999999272e+04
4.969580746400000000e+10 2.688000000000000000e+04
4.971914178400000000e+10 1.933800000000000000e+04
4.985661303200000000e+10 2.360200000000000000e+04
5.015364136800000000e+10 3.521400000000000000e+04
5.015370458400000000e+10 7.811000000000003638e+03
5.018877970400000000e+10 2.520000000000000000e+04
5.025141492000000000e+10 2.136000000000000000e+04
5.045998466400000000e+10 2.891500000000000000e+04
5.059576810400000000e+10 2.786500000000000000e+04
5.072399757600000000e+10 2.761000000000000000e+04
5.081838098400000000e+10 2.659800000000000728e+04
5.083019868000000000e+10 1.896000000000000000e+04
5.099018506400000000e+10 2.533200000000000000e+04
5.105329904800000000e+10 2.273600000000000000e+04
5.105340514400000000e+10 1.077399999999999272e+04
5.125010474400000000e+10 2.502600000000000728e+04
5.133272488800000000e+10 2.210600000000000000e+04
5.137389898400000000e+10 1.903200000000000000e+04
5.148874197600000000e+10 2.248800000000000000e+04
5.155305850400000000e+10 1.936800000000000000e+04
5.167529775200000000e+10 2.263000000000000000e+04
5.167538055200000000e+10 7.728999999999992724e+03
5.192093506400000000e+10 2.787100000000000000e+04
5.211652410400000000e+10 3.294000000000000728e+04
5.221992853600000000e+10 3.107500000000000000e+04
5.233275020000000000e+10 2.786500000000000000e+04
5.234412800800000000e+10 2.153200000000000728e+04
5.234496565600000000e+10 1.450700000000000728e+04
5.235220172000000000e+10 1.237900000000000728e+04
5.240615916000000000e+10 1.400800000000000364e+04
5.286262280800000000e+10 3.535900000000000000e+04
5.322117007200000000e+10 4.787800000000000000e+04
5.322124973600000000e+10 1.687300000000000728e+04
5.343527196000000000e+10 3.682200000000000000e+04
5.373880797600000000e+10 4.666600000000000000e+04
5.380512466400000000e+10 3.312500000000000728e+04
5.380517714400000000e+10 3.251000000000003638e+03
5.397498552800000000e+10 3.488800000000000000e+04
5.403408818400000000e+10 2.807200000000000000e+04
5.408171208800000000e+10 2.402000000000000000e+04
5.408877605600000000e+10 1.759299999999999636e+04
5.416969740000000000e+10 1.926400000000000000e+04
5.429468711200000000e+10 2.160000000000000000e+04
5.452279375200000000e+10 3.047100000000000000e+04
5.466583328800000000e+10 2.990600000000000000e+04
5.466589964000000000e+10 6.955999999999996362e+03
5.468998196000000000e+10 2.032400000000000000e+04
5.474424008800000000e+10 1.936500000000000000e+04
5.477884714400000000e+10 1.711699999999999636e+04
5.492707807200000000e+10 2.169000000000000000e+04
5.511463655200000000e+10 2.842500000000000000e+04
5.513129477600000000e+10 2.006600000000000000e+04
5.553239840800000000e+10 3.953500000000000000e+04
5.571587775200000000e+10 3.857300000000000000e+04
5.574032872800000000e+10 2.695900000000000000e+04
5.600485885600000000e+10 3.787100000000000000e+04
5.616381338400000000e+10 3.983800000000000000e+04
5.624716648800000000e+10 2.822400000000000000e+04
5.652282925600000000e+10 3.700100000000000000e+04
5.678953773600000000e+10 4.542900000000000000e+04
5.688504095200000000e+10 3.343399999999999272e+04
5.697626111200000000e+10 2.932699999999999272e+04
5.701027604000000000e+10 2.420100000000000000e+04
5.703569085600000000e+10 2.095900000000000000e+04
5.725587168800000000e+10 2.784100000000000000e+04
5.757511511200000000e+10 3.770400000000000000e+04
5.777170501600000000e+10 3.696900000000000000e+04
5.777768047200000000e+10 2.618600000000000000e+04
5.832348776800000000e+10 5.396900000000000000e+04
5.832366919200000000e+10 2.552000000000000000e+04
5.832373892000000000e+10 6.731000000000000000e+03
5.832383644000000000e+10 6.131999999999996362e+03
5.836128964000000000e+10 2.136900000000000000e+04
5.843654224800000000e+10 2.151500000000000000e+04
5.845737944800000000e+10 1.725900000000000000e+04
5.864530813600000000e+10 2.507400000000000000e+04
5.867538413600000000e+10 1.975299999999999272e+04
5.868344026400000000e+10 1.528799999999999636e+04
5.908962352800000000e+10 3.550699999999999272e+04
5.917213076000000000e+10 2.991700000000000728e+04
5.922911826400000000e+10 2.400300000000000000e+04
5.929746176800000000e+10 2.198500000000000000e+04
5.939124292000000000e+10 2.285000000000000000e+04
5.951696007200000000e+10 2.432200000000000000e+04
5.953968426400000000e+10 1.873500000000000000e+04
5.961604944800000000e+10 1.950700000000000728e+04
5.992585639200000000e+10 3.407700000000000728e+04
6.012324487200000000e+10 3.360600000000000000e+04
6.027966292000000000e+10 3.247800000000000000e+04
6.047615362400000000e+10 3.757000000000000000e+04
6.047623338400000000e+10 9.768999999999996362e+03
6.053642780000000000e+10 2.475500000000000000e+04
6.054233692000000000e+10 1.892599999999999272e+04
6.055032060000000000e+10 1.454700000000000728e+04
6.096663242400000000e+10 3.397500000000000000e+04
6.096669568800000000e+10 7.766999999999992724e+03
6.096679351200000000e+10 8.428000000000007276e+03
6.100560959200000000e+10 2.136200000000000000e+04
6.100568640800000000e+10 6.369000000000007276e+03
6.116399272800000000e+10 2.434700000000000000e+04
6.123238738400000000e+10 2.280800000000000000e+04
6.126096767200000000e+10 1.753500000000000728e+04
6.128622322400000000e+10 1.509299999999999636e+04
6.134254300000000000e+10 1.503699999999999272e+04
6.155936381600000000e+10 2.243500000000000000e+04
6.167460034400000000e+10 2.383200000000000000e+04
6.167897804000000000e+10 1.739000000000000000e+04
6.195609820000000000e+10 2.998800000000000000e+04
6.197277797600000000e+10 2.336900000000000000e+04
6.209127296800000000e+10 2.528000000000000000e+04
6.209136325600000000e+10 9.479000000000000000e+03
6.252116112800000000e+10 4.018500000000000000e+04
6.310330087200000000e+10 6.108700000000000000e+04
6.310368658400000000e+10 3.000100000000000000e+04
6.310389293600000000e+10 2.423000000000000000e+04
6.319486074400000000e+10 2.667300000000000000e+04
6.328135405600000000e+10 2.542499999999999272e+04
6.349951712800000000e+10 3.332000000000000728e+04
6.354249788000000000e+10 2.443600000000000000e+04
6.366634440800000000e+10 2.580800000000000000e+04
6.403488352800000000e+10 3.879200000000000000e+04
6.403506400800000000e+10 2.569799999999999272e+04
6.410153519200000000e+10 2.602000000000000000e+04
6.415128496800000000e+10 2.206799999999999272e+04
6.437265796000000000e+10 3.118800000000000728e+04
6.437271312800000000e+10 3.338000000000007276e+03
6.447175380000000000e+10 2.680000000000000000e+04
6.447194396000000000e+10 1.719900000000000000e+04
6.447215935200000000e+10 1.217300000000000000e+04
6.449752815200000000e+10 1.384299999999999272e+04
6.457323560800000000e+10 1.623799999999999636e+04
6.472882712800000000e+10 2.049900000000000000e+04
6.489928727200000000e+10 2.540000000000000000e+04
6.498573092000000000e+10 2.403700000000000000e+04
6.521934839200000000e+10 3.301100000000000000e+04
6.521944661600000000e+10 1.413900000000000728e+04
6.523451196000000000e+10 1.845900000000000000e+04
6.523458871200000000e+10 6.131999999999992724e+03
6.523642644000000000e+10 1.195300000000000000e+04
6.528476674400000000e+10 1.397999999999999636e+04
6.560344077600000000e+10 2.920600000000000000e+04
6.570952224800000000e+10 2.731800000000000000e+04
6.592441423200000000e+10 3.237600000000000000e+04
6.595830103200000000e+10 2.396100000000000000e+04
6.604980504800000000e+10 2.364500000000000728e+04
6.628370437600000000e+10 3.234600000000000000e+04
6.633863698400000000e+10 2.475000000000000000e+04
6.667925114400000000e+10 3.829600000000000000e+04
6.669930178400000000e+10 2.717700000000000000e+04
6.695131023200000000e+10 3.408600000000000000e+04
6.696313394400000000e+10 2.407900000000000000e+04
6.696320184800000000e+10 6.329000000000000000e+03
6.714820925600000000e+10 3.016300000000000728e+04
6.714832237600000000e+10 1.717600000000000728e+04
6.720690679200000000e+10 2.068300000000000000e+04
6.725644621600000000e+10 1.926200000000000000e+04
6.726628925600000000e+10 1.453399999999999272e+04
6.749243356000000000e+10 2.440900000000000000e+04
6.750530037600000000e+10 1.860000000000000000e+04
6.755747152800000000e+10 1.747600000000000364e+04
6.762194210400000000e+10 1.732900000000000000e+04
6.779928636000000000e+10 2.355000000000000000e+04
6.822088788000000000e+10 4.133600000000000000e+04
6.834218111200000000e+10 3.485100000000000000e+04
6.847661445600000000e+10 3.497400000000000000e+04
6.847671797600000000e+10 1.554800000000000000e+04
6.899426223200000000e+10 5.016700000000000000e+04
6.908505229600000000e+10 3.776300000000000000e+04
6.938077893600000000e+10 4.479000000000000000e+04
6.939814482400000000e+10 3.113800000000000000e+04
6.947550364000000000e+10 2.632400000000000000e+04
6.953634420000000000e+10 2.376700000000000000e+04
6.965623820000000000e+10 2.456700000000000000e+04
6.965630304800000000e+10 5.284000000000003638e+03
6.981170204000000000e+10 2.535199999999999272e+04
6.983925258400000000e+10 1.947500000000000000e+04
6.993714020000000000e+10 2.178400000000000000e+04
6.996448812000000000e+10 1.741300000000000728e+04
6.998069730400000000e+10 1.450900000000000728e+04
7.048361792800000000e+10 4.078200000000000000e+04
7.062272072800000000e+10 3.699600000000000000e+04
7.082847620000000000e+10 3.781500000000000000e+04
7.083975476000000000e+10 2.537900000000000000e+04
7.087058484000000000e+10 2.039300000000000728e+04
7.104823906400000000e+10 2.713600000000000000e+04
7.104851295200000000e+10 2.056000000000000000e+04
7.161967986400000000e+10 4.988600000000000000e+04
7.170201663200000000e+10 3.707900000000000000e+04
7.170206978400000000e+10 4.721000000000007276e+03
7.170219048800000000e+10 1.120000000000000728e+04
7.190392188000000000e+10 3.146400000000000000e+04
7.202151023200000000e+10 3.103899999999999272e+04
7.205316045600000000e+10 2.365000000000000000e+04
7.237153972000000000e+10 3.483700000000000000e+04
7.255035172000000000e+10 3.600800000000000728e+04
7.255042008800000000e+10 1.121900000000000000e+04
7.268935484000000000e+10 2.921900000000000000e+04
7.270422556000000000e+10 2.134300000000000000e+04
7.309411266400000000e+10 3.993100000000000000e+04
7.312340295200000000e+10 2.798900000000000000e+04
7.319512220000000000e+10 2.573000000000000000e+04
7.345954640800000000e+10 3.619700000000000000e+04
7.345963186400000000e+10 1.469599999999999636e+04
7.356777621600000000e+10 2.590999999999999272e+04
7.373002501600000000e+10 2.971300000000000000e+04
7.391348500000000000e+10 3.405800000000000000e+04
7.394151344800000000e+10 2.454100000000000000e+04
7.414063408800000000e+10 2.874400000000000000e+04
7.414903063200000000e+10 2.150300000000000000e+04
7.447396000800000000e+10 3.526600000000000000e+04
7.481169392800000000e+10 4.308500000000000000e+04
7.481222072800000000e+10 2.757699999999999272e+04
7.507840373600000000e+10 3.764700000000000000e+04
7.533096207200000000e+10 4.301500000000000000e+04
7.539610794400000000e+10 3.182400000000000000e+04
7.539616836000000000e+10 6.025999999999992724e+03
7.577164672800000000e+10 4.392000000000000000e+04
7.601636860000000000e+10 4.331000000000000000e+04
7.605824104800000000e+10 3.232200000000000000e+04
7.618428765600000000e+10 3.145999999999999272e+04
7.634083845600000000e+10 3.136100000000000000e+04
7.641107672800000000e+10 2.704900000000000000e+04
7.642846524000000000e+10 2.013400000000000000e+04
7.662308080800000000e+10 2.680599999999999272e+04
7.665789642400000000e+10 2.203700000000000000e+04
7.671110583200000000e+10 1.978800000000000000e+04
7.674182328800000000e+10 1.613099999999999636e+04
7.676732581600000000e+10 1.468800000000000000e+04
7.685079797600000000e+10 1.639900000000000728e+04
7.685186028000000000e+10 1.200200000000000728e+04
7.695941047200000000e+10 1.666899999999999272e+04
7.726132837600000000e+10 2.762800000000000000e+04
7.741453802400000000e+10 2.904400000000000000e+04
7.742810036000000000e+10 2.287500000000000000e+04
7.770347064800000000e+10 3.252600000000000000e+04
7.804742311200000000e+10 4.598000000000000000e+04
7.837102664800000000e+10 5.040500000000000000e+04
7.848898584800000000e+10 4.102200000000000000e+04
7.850651295200000000e+10 2.661000000000000000e+04
7.890014432800000000e+10 4.708300000000000000e+04
7.890021380000000000e+10 1.170500000000000364e+04
7.900642672800000000e+10 3.080600000000000728e+04
7.925027074400000000e+10 3.775900000000000000e+04
7.929081594400000000e+10 2.811600000000000000e+04
7.929089013600000000e+10 8.511000000000000000e+03
7.932486116000000000e+10 2.072000000000000000e+04
7.934121304800000000e+10 1.639099999999999636e+04
7.954047719200000000e+10 2.502300000000000000e+04
7.954060202400000000e+10 1.305500000000000000e+04
7.957479450400000000e+10 1.685600000000000000e+04
7.986652325600000000e+10 2.904800000000000000e+04
8.001883799200000000e+10 3.099200000000000000e+04
8.020976725600000000e+10 3.407500000000000000e+04
8.038887412000000000e+10 3.452200000000000000e+04
8.039719191200000000e+10 2.423200000000000728e+04
8.046436117600000000e+10 2.312200000000000000e+04
8.076817690400000000e+10 3.434799999999999272e+04
8.088497085600000000e+10 3.082600000000000000e+04
8.108426104800000000e+10 3.338199999999999272e+04
8.123837120800000000e+10 3.419699999999999272e+04
8.134939453600000000e+10 3.019899999999999272e+04
8.153838695200000000e+10 3.380000000000000000e+04
8.183458284000000000e+10 4.040500000000000000e+04
8.213916964000000000e+10 4.807100000000000000e+04
8.239304117600000000e+10 4.347500000000000000e+04
8.239309855200000000e+10 8.369000000000003638e+03
8.239847421600000000e+10 2.628400000000000000e+04
8.251111064800000000e+10 2.878600000000000000e+04
8.269180292000000000e+10 3.113999999999999272e+04
8.277791138400000000e+10 2.830400000000000000e+04
8.334936866400000000e+10 5.273500000000000000e+04
8.334956141600000000e+10 3.016000000000000728e+04
8.335979300000000000e+10 2.716000000000000000e+04
8.359274276000000000e+10 3.313199999999999272e+04
8.405127544800000000e+10 5.264100000000000000e+04
8.405142647200000000e+10 2.608800000000000000e+04
8.408265924000000000e+10 2.674200000000000000e+04
8.412195021600000000e+10 2.206600000000000000e+04
8.412209117600000000e+10 1.287700000000000728e+04
8.429835501600000000e+10 2.477600000000000000e+04
8.430341575200000000e+10 1.895699999999999272e+04
8.438013645600000000e+10 1.909699999999999272e+04
8.438020682400000000e+10 4.341999999999992724e+03
8.438752274400000000e+10 1.310999999999999272e+04
8.455054642400000000e+10 2.030300000000000728e+04
8.472230130400000000e+10 2.435599999999999272e+04
8.506335912800000000e+10 3.671700000000000000e+04
8.511480168800000000e+10 2.882100000000000000e+04
8.534746338400000000e+10 3.498099999999999272e+04
8.547144740000000000e+10 3.152600000000000728e+04
8.551100352800000000e+10 2.694800000000000000e+04
8.551112188000000000e+10 1.585299999999999272e+04
8.565708250400000000e+10 2.384200000000000000e+04
8.570243199200000000e+10 2.058700000000000000e+04
8.578365183200000000e+10 2.076000000000000000e+04
8.580889392800000000e+10 1.747599999999999272e+04
8.600114901600000000e+10 2.536600000000000000e+04
8.604670559200000000e+10 2.009300000000000000e+04
8.620607087200000000e+10 2.396999999999999272e+04
8.629851621600000000e+10 2.456000000000000000e+04
8.629878588000000000e+10 1.911900000000000000e+04
8.634787357600000000e+10 1.686399999999999636e+04
8.645531780000000000e+10 1.945300000000000728e+04
8.649216612000000000e+10 1.683999999999999636e+04
8.654805661600000000e+10 1.619100000000000364e+04
8.667101506400000000e+10 2.005700000000000000e+04
8.668733148000000000e+10 1.569799999999999272e+04
8.671092631200000000e+10 1.343699999999999636e+04
8.685723244000000000e+10 1.895300000000000728e+04
8.687570693600000000e+10 1.489600000000000728e+04
8.693095764000000000e+10 1.570400000000000364e+04
8.722224719200000000e+10 2.645400000000000000e+04
8.728585660000000000e+10 2.473900000000000000e+04
8.779189106400000000e+10 4.509000000000000000e+04
8.783737549600000000e+10 3.281499999999999272e+04
8.800004136800000000e+10 3.292799999999999272e+04
8.808267522400000000e+10 2.792500000000000000e+04
8.817037928800000000e+10 2.633300000000000000e+04
8.821722346400000000e+10 2.320800000000000000e+04
8.836479432800000000e+10 2.562800000000000000e+04
8.871849080800000000e+10 4.339000000000000000e+04
8.881851751200000000e+10 3.191600000000000728e+04
8.893151088800000000e+10 3.017300000000000000e+04
8.893159852000000000e+10 1.261800000000000728e+04
8.898026440800000000e+10 2.264000000000000000e+04
8.917618658400000000e+10 2.885300000000000000e+04
8.942017485600000000e+10 3.554100000000000000e+04
8.945861170400000000e+10 2.597100000000000000e+04
8.946019268000000000e+10 1.816199999999999272e+04
8.971173460000000000e+10 2.892000000000000728e+04
8.974082239200000000e+10 2.328000000000000000e+04
8.974090039200000000e+10 8.285999999999996362e+03
8.974234021600000000e+10 1.445800000000000000e+04
