# Timestamps in ns,Energies
5.532692560000000000e+08 6.926500000000000000e+04
5.637430800000000000e+08 4.483900000000000000e+04
5.638651440000000000e+08 2.120000000000000000e+04
6.265897680000000000e+08 2.732100000000000000e+04
1.241733640000000000e+09 5.064000000000000000e+04
1.459246056000000000e+09 4.792900000000000000e+04
1.513210424000000000e+09 3.287700000000000000e+04
1.646693576000000000e+09 3.461099999999999272e+04
1.758103224000000000e+09 3.004300000000000000e+04
1.870654168000000000e+09 2.805800000000000728e+04
2.970444456000000000e+09 7.116000000000000000e+04
3.159735880000000000e+09 5.881700000000000000e+04
3.159969224000000000e+09 3.194600000000000000e+04
3.519358600000000000e+09 4.714700000000000000e+04
3.837098344000000000e+09 4.577100000000000000e+04
4.064206920000000000e+09 4.610400000000000000e+04
4.541084840000000000e+09 5.521600000000000000e+04
4.767153976000000000e+09 4.962300000000000000e+04
4.896252808000000000e+09 3.968000000000000000e+04
5.145473704000000000e+09 4.770300000000000000e+04
5.150470840000000000e+09 2.716600000000000000e+04
5.421151480000000000e+09 3.475500000000000728e+04
6.816739000000000000e+09 7.583600000000000000e+04
6.822677240000000000e+09 4.505700000000000000e+04
7.278180984000000000e+09 5.567600000000000000e+04
7.297894568000000000e+09 3.736000000000000000e+04
7.410115144000000000e+09 3.651200000000000000e+04
7.595819784000000000e+09 3.590800000000000000e+04
7.783929624000000000e+09 3.408000000000000000e+04
8.036172184000000000e+09 3.816500000000000000e+04
8.269499736000000000e+09 3.790400000000000000e+04
8.322078520000000000e+09 3.162000000000000728e+04
8.924213928000000000e+09 5.579200000000000000e+04
9.329251032000000000e+09 5.548100000000000000e+04
9.362593112000000000e+09 3.756100000000000000e+04
9.758641992000000000e+09 5.135600000000000000e+04
9.847993656000000000e+09 4.145300000000000000e+04
9.998648696000000000e+09 3.365900000000000728e+04
1.037966194400000000e+10 5.123300000000000000e+04
1.043542888800000000e+10 3.442300000000000000e+04
1.122355308000000000e+10 6.411200000000000000e+04
1.162864429600000000e+10 5.816000000000000000e+04
1.167049221600000000e+10 4.098500000000000000e+04
1.187536316000000000e+10 4.131700000000000000e+04
1.189456612000000000e+10 2.794500000000000000e+04
1.189829021600000000e+10 2.232100000000000000e+04
1.191319813600000000e+10 1.758500000000000728e+04
1.207573928800000000e+10 2.354500000000000000e+04
1.218624130400000000e+10 2.416300000000000000e+04
1.224725788000000000e+10 2.221900000000000000e+04
1.272959767200000000e+10 4.017800000000000000e+04
1.309494376800000000e+10 4.580100000000000000e+04
1.316051298400000000e+10 3.865700000000000000e+04
1.318259564000000000e+10 2.726900000000000000e+04
1.343863584800000000e+10 3.435099999999999272e+04
1.362770165600000000e+10 3.713700000000000000e+04
1.363678589600000000e+10 2.456100000000000000e+04
1.368307164000000000e+10 2.280599999999999272e+04
1.377092719200000000e+10 2.315999999999999272e+04
1.379498271200000000e+10 1.952200000000000000e+04
1.420624384800000000e+10 3.456200000000000000e+04
1.421099506400000000e+10 2.592300000000000000e+04
1.452429712800000000e+10 3.733000000000000000e+04
1.468266972000000000e+10 3.354600000000000000e+04
1.495910943200000000e+10 4.130400000000000000e+04
1.538839829600000000e+10 4.966800000000000000e+04
1.557629709600000000e+10 4.833300000000000000e+04
1.624700423200000000e+10 6.077600000000000000e+04
1.637662511200000000e+10 4.539500000000000000e+04
1.638895552800000000e+10 2.876700000000000000e+04
1.647061565600000000e+10 2.962200000000000000e+04
1.647141544800000000e+10 2.123900000000000000e+04
1.680118688800000000e+10 3.359199999999999272e+04
1.692540477600000000e+10 3.247200000000000000e+04
1.759410487200000000e+10 5.280100000000000000e+04
1.759417101600000000e+10 1.476299999999999636e+04
1.836851730400000000e+10 6.428000000000000000e+04
1.836860332000000000e+10 2.636800000000000000e+04
1.921397020000000000e+10 6.407700000000000000e+04
1.940599853600000000e+10 5.567500000000000000e+04
1.952078109600000000e+10 3.799800000000000000e+04
1.965446328800000000e+10 3.939900000000000000e+04
1.999715477600000000e+10 4.472100000000000000e+04
2.005015490400000000e+10 3.470000000000000000e+04
2.012800591200000000e+10 2.885300000000000728e+04
2.019540061600000000e+10 2.456399999999999272e+04
2.034937394400000000e+10 2.823399999999999272e+04
2.040781026400000000e+10 2.345599999999999272e+04
2.051490882400000000e+10 2.361499999999999272e+04
2.072404220000000000e+10 3.045600000000000000e+04
2.109030388000000000e+10 3.880000000000000000e+04
2.109035516000000000e+10 4.236000000000003638e+03
2.143459690400000000e+10 4.595200000000000000e+04
2.169962324000000000e+10 4.275200000000000000e+04
2.180173824800000000e+10 3.506100000000000000e+04
2.215504378400000000e+10 4.608900000000000000e+04
2.215510536800000000e+10 2.486999999999992724e+03
2.254005863200000000e+10 5.253700000000000000e+04
2.303827002400000000e+10 5.673100000000000000e+04
2.313080415200000000e+10 4.428700000000000000e+04
2.371573031200000000e+10 6.077300000000000000e+04
2.384364332000000000e+10 4.800800000000000000e+04
2.406149183200000000e+10 4.411400000000000000e+04
2.410074730400000000e+10 3.052500000000000000e+04
2.415816652000000000e+10 2.881000000000000000e+04
2.504257541600000000e+10 6.326400000000000000e+04
2.510477920800000000e+10 4.045400000000000000e+04
2.536642106400000000e+10 4.348900000000000000e+04
2.536651839200000000e+10 1.805999999999999636e+04
2.558897359200000000e+10 3.902500000000000000e+04
2.579980052000000000e+10 3.874300000000000000e+04
2.579989077600000000e+10 9.790000000000003638e+03
2.611220368800000000e+10 4.229500000000000000e+04
2.629534250400000000e+10 3.646300000000000000e+04
2.655840944800000000e+10 4.024600000000000000e+04
2.676343250400000000e+10 4.118500000000000000e+04
2.688770031200000000e+10 3.346600000000000000e+04
2.711221479200000000e+10 3.873500000000000000e+04
2.718831103200000000e+10 3.215400000000000000e+04
2.736711636000000000e+10 3.171900000000000000e+04
2.817892221600000000e+10 6.930400000000000000e+04
2.817896525600000000e+10 1.404999999999992724e+03
2.840401789600000000e+10 4.796800000000000000e+04
2.852828930400000000e+10 4.366900000000000000e+04
2.868799991200000000e+10 3.691200000000000000e+04
2.877643996000000000e+10 3.092500000000000000e+04
3.013634826400000000e+10 8.204700000000000000e+04
3.025315730400000000e+10 5.949000000000000000e+04
3.066518560800000000e+10 5.143200000000000000e+04
3.090424908000000000e+10 4.795900000000000000e+04
3.100203277600000000e+10 4.280900000000000000e+04
3.100211607200000000e+10 1.387799999999999636e+04
3.117339948000000000e+10 3.340600000000000000e+04
3.137818351200000000e+10 3.802700000000000000e+04
3.138128338400000000e+10 2.576600000000000000e+04
3.138134154400000000e+10 2.798999999999992724e+03
3.158998437600000000e+10 3.027400000000000728e+04
3.188238856800000000e+10 3.620100000000000000e+04
3.207631324000000000e+10 3.786500000000000000e+04
3.215283245600000000e+10 3.177300000000000000e+04
3.239474855200000000e+10 3.535100000000000000e+04
3.254182829600000000e+10 3.342200000000000728e+04
3.254191837600000000e+10 1.453300000000000364e+04
3.254967351200000000e+10 2.049500000000000000e+04
3.259954452000000000e+10 2.024900000000000000e+04
3.315174687200000000e+10 4.656700000000000000e+04
3.344860136800000000e+10 4.532500000000000000e+04
3.365612213600000000e+10 4.446700000000000000e+04
3.410181949600000000e+10 4.912700000000000000e+04
3.471524708000000000e+10 6.241700000000000000e+04
3.500495839200000000e+10 5.103800000000000000e+04
3.555338874400000000e+10 6.304900000000000000e+04
3.576806612000000000e+10 5.117200000000000000e+04
3.593396029600000000e+10 4.129800000000000000e+04
3.615625149600000000e+10 4.212900000000000000e+04
3.644945983200000000e+10 4.223700000000000000e+04
3.665525028000000000e+10 4.426400000000000000e+04
3.672428191200000000e+10 3.650500000000000000e+04
3.685746351200000000e+10 3.114300000000000000e+04
3.707501498400000000e+10 3.544500000000000000e+04
3.717762397600000000e+10 3.199400000000000000e+04
3.722206880800000000e+10 2.558600000000000000e+04
3.742572162400000000e+10 3.202900000000000000e+04
3.747665074400000000e+10 2.521400000000000000e+04
3.779593623200000000e+10 3.485900000000000728e+04
3.876941264800000000e+10 7.264600000000000000e+04
3.876955592800000000e+10 3.135700000000000000e+04
3.890238781600000000e+10 3.831900000000000000e+04
3.911624354400000000e+10 4.263700000000000000e+04
3.911630762400000000e+10 9.086999999999992724e+03
3.914021280800000000e+10 2.624600000000000000e+04
3.927440535200000000e+10 2.604900000000000000e+04
3.938619656800000000e+10 2.785400000000000728e+04
4.005754770400000000e+10 5.525000000000000000e+04
4.012574804000000000e+10 3.862100000000000000e+04
4.023388848800000000e+10 3.261999999999999272e+04
4.079655180000000000e+10 4.991800000000000000e+04
4.119243500000000000e+10 5.994800000000000000e+04
4.135272820000000000e+10 4.665200000000000000e+04
4.162144604000000000e+10 4.745700000000000000e+04
4.172741719200000000e+10 3.644000000000000000e+04
4.177356527200000000e+10 2.985899999999999272e+04
4.191795674400000000e+10 2.972599999999999272e+04
4.201338796000000000e+10 2.805400000000000000e+04
4.227152268000000000e+10 3.646900000000000000e+04
4.228175549600000000e+10 2.696200000000000728e+04
4.245997258400000000e+10 2.978900000000000000e+04
4.276460111200000000e+10 3.715400000000000000e+04
4.281741762400000000e+10 3.027200000000000728e+04
4.291866940000000000e+10 2.988300000000000728e+04
4.298948127200000000e+10 2.437100000000000000e+04
4.314755172000000000e+10 2.867500000000000000e+04
4.332384488800000000e+10 2.936900000000000000e+04
4.349805708000000000e+10 3.163400000000000728e+04
4.363316104800000000e+10 3.018300000000000000e+04
4.363902788000000000e+10 2.207000000000000000e+04
4.419110752800000000e+10 4.445800000000000000e+04
4.461595501600000000e+10 5.057300000000000000e+04
4.501180098400000000e+10 5.470500000000000000e+04
4.503012108000000000e+10 3.665500000000000000e+04
4.515052525600000000e+10 3.373800000000000000e+04
4.549558738400000000e+10 4.253300000000000000e+04
4.562408015200000000e+10 3.985000000000000000e+04
4.598086325600000000e+10 4.458300000000000000e+04
4.608032557600000000e+10 3.496300000000000000e+04
4.614996418400000000e+10 3.134200000000000000e+04
4.693542901600000000e+10 5.744100000000000000e+04
4.694817994400000000e+10 4.120400000000000000e+04
4.707777255200000000e+10 4.004100000000000000e+04
4.711799261600000000e+10 2.640399999999999272e+04
4.759189828000000000e+10 4.308000000000000000e+04
4.764549160800000000e+10 3.371200000000000000e+04
4.772291912800000000e+10 2.924700000000000000e+04
4.773277610400000000e+10 2.346400000000000000e+04
4.874214090400000000e+10 6.725000000000000000e+04
4.911421567200000000e+10 5.877500000000000000e+04
4.924464920800000000e+10 4.179300000000000000e+04
4.952926304800000000e+10 4.596000000000000000e+04
4.957741604000000000e+10 3.524600000000000000e+04
5.019007314400000000e+10 5.571300000000000000e+04
5.023090783200000000e+10 3.639300000000000000e+04
5.053002237600000000e+10 4.996700000000000000e+04
5.077595831200000000e+10 4.421900000000000000e+04
5.083658700000000000e+10 3.251699999999999272e+04
5.113463344800000000e+10 3.944100000000000000e+04
5.161323530400000000e+10 5.626600000000000000e+04
5.161335028000000000e+10 2.359700000000000000e+04
5.163016765600000000e+10 2.628700000000000000e+04
5.185268228000000000e+10 3.584000000000000000e+04
5.195711325600000000e+10 3.004000000000000000e+04
5.210243074400000000e+10 3.018599999999999272e+04
5.218497716000000000e+10 2.660300000000000000e+04
5.242043741600000000e+10 3.204300000000000000e+04
5.280618084000000000e+10 4.427400000000000000e+04
5.280636173600000000e+10 2.878500000000000000e+04
5.302336564000000000e+10 3.435300000000000000e+04
5.323563583200000000e+10 3.749400000000000000e+04
5.333162608800000000e+10 3.111700000000000000e+04
5.357848028000000000e+10 3.580100000000000000e+04
5.367940591200000000e+10 3.154100000000000000e+04
5.377443632800000000e+10 2.956400000000000000e+04
5.390087028000000000e+10 3.014000000000000000e+04
5.393291674400000000e+10 2.268200000000000000e+04
5.427609879200000000e+10 3.436099999999999272e+04
5.515966388000000000e+10 6.407400000000000000e+04
5.515983541600000000e+10 3.798200000000000000e+04
5.548179864800000000e+10 4.551100000000000000e+04
5.548188879200000000e+10 2.277899999999999272e+04
5.579802636000000000e+10 4.120800000000000000e+04
5.604446175200000000e+10 4.286600000000000000e+04
5.607394445600000000e+10 3.323200000000000000e+04
5.652868188000000000e+10 4.901800000000000000e+04
5.652876088800000000e+10 1.579700000000000728e+04
5.686466116000000000e+10 4.497300000000000000e+04
5.715587501600000000e+10 4.624200000000000000e+04
5.715597928800000000e+10 2.007100000000000000e+04
5.749391690400000000e+10 4.127400000000000000e+04
5.821645317600000000e+10 7.139600000000000000e+04
5.865475877600000000e+10 6.402600000000000000e+04
5.879537472800000000e+10 4.492000000000000000e+04
5.917560756000000000e+10 4.893000000000000000e+04
5.942256188000000000e+10 4.690900000000000000e+04
5.952818322400000000e+10 3.835100000000000000e+04
5.988432221600000000e+10 4.238400000000000000e+04
6.015517541600000000e+10 4.315400000000000000e+04
6.019057714400000000e+10 3.263000000000000000e+04
6.054795543200000000e+10 4.144300000000000000e+04
6.060533832800000000e+10 3.255099999999999272e+04
6.081750068000000000e+10 3.572900000000000000e+04
6.092059154400000000e+10 3.320700000000000728e+04
6.115371164000000000e+10 3.743900000000000000e+04
6.131033810400000000e+10 3.507700000000000000e+04
6.150423156000000000e+10 3.612400000000000000e+04
6.150955181600000000e+10 2.638200000000000000e+04
6.266384082400000000e+10 6.712000000000000000e+04
6.303390424800000000e+10 6.154500000000000000e+04
6.333235535200000000e+10 5.845100000000000000e+04
6.392712933600000000e+10 6.687400000000000000e+04
6.392721536800000000e+10 2.566800000000000000e+04
6.421188980000000000e+10 4.854200000000000000e+04
6.459018437600000000e+10 5.737600000000000000e+04
6.529148052000000000e+10 6.369300000000000000e+04
6.570219199200000000e+10 6.616800000000000000e+04
6.574692848800000000e+10 4.127500000000000000e+04
6.574697520800000000e+10 1.950999999999992724e+03
6.583975754400000000e+10 3.204199999999999272e+04
6.592837260000000000e+10 2.972700000000000728e+04
6.598224944800000000e+10 2.535200000000000000e+04
6.612593354400000000e+10 2.748800000000000000e+04
6.627477389600000000e+10 2.913800000000000000e+04
6.655904684000000000e+10 3.516200000000000000e+04
6.668793880800000000e+10 3.351199999999999272e+04
6.694480944800000000e+10 3.677600000000000000e+04
6.711266426400000000e+10 3.607600000000000000e+04
6.736189293600000000e+10 4.071400000000000000e+04
6.800124904800000000e+10 5.908900000000000000e+04
6.805466962400000000e+10 3.939500000000000000e+04
6.862481503200000000e+10 5.994700000000000000e+04
6.862487717600000000e+10 1.288300000000000000e+04
6.885861828000000000e+10 4.244800000000000000e+04
6.885874018400000000e+10 2.195100000000000000e+04
6.922196426400000000e+10 4.350400000000000000e+04
6.969229703200000000e+10 6.399300000000000000e+04
7.004448408800000000e+10 4.861600000000000000e+04
7.006652728800000000e+10 3.672500000000000000e+04
7.045321303200000000e+10 4.566000000000000000e+04
7.081385512800000000e+10 4.976600000000000000e+04
7.093764740000000000e+10 4.290400000000000000e+04
7.109117370400000000e+10 3.680100000000000000e+04
7.127508074400000000e+10 3.644100000000000000e+04
7.132576514400000000e+10 3.208700000000000000e+04
7.151006930400000000e+10 3.251800000000000000e+04
7.169985408800000000e+10 3.298200000000000000e+04
7.240477583200000000e+10 5.440000000000000000e+04
7.266891810400000000e+10 5.480800000000000000e+04
7.266897040800000000e+10 6.744000000000000000e+03
7.313462511200000000e+10 6.264600000000000000e+04
7.313477176800000000e+10 2.891700000000000000e+04
7.338327485600000000e+10 4.182000000000000000e+04
7.342086226400000000e+10 2.803300000000000000e+04
7.362361114400000000e+10 3.216100000000000000e+04
7.379131034400000000e+10 3.443800000000000000e+04
7.383475578400000000e+10 2.744100000000000000e+04
7.458598034400000000e+10 5.413800000000000000e+04
7.472437519200000000e+10 4.571200000000000000e+04
7.493677772000000000e+10 4.133100000000000000e+04
7.511036575200000000e+10 4.001600000000000000e+04
7.530526085600000000e+10 3.713800000000000000e+04
7.553335826400000000e+10 3.952800000000000000e+04
7.557709207200000000e+10 2.985800000000000728e+04
7.558274895200000000e+10 2.247700000000000000e+04
7.566197589600000000e+10 2.301600000000000000e+04
7.585344348000000000e+10 2.733399999999999272e+04
7.604480751200000000e+10 3.016800000000000000e+04
7.630127344800000000e+10 3.894500000000000000e+04
7.710305328800000000e+10 6.157800000000000000e+04
7.712715322400000000e+10 4.809600000000000000e+04
7.712720253600000000e+10 3.152999999999992724e+03
7.734626133600000000e+10 4.214400000000000000e+04
7.735794749600000000e+10 2.806200000000000000e+04
7.769171959200000000e+10 4.148100000000000000e+04
7.794233277600000000e+10 4.218600000000000000e+04
7.794240663200000000e+10 1.194800000000000000e+04
7.796305047200000000e+10 2.544100000000000000e+04
7.807993735200000000e+10 2.727200000000000000e+04
7.837732050400000000e+10 3.744100000000000000e+04
7.859914370400000000e+10 4.116400000000000000e+04
7.862752447200000000e+10 2.907800000000000728e+04
7.886263709600000000e+10 3.358399999999999272e+04
7.951927500000000000e+10 5.256000000000000000e+04
7.951932544800000000e+10 7.961999999999996362e+03
7.962340125600000000e+10 3.885600000000000000e+04
7.962670629600000000e+10 2.575999999999999272e+04
7.982928664800000000e+10 3.364700000000000728e+04
7.991056768800000000e+10 2.944499999999999272e+04
8.031863024800000000e+10 4.253600000000000000e+04
8.054053543200000000e+10 3.899600000000000000e+04
8.068614036000000000e+10 3.572800000000000000e+04
8.068619088800000000e+10 3.512000000000003638e+03
8.073041735200000000e+10 2.819899999999999272e+04
8.083024564000000000e+10 2.707499999999999272e+04
8.132519764000000000e+10 4.777000000000000000e+04
8.138641996000000000e+10 3.344900000000000000e+04
8.209912175200000000e+10 6.435100000000000000e+04
8.209929543200000000e+10 3.357400000000000000e+04
8.260670066400000000e+10 5.410400000000000000e+04
8.262726260000000000e+10 3.701600000000000000e+04
8.266876696800000000e+10 3.038799999999999272e+04
8.298763146400000000e+10 3.712500000000000000e+04
8.305017789600000000e+10 3.089600000000000000e+04
8.329449871200000000e+10 3.674600000000000000e+04
8.337659328800000000e+10 3.068000000000000000e+04
8.351371378400000000e+10 3.221700000000000000e+04
8.376521516000000000e+10 3.587900000000000728e+04
8.413755437600000000e+10 4.826500000000000000e+04
8.438049476000000000e+10 4.462400000000000000e+04
8.450045685600000000e+10 3.688700000000000000e+04
8.467116844000000000e+10 3.717900000000000000e+04
8.476492335200000000e+10 3.044999999999999272e+04
8.493942295200000000e+10 3.284600000000000000e+04
8.527804636000000000e+10 4.224400000000000000e+04
8.527809802400000000e+10 5.365000000000000000e+03
8.567109933600000000e+10 4.775500000000000000e+04
8.569441149600000000e+10 3.123000000000000000e+04
8.593431453600000000e+10 3.825000000000000000e+04
8.596307548000000000e+10 2.779499999999999272e+04
8.609071696800000000e+10 2.989400000000000000e+04
8.625295586400000000e+10 3.074599999999999272e+04
8.678690016800000000e+10 5.050400000000000000e+04
8.693621981600000000e+10 4.128700000000000000e+04
8.695538532000000000e+10 3.016000000000000000e+04
8.703339652000000000e+10 2.649500000000000728e+04
8.769642688800000000e+10 5.119200000000000000e+04
8.780534962400000000e+10 3.950700000000000000e+04
8.794220148000000000e+10 4.202700000000000000e+04
8.880053914400000000e+10 6.183700000000000000e+04
8.880948682400000000e+10 3.657500000000000000e+04
8.928453556000000000e+10 5.157600000000000000e+04
8.935648844000000000e+10 4.014600000000000000e+04
8.961217559200000000e+10 4.495200000000000000e+04
8.974605703200000000e+10 3.682600000000000000e+04
