# Timestamps in ns,Energies
1.770743440000000000e+08 3.736200000000000000e+04
1.771988880000000000e+08 1.282799999999999636e+04
3.036715440000000000e+08 2.783400000000000000e+04
3.092034000000000000e+08 1.912400000000000000e+04
6.519095920000000000e+08 3.947600000000000000e+04
6.876519120000000000e+08 2.600799999999999272e+04
9.981829840000000000e+08 4.004400000000000000e+04
1.123339800000000000e+09 3.343000000000000000e+04
1.170451976000000000e+09 2.681000000000000000e+04
1.312855368000000000e+09 2.876000000000000000e+04
1.378251912000000000e+09 2.464800000000000000e+04
1.381943416000000000e+09 1.787600000000000728e+04
1.419506024000000000e+09 1.696400000000000364e+04
1.419594392000000000e+09 7.117999999999992724e+03
1.791409576000000000e+09 3.355000000000000728e+04
1.791608168000000000e+09 1.693399999999999272e+04
2.002972456000000000e+09 3.072000000000000000e+04
2.194854792000000000e+09 3.048200000000000728e+04
2.496704408000000000e+09 4.331900000000000000e+04
2.800238184000000000e+09 4.707100000000000000e+04
3.019319256000000000e+09 4.179500000000000000e+04
3.097298312000000000e+09 3.308200000000000728e+04
3.494820472000000000e+09 4.782300000000000000e+04
3.494973832000000000e+09 2.825100000000000000e+04
3.511098008000000000e+09 2.345000000000000000e+04
4.047029768000000000e+09 5.586300000000000000e+04
4.299136104000000000e+09 4.688000000000000000e+04
4.369991336000000000e+09 3.458300000000000000e+04
4.526161544000000000e+09 3.528000000000000000e+04
4.534063112000000000e+09 2.421700000000000000e+04
4.534159848000000000e+09 1.165600000000000728e+04
4.650397064000000000e+09 2.391200000000000000e+04
4.671236056000000000e+09 2.013800000000000000e+04
5.082274136000000000e+09 3.808200000000000000e+04
5.142036520000000000e+09 2.818400000000000000e+04
5.202885976000000000e+09 2.566700000000000000e+04
5.331982184000000000e+09 2.759400000000000000e+04
5.332038488000000000e+09 3.338999999999996362e+03
5.469923688000000000e+09 2.570900000000000000e+04
5.480761176000000000e+09 1.965600000000000000e+04
5.765485400000000000e+09 3.138400000000000000e+04
5.777859768000000000e+09 2.220700000000000000e+04
5.803726616000000000e+09 1.919400000000000000e+04
5.881517992000000000e+09 2.077300000000000000e+04
5.915386024000000000e+09 1.713500000000000728e+04
5.979525528000000000e+09 1.734200000000000364e+04
6.352733608000000000e+09 3.300700000000000000e+04
6.559916568000000000e+09 3.789000000000000000e+04
6.560043048000000000e+09 1.997100000000000000e+04
6.736327992000000000e+09 3.135800000000000000e+04
6.867312360000000000e+09 2.967500000000000000e+04
7.093872328000000000e+09 3.365800000000000000e+04
7.362403240000000000e+09 4.670000000000000000e+04
7.384277368000000000e+09 2.732900000000000000e+04
7.700936424000000000e+09 3.863000000000000000e+04
7.817289912000000000e+09 3.560299999999999272e+04
7.938140968000000000e+09 3.187300000000000000e+04
7.962647128000000000e+09 2.313900000000000000e+04
8.142389496000000000e+09 2.912600000000000728e+04
8.764090232000000000e+09 5.841600000000000000e+04
8.835296600000000000e+09 4.061000000000000000e+04
9.019697864000000000e+09 3.889200000000000000e+04
9.195688168000000000e+09 3.795500000000000000e+04
9.228010424000000000e+09 2.721399999999999272e+04
9.348923208000000000e+09 2.790700000000000000e+04
9.517724664000000000e+09 2.996900000000000000e+04
9.822729032000000000e+09 4.113700000000000000e+04
1.002253618400000000e+10 4.127100000000000000e+04
1.036116684000000000e+10 4.950300000000000000e+04
1.054995154400000000e+10 3.988600000000000000e+04
1.082666754400000000e+10 4.838200000000000000e+04
1.082684416800000000e+10 2.856800000000000000e+04
1.102097364000000000e+10 3.357500000000000000e+04
1.103503544800000000e+10 2.427300000000000000e+04
1.104278890400000000e+10 1.960800000000000000e+04
1.173498743200000000e+10 5.201600000000000000e+04
1.190468756000000000e+10 4.568400000000000000e+04
1.196658986400000000e+10 3.296599999999999272e+04
1.201222498400000000e+10 2.592400000000000000e+04
1.203066719200000000e+10 2.100700000000000000e+04
1.259181453600000000e+10 4.843200000000000000e+04
1.260523180000000000e+10 3.238400000000000000e+04
1.260528332000000000e+10 1.846999999999992724e+03
1.293839933600000000e+10 4.549600000000000000e+04
1.302227884000000000e+10 3.224899999999999272e+04
1.308012096800000000e+10 3.070500000000000000e+04
1.310726266400000000e+10 2.232100000000000000e+04
1.316836861600000000e+10 2.083799999999999272e+04
1.317977765600000000e+10 1.568200000000000728e+04
1.329745194400000000e+10 1.940900000000000000e+04
1.333324116000000000e+10 1.756100000000000364e+04
1.348113861600000000e+10 2.154200000000000000e+04
1.349290282400000000e+10 1.701799999999999636e+04
1.355828970400000000e+10 1.699899999999999636e+04
1.365534517600000000e+10 1.807600000000000000e+04
1.381448906400000000e+10 2.221700000000000000e+04
1.401403540000000000e+10 2.846500000000000000e+04
1.412476063200000000e+10 2.796800000000000000e+04
1.412484077600000000e+10 9.432000000000003638e+03
1.412501672800000000e+10 1.039299999999999636e+04
1.412510423200000000e+10 4.514999999999992724e+03
1.413419608800000000e+10 1.295499999999999272e+04
1.416002132000000000e+10 1.222299999999999636e+04
1.424717517600000000e+10 1.538699999999999636e+04
1.465700834400000000e+10 3.369500000000000000e+04
1.469090488800000000e+10 2.727700000000000000e+04
1.502828637600000000e+10 3.952300000000000000e+04
1.504327836000000000e+10 2.633100000000000000e+04
1.506714223200000000e+10 2.231100000000000000e+04
1.513553605600000000e+10 2.113000000000000000e+04
1.520979223200000000e+10 2.073800000000000000e+04
1.530241332000000000e+10 2.201900000000000000e+04
1.555272759200000000e+10 3.135300000000000000e+04
1.562378831200000000e+10 2.611900000000000000e+04
1.576463840800000000e+10 2.629000000000000000e+04
1.576474946400000000e+10 1.698699999999999636e+04
1.582680237600000000e+10 1.942600000000000728e+04
1.585775053600000000e+10 1.751199999999999272e+04
1.587181823200000000e+10 1.403999999999999636e+04
1.587190820000000000e+10 6.022000000000007276e+03
1.594054247200000000e+10 1.417099999999999272e+04
1.620321554400000000e+10 2.440600000000000000e+04
1.623954234400000000e+10 2.093899999999999272e+04
1.646776407200000000e+10 3.012399999999999272e+04
1.662586933600000000e+10 2.924100000000000000e+04
1.667048940000000000e+10 2.606000000000000000e+04
1.674818095200000000e+10 2.327200000000000000e+04
1.708260396000000000e+10 3.811800000000000000e+04
1.729823455200000000e+10 3.776000000000000000e+04
1.734217319200000000e+10 2.897900000000000000e+04
1.759107276000000000e+10 3.619699999999999272e+04
1.760901242400000000e+10 2.547200000000000000e+04
1.775278594400000000e+10 2.867700000000000000e+04
1.775287072800000000e+10 6.422000000000007276e+03
1.786660252000000000e+10 2.472200000000000000e+04
1.794890717600000000e+10 2.377000000000000000e+04
1.847853964000000000e+10 4.837600000000000000e+04
1.847860752800000000e+10 1.203899999999999636e+04
1.849594608800000000e+10 2.557600000000000000e+04
1.863004276000000000e+10 3.001600000000000000e+04
1.863010172000000000e+10 5.385999999999996362e+03
1.898996162400000000e+10 4.373200000000000000e+04
1.899001504800000000e+10 5.142000000000000000e+03
1.923925120800000000e+10 4.118700000000000000e+04
1.932820125600000000e+10 3.586200000000000000e+04
1.972005010400000000e+10 4.801700000000000000e+04
1.979346735200000000e+10 3.482400000000000000e+04
1.982451511200000000e+10 2.778400000000000000e+04
2.011099031200000000e+10 3.783700000000000000e+04
2.012690639200000000e+10 2.893000000000000728e+04
2.015750559200000000e+10 2.185600000000000000e+04
2.037480850400000000e+10 2.980000000000000000e+04
2.037489591200000000e+10 1.080899999999999636e+04
2.037783498400000000e+10 1.710500000000000728e+04
2.044559197600000000e+10 1.860799999999999272e+04
2.045451594400000000e+10 1.461799999999999272e+04
2.054649271200000000e+10 1.671499999999999272e+04
2.064853788000000000e+10 2.011700000000000000e+04
2.064871957600000000e+10 1.385000000000000728e+04
2.101472632800000000e+10 3.211700000000000728e+04
2.101485663200000000e+10 1.808599999999999272e+04
2.113470335200000000e+10 2.536300000000000000e+04
2.136736780000000000e+10 3.406800000000000000e+04
2.161382183200000000e+10 3.798500000000000000e+04
2.177634615200000000e+10 3.640200000000000000e+04
2.179657412000000000e+10 2.490900000000000000e+04
2.204468524000000000e+10 3.258800000000000000e+04
2.210262983200000000e+10 2.725400000000000000e+04
2.210268644000000000e+10 3.278999999999996362e+03
2.224948418400000000e+10 2.765899999999999272e+04
2.263932389600000000e+10 4.522600000000000000e+04
2.280249840800000000e+10 4.201600000000000000e+04
2.329486980000000000e+10 5.624000000000000000e+04
2.356793976800000000e+10 5.188900000000000000e+04
2.386360426400000000e+10 5.490400000000000000e+04
2.391681426400000000e+10 3.540800000000000000e+04
2.393219076000000000e+10 2.498600000000000000e+04
2.404028656800000000e+10 2.844000000000000000e+04
2.404137298400000000e+10 1.946800000000000728e+04
2.405912832800000000e+10 1.622699999999999272e+04
2.409334780000000000e+10 1.512900000000000364e+04
2.409345588000000000e+10 7.466000000000000000e+03
2.416040450400000000e+10 1.431999999999999272e+04
2.440330586400000000e+10 2.552100000000000728e+04
2.446634930400000000e+10 2.104900000000000000e+04
2.468617650400000000e+10 2.808900000000000000e+04
2.479927495200000000e+10 2.824600000000000000e+04
2.503677909600000000e+10 3.558700000000000000e+04
2.511612074400000000e+10 2.874500000000000000e+04
2.525502029600000000e+10 3.214900000000000000e+04
2.531691029600000000e+10 2.488399999999999272e+04
2.551107948000000000e+10 2.953600000000000000e+04
2.582773868000000000e+10 3.954900000000000000e+04
2.607524156000000000e+10 4.009400000000000000e+04
2.607530300000000000e+10 8.837999999999996362e+03
2.625876528800000000e+10 3.740000000000000000e+04
2.633175672800000000e+10 3.065000000000000000e+04
2.637592724000000000e+10 2.615200000000000728e+04
2.647091559200000000e+10 2.653900000000000000e+04
2.647097972000000000e+10 4.733000000000003638e+03
2.650352908000000000e+10 1.831300000000000000e+04
2.662394842400000000e+10 2.191000000000000000e+04
2.666563965600000000e+10 1.810399999999999636e+04
2.670382791200000000e+10 1.632899999999999272e+04
2.672927509600000000e+10 1.426999999999999636e+04
2.674380420000000000e+10 1.185499999999999272e+04
2.676272733600000000e+10 1.047800000000000364e+04
2.699582093600000000e+10 2.136000000000000000e+04
2.699594333600000000e+10 1.149199999999999272e+04
2.712206093600000000e+10 2.005900000000000728e+04
2.712212013600000000e+10 2.446000000000000000e+03
2.764752514400000000e+10 4.100000000000000000e+04
2.764757968800000000e+10 6.132000000000000000e+03
2.791606183200000000e+10 4.159200000000000000e+04
2.797235786400000000e+10 3.330399999999999272e+04
2.801419272800000000e+10 2.666800000000000000e+04
2.801426269600000000e+10 6.618000000000000000e+03
2.838793463200000000e+10 3.836800000000000000e+04
2.838810341600000000e+10 2.152900000000000728e+04
2.839272184800000000e+10 1.988199999999999272e+04
2.839282106400000000e+10 8.735999999999992724e+03
2.846286853600000000e+10 1.912000000000000000e+04
2.846293228000000000e+10 2.672000000000000000e+03
2.848989244000000000e+10 1.470499999999999272e+04
2.872229845600000000e+10 2.475300000000000000e+04
2.894122242400000000e+10 3.081500000000000000e+04
2.914668146400000000e+10 3.641800000000000000e+04
2.974276181600000000e+10 5.917700000000000000e+04
2.978083448800000000e+10 3.557200000000000000e+04
2.985146418400000000e+10 3.121000000000000000e+04
2.988705221600000000e+10 2.446400000000000000e+04
3.005421884000000000e+10 3.034500000000000000e+04
3.016632922400000000e+10 2.746800000000000000e+04
3.061204042400000000e+10 4.583200000000000000e+04
3.068741125600000000e+10 3.810700000000000000e+04
3.083087988000000000e+10 3.270600000000000000e+04
3.084882954400000000e+10 2.474100000000000000e+04
3.086301237600000000e+10 1.922100000000000000e+04
3.105195384800000000e+10 2.697500000000000000e+04
3.130993948000000000e+10 3.686600000000000000e+04
3.131542917600000000e+10 2.391200000000000728e+04
3.140141010400000000e+10 2.552400000000000000e+04
3.140159080800000000e+10 8.884000000000003638e+03
3.149702536800000000e+10 1.952000000000000728e+04
3.158734893600000000e+10 2.120400000000000000e+04
3.159021020000000000e+10 1.522200000000000728e+04
3.182008508000000000e+10 2.456200000000000000e+04
3.214392173600000000e+10 3.811400000000000000e+04
3.222870775200000000e+10 3.114000000000000000e+04
3.227946898400000000e+10 2.547900000000000000e+04
3.233094023200000000e+10 2.105000000000000000e+04
3.240850671200000000e+10 2.207500000000000000e+04
3.243442013600000000e+10 1.756400000000000364e+04
3.264613565600000000e+10 2.712100000000000000e+04
3.295791165600000000e+10 3.612600000000000728e+04
3.310278789600000000e+10 3.640000000000000000e+04
3.314149668000000000e+10 2.530400000000000000e+04
3.319022538400000000e+10 2.234500000000000000e+04
3.319419813600000000e+10 1.684800000000000000e+04
3.350434031200000000e+10 3.283600000000000000e+04
3.350450205600000000e+10 2.060499999999999272e+04
3.355671392800000000e+10 2.005000000000000000e+04
3.362115141600000000e+10 2.052699999999999272e+04
3.399996061600000000e+10 3.786200000000000000e+04
3.402739965600000000e+10 2.727200000000000000e+04
3.404142781600000000e+10 2.102200000000000728e+04
3.410172388000000000e+10 2.010400000000000000e+04
3.414331551200000000e+10 1.752300000000000000e+04
3.418949429600000000e+10 1.636900000000000728e+04
3.447072664800000000e+10 2.748200000000000728e+04
3.447080672800000000e+10 1.030699999999999272e+04
3.447664981600000000e+10 1.723500000000000728e+04
3.447672535200000000e+10 4.984999999999992724e+03
3.454278429600000000e+10 1.663399999999999272e+04
3.454288048800000000e+10 7.331000000000000000e+03
3.465872992800000000e+10 1.884700000000000000e+04
3.498158962400000000e+10 3.121000000000000000e+04
3.510596930400000000e+10 3.224800000000000000e+04
3.530816717600000000e+10 3.386600000000000000e+04
3.534532645600000000e+10 2.648200000000000000e+04
3.542033837600000000e+10 2.363200000000000000e+04
3.543040122400000000e+10 1.767699999999999636e+04
3.549166783200000000e+10 1.789699999999999272e+04
3.558536901600000000e+10 1.854500000000000000e+04
3.585053309600000000e+10 3.112100000000000000e+04
3.585367418400000000e+10 2.026400000000000000e+04
3.593761826400000000e+10 2.135200000000000000e+04
3.629472812000000000e+10 4.002100000000000000e+04
3.646264124000000000e+10 3.480199999999999272e+04
3.646269920800000000e+10 6.017999999999996362e+03
3.663534408800000000e+10 3.147099999999999272e+04
3.727133586400000000e+10 6.400900000000000000e+04
3.748627501600000000e+10 5.499800000000000000e+04
3.758815973600000000e+10 4.025100000000000000e+04
3.810211943200000000e+10 6.315100000000000000e+04
3.811246044000000000e+10 3.266199999999999272e+04
3.813297676000000000e+10 2.570700000000000000e+04
3.813419237600000000e+10 1.705600000000000364e+04
3.857071333600000000e+10 3.930100000000000000e+04
3.888066458400000000e+10 4.826600000000000000e+04
3.890086760800000000e+10 3.090200000000000000e+04
3.896221237600000000e+10 2.571900000000000000e+04
3.926574832800000000e+10 3.786400000000000000e+04
3.949695240800000000e+10 4.183300000000000000e+04
3.971209988000000000e+10 3.878300000000000000e+04
3.972830911200000000e+10 2.944200000000000000e+04
3.998617200800000000e+10 3.572100000000000728e+04
4.017436789600000000e+10 3.870900000000000000e+04
4.031171877600000000e+10 3.306499999999999272e+04
4.034887864800000000e+10 2.638400000000000000e+04
4.034898282400000000e+10 1.168800000000000364e+04
4.051697976800000000e+10 2.523200000000000000e+04
4.071604279200000000e+10 3.096100000000000000e+04
4.076887896800000000e+10 2.499499999999999272e+04
4.110410644000000000e+10 4.003000000000000000e+04
4.110424957600000000e+10 2.099700000000000000e+04
4.158440124000000000e+10 5.321700000000000000e+04
4.170766648800000000e+10 3.766400000000000000e+04
4.216348354400000000e+10 5.908600000000000000e+04
4.216807527200000000e+10 3.256000000000000000e+04
4.236859493600000000e+10 3.523000000000000000e+04
4.239038394400000000e+10 2.800800000000000000e+04
4.259590524000000000e+10 3.181299999999999272e+04
4.284649514400000000e+10 3.834800000000000000e+04
4.287764884000000000e+10 2.775500000000000000e+04
4.301881224800000000e+10 2.820800000000000728e+04
4.304553509600000000e+10 2.143899999999999272e+04
4.306955671200000000e+10 1.962100000000000000e+04
4.317078744800000000e+10 2.168100000000000000e+04
4.323757751200000000e+10 1.991700000000000000e+04
4.348604508000000000e+10 2.907500000000000000e+04
4.360857008800000000e+10 2.932000000000000000e+04
4.364432970400000000e+10 2.261700000000000000e+04
4.416084940000000000e+10 4.455300000000000000e+04
4.416957503200000000e+10 2.800099999999999272e+04
4.417734455200000000e+10 2.222100000000000000e+04
4.420030656800000000e+10 1.848100000000000728e+04
4.420458093600000000e+10 1.493000000000000000e+04
4.421350119200000000e+10 1.205800000000000364e+04
4.425771544800000000e+10 1.308199999999999272e+04
4.522302216800000000e+10 6.169000000000000000e+04
4.531516095200000000e+10 4.541100000000000000e+04
4.531520839200000000e+10 1.819999999999992724e+03
4.534406620000000000e+10 2.801700000000000000e+04
4.540358575200000000e+10 2.447199999999999272e+04
4.551795973600000000e+10 2.668000000000000000e+04
4.563238661600000000e+10 2.816800000000000000e+04
4.587544922400000000e+10 3.237200000000000000e+04
4.592540724000000000e+10 2.718500000000000000e+04
4.604180460000000000e+10 3.050600000000000000e+04
4.635701959200000000e+10 3.757200000000000000e+04
4.637695477600000000e+10 2.535300000000000000e+04
4.685404719200000000e+10 4.522400000000000000e+04
4.685431108000000000e+10 3.498000000000000000e+04
4.690381664800000000e+10 2.626500000000000000e+04
4.690387212000000000e+10 2.510000000000000000e+03
4.715691903200000000e+10 3.347899999999999272e+04
4.728918458400000000e+10 3.204999999999999272e+04
4.728924242400000000e+10 5.187999999999992724e+03
4.751029216800000000e+10 3.418599999999999272e+04
4.751051213600000000e+10 1.505500000000000364e+04
4.759062588000000000e+10 2.424000000000000000e+04
4.760546520800000000e+10 1.862899999999999272e+04
4.764666394400000000e+10 1.657200000000000000e+04
4.765995295200000000e+10 1.408300000000000000e+04
4.806277890400000000e+10 3.193700000000000000e+04
4.831534304800000000e+10 3.979600000000000000e+04
4.848203119200000000e+10 3.377500000000000000e+04
4.850808980000000000e+10 2.691000000000000000e+04
4.854560404000000000e+10 2.254100000000000000e+04
4.862836826400000000e+10 2.231200000000000728e+04
4.883837919200000000e+10 2.954500000000000000e+04
4.890453229600000000e+10 2.412200000000000000e+04
4.894868562400000000e+10 2.226000000000000000e+04
4.910700149600000000e+10 2.553800000000000000e+04
4.910710340000000000e+10 1.331100000000000728e+04
4.912687727200000000e+10 1.572200000000000364e+04
4.918685648800000000e+10 1.674999999999999272e+04
4.941066669600000000e+10 2.408100000000000000e+04
4.975457725600000000e+10 3.703000000000000000e+04
4.980426316000000000e+10 3.064200000000000000e+04
4.980435103200000000e+10 1.352800000000000364e+04
5.033666528800000000e+10 5.050400000000000000e+04
5.040582776800000000e+10 3.463100000000000000e+04
5.055225237600000000e+10 3.469700000000000728e+04
5.055596368800000000e+10 2.369900000000000728e+04
5.066137578400000000e+10 2.479500000000000000e+04
5.066149168800000000e+10 1.659600000000000728e+04
5.087583284000000000e+10 2.931100000000000000e+04
5.102135648800000000e+10 2.880400000000000000e+04
5.102200823200000000e+10 2.005700000000000000e+04
5.102208880800000000e+10 6.294000000000000000e+03
5.102217973600000000e+10 2.125000000000003638e+03
5.106669191200000000e+10 1.625700000000000364e+04
5.109859044000000000e+10 1.500100000000000000e+04
5.155473671200000000e+10 3.673700000000000000e+04
5.155942301600000000e+10 2.531600000000000000e+04
5.158769820000000000e+10 2.134400000000000000e+04
5.164563503200000000e+10 1.993700000000000728e+04
5.169733445600000000e+10 1.859200000000000000e+04
5.184858378400000000e+10 2.232000000000000000e+04
5.187844807200000000e+10 1.934700000000000000e+04
5.192568514400000000e+10 1.764699999999999272e+04
5.222555389600000000e+10 3.083200000000000000e+04
5.226833805600000000e+10 2.480300000000000728e+04
5.239380360800000000e+10 2.627200000000000000e+04
5.239392744800000000e+10 1.296099999999999272e+04
5.244814672800000000e+10 1.838399999999999272e+04
5.251459927200000000e+10 1.848100000000000000e+04
5.277628408800000000e+10 2.815000000000000000e+04
5.296468095200000000e+10 3.289100000000000000e+04
5.331159415200000000e+10 4.478800000000000000e+04
5.357214960800000000e+10 4.932900000000000000e+04
5.357220258400000000e+10 5.281000000000003638e+03
5.366096612000000000e+10 3.113200000000000000e+04
5.370149268000000000e+10 2.682000000000000000e+04
5.372842095200000000e+10 2.004600000000000728e+04
5.396593634400000000e+10 3.152800000000000000e+04
5.396604834400000000e+10 1.066599999999999272e+04
5.415585653600000000e+10 2.985900000000000000e+04
5.442789365600000000e+10 3.653700000000000000e+04
5.442794581600000000e+10 2.838000000000007276e+03
5.467101402400000000e+10 3.898000000000000000e+04
5.467108712800000000e+10 1.093100000000000364e+04
5.481589096800000000e+10 3.068200000000000000e+04
5.484854349600000000e+10 2.454400000000000000e+04
5.485098044000000000e+10 1.721900000000000364e+04
5.507519616800000000e+10 2.776000000000000000e+04
5.512794432800000000e+10 2.256900000000000000e+04
5.518937359200000000e+10 2.205800000000000000e+04
5.542206272800000000e+10 2.899900000000000000e+04
5.542211613600000000e+10 2.476000000000000000e+03
5.558628744800000000e+10 2.849700000000000000e+04
5.577660207200000000e+10 3.166900000000000000e+04
5.590606375200000000e+10 3.162999999999999272e+04
5.608161824800000000e+10 3.415600000000000000e+04
5.617971658400000000e+10 3.004800000000000000e+04
5.640541575200000000e+10 3.353700000000000000e+04
5.649541292000000000e+10 2.867999999999999272e+04
5.677065207200000000e+10 3.937700000000000000e+04
5.681829272800000000e+10 3.031900000000000000e+04
5.689280759200000000e+10 2.537800000000000000e+04
5.691291274400000000e+10 2.045299999999999272e+04
5.693311842400000000e+10 1.654499999999999272e+04
5.697669250400000000e+10 1.584600000000000728e+04
5.713346229600000000e+10 2.214500000000000000e+04
5.713981861600000000e+10 1.574899999999999636e+04
5.713989047200000000e+10 3.019999999999992724e+03
5.743708583200000000e+10 2.878800000000000000e+04
5.749773554400000000e+10 2.392000000000000000e+04
5.752231175200000000e+10 1.930800000000000000e+04
5.767211511200000000e+10 2.428700000000000000e+04
5.779794328800000000e+10 2.504000000000000000e+04
5.779806560800000000e+10 1.350799999999999272e+04
5.801881461600000000e+10 2.785400000000000000e+04
5.811984140000000000e+10 2.712800000000000000e+04
5.813704688800000000e+10 2.069500000000000000e+04
5.833341469600000000e+10 2.774900000000000000e+04
5.839479024800000000e+10 2.270400000000000000e+04
5.848863954400000000e+10 2.281000000000000000e+04
5.853121084000000000e+10 1.987100000000000000e+04
5.866604540000000000e+10 2.337800000000000000e+04
5.897328168800000000e+10 3.409300000000000000e+04
5.904962578400000000e+10 2.727199999999999272e+04
5.907522244000000000e+10 2.172000000000000000e+04
5.934993042400000000e+10 3.164000000000000000e+04
5.942414588000000000e+10 2.887200000000000728e+04
5.963565864800000000e+10 3.222000000000000728e+04
5.970158959200000000e+10 2.720500000000000000e+04
5.973012485600000000e+10 2.133800000000000000e+04
5.989012818400000000e+10 2.667500000000000000e+04
6.006462039200000000e+10 2.844200000000000000e+04
6.006488591200000000e+10 2.184800000000000000e+04
6.015415852000000000e+10 2.143500000000000000e+04
6.041028042400000000e+10 3.144300000000000000e+04
6.092517420000000000e+10 4.884800000000000000e+04
6.131439685600000000e+10 5.732700000000000000e+04
6.184380445600000000e+10 6.651200000000000000e+04
6.202784772000000000e+10 5.124700000000000000e+04
6.224042533600000000e+10 5.111200000000000000e+04
6.229226288800000000e+10 3.451700000000000000e+04
6.239201581600000000e+10 3.042000000000000000e+04
6.259748306400000000e+10 3.492799999999999272e+04
6.274409216800000000e+10 3.515900000000000000e+04
6.291676396000000000e+10 3.474400000000000000e+04
6.310890716000000000e+10 3.488500000000000000e+04
6.324850156000000000e+10 3.225400000000000000e+04
6.341249189600000000e+10 3.349300000000000000e+04
6.341255202400000000e+10 6.181000000000007276e+03
6.367873652000000000e+10 3.664600000000000000e+04
6.405311604000000000e+10 4.908100000000000000e+04
6.413226196000000000e+10 3.397799999999999272e+04
6.425923319200000000e+10 3.425999999999999272e+04
6.439348450400000000e+10 3.409600000000000000e+04
6.494963399200000000e+10 5.348000000000000000e+04
6.499764341600000000e+10 3.612000000000000000e+04
6.504690842400000000e+10 2.932700000000000000e+04
6.504697853600000000e+10 7.869999999999992724e+03
6.516031343200000000e+10 2.607600000000000000e+04
6.521461133600000000e+10 2.264600000000000000e+04
6.521841951200000000e+10 1.742199999999999636e+04
6.523841871200000000e+10 1.483100000000000364e+04
6.532288032800000000e+10 1.677100000000000728e+04
6.534740045600000000e+10 1.467300000000000364e+04
6.543294354400000000e+10 1.691799999999999636e+04
6.596037330400000000e+10 4.513600000000000000e+04
6.596042407200000000e+10 3.220000000000000000e+03
6.598227660000000000e+10 2.721100000000000000e+04
6.607685781600000000e+10 2.616200000000000000e+04
6.620163079200000000e+10 2.572699999999999272e+04
6.625400936800000000e+10 2.360100000000000728e+04
6.626078381600000000e+10 1.678600000000000000e+04
6.628742277600000000e+10 1.562599999999999636e+04
6.639289228000000000e+10 1.845700000000000000e+04
6.642438026400000000e+10 1.588800000000000364e+04
6.654709346400000000e+10 1.910200000000000000e+04
6.657523423200000000e+10 1.617600000000000728e+04
6.664464258400000000e+10 1.627199999999999636e+04
6.729924725600000000e+10 4.586500000000000000e+04
6.735124116000000000e+10 3.391699999999999272e+04
6.764925048800000000e+10 4.462100000000000000e+04
6.797929416800000000e+10 4.430600000000000000e+04
6.797944090400000000e+10 2.862900000000000728e+04
6.808099572000000000e+10 3.041600000000000000e+04
6.808517741600000000e+10 2.253499999999999272e+04
6.832687882400000000e+10 3.232200000000000000e+04
6.854075432800000000e+10 3.880100000000000000e+04
6.854921951200000000e+10 2.494500000000000000e+04
6.871734346400000000e+10 2.785100000000000000e+04
6.878949328800000000e+10 2.433900000000000000e+04
6.889153508000000000e+10 2.471799999999999272e+04
6.899576274400000000e+10 2.519799999999999272e+04
6.899591759200000000e+10 1.248199999999999636e+04
6.901970732000000000e+10 1.658300000000000000e+04
6.923283847200000000e+10 2.637100000000000000e+04
6.926615773600000000e+10 2.073800000000000000e+04
6.934887290400000000e+10 2.032700000000000000e+04
6.970059250400000000e+10 3.860300000000000000e+04
6.994249901600000000e+10 3.913400000000000000e+04
6.994261320800000000e+10 5.634999999999996362e+03
7.016085202400000000e+10 3.518299999999999272e+04
7.027005178400000000e+10 3.162300000000000728e+04
7.041774485600000000e+10 3.193600000000000000e+04
7.044476098400000000e+10 2.568700000000000000e+04
7.054969004000000000e+10 2.725000000000000000e+04
7.054976224800000000e+10 7.549000000000000000e+03
7.055107421600000000e+10 1.501500000000000728e+04
7.068529266400000000e+10 2.141300000000000000e+04
7.075730456800000000e+10 2.011800000000000000e+04
7.094450116000000000e+10 2.617600000000000000e+04
7.096806279200000000e+10 2.049800000000000000e+04
7.099646132000000000e+10 1.746600000000000364e+04
7.118856847200000000e+10 2.373900000000000000e+04
7.118867572000000000e+10 1.127700000000000000e+04
7.118875932000000000e+10 2.872000000000003638e+03
7.122718810400000000e+10 1.611600000000000364e+04
7.125374576800000000e+10 1.439399999999999636e+04
7.173723434400000000e+10 3.849800000000000000e+04
7.176263143200000000e+10 2.654300000000000000e+04
7.181501639200000000e+10 2.328400000000000000e+04
7.199303759200000000e+10 2.902400000000000000e+04
7.209960484000000000e+10 2.681800000000000000e+04
7.210334668000000000e+10 1.889400000000000728e+04
7.229982503200000000e+10 2.686399999999999272e+04
7.238804288800000000e+10 2.387999999999999272e+04
7.246473028000000000e+10 2.304400000000000000e+04
7.259186520800000000e+10 2.407900000000000000e+04
7.262807032800000000e+10 2.039200000000000000e+04
7.274176301600000000e+10 2.237200000000000000e+04
7.303187884000000000e+10 3.219100000000000000e+04
7.303932874400000000e+10 2.344100000000000000e+04
7.352864922400000000e+10 4.835300000000000000e+04
7.354705308000000000e+10 2.993300000000000728e+04
7.359788509600000000e+10 2.574600000000000000e+04
7.364765261600000000e+10 2.310900000000000728e+04
7.367236146400000000e+10 1.980299999999999272e+04
7.383895060000000000e+10 2.333800000000000000e+04
7.386275277600000000e+10 1.964500000000000000e+04
7.413034522400000000e+10 3.168000000000000000e+04
7.462066116000000000e+10 5.710700000000000000e+04
7.521391450400000000e+10 5.960300000000000000e+04
7.521409103200000000e+10 3.572200000000000728e+04
7.526932216800000000e+10 3.435200000000000000e+04
7.532743064800000000e+10 2.848700000000000000e+04
7.544526037600000000e+10 2.676999999999999272e+04
7.551372191200000000e+10 2.368200000000000000e+04
7.554885482400000000e+10 1.954000000000000000e+04
7.559369383200000000e+10 1.811300000000000728e+04
7.560750420000000000e+10 1.482300000000000000e+04
7.576943588000000000e+10 2.108800000000000000e+04
7.619012272800000000e+10 4.028500000000000000e+04
7.632144378400000000e+10 3.474800000000000000e+04
7.632552816800000000e+10 2.376300000000000000e+04
7.660834386400000000e+10 3.597800000000000000e+04
7.666487772000000000e+10 2.873300000000000000e+04
7.685230564000000000e+10 3.216200000000000000e+04
7.689377837600000000e+10 2.569700000000000000e+04
7.730620597600000000e+10 4.507500000000000000e+04
7.744963452000000000e+10 3.873000000000000000e+04
7.799054316000000000e+10 5.425000000000000000e+04
7.817194802400000000e+10 4.383400000000000000e+04
7.853804288800000000e+10 5.327200000000000000e+04
7.854449410400000000e+10 3.224900000000000000e+04
7.855202764000000000e+10 2.392800000000000000e+04
7.859534004000000000e+10 2.176000000000000000e+04
7.869904981600000000e+10 2.428900000000000000e+04
7.877283967200000000e+10 2.232000000000000000e+04
7.883294101600000000e+10 2.059000000000000000e+04
7.893283223200000000e+10 2.152100000000000000e+04
7.897531925600000000e+10 1.887000000000000000e+04
7.898585084000000000e+10 1.476300000000000728e+04
7.901516580000000000e+10 1.380999999999999636e+04
7.904104832800000000e+10 1.230399999999999636e+04
7.930398346400000000e+10 2.471900000000000000e+04
7.980215087200000000e+10 4.622900000000000000e+04
7.988852685600000000e+10 3.566000000000000000e+04
7.988864087200000000e+10 1.784100000000000364e+04
7.997863684000000000e+10 2.631500000000000000e+04
8.027902765600000000e+10 3.918900000000000000e+04
8.037481933600000000e+10 3.113000000000000000e+04
8.046362204000000000e+10 2.904000000000000000e+04
8.046548271200000000e+10 1.940200000000000000e+04
8.065278400800000000e+10 2.744800000000000000e+04
8.065950357600000000e+10 2.063400000000000728e+04
8.068333741600000000e+10 1.685600000000000364e+04
8.081733525600000000e+10 2.068100000000000000e+04
8.082203015200000000e+10 1.566999999999999272e+04
8.088428554400000000e+10 1.630800000000000000e+04
8.102425405600000000e+10 2.093900000000000000e+04
8.117674205600000000e+10 2.376600000000000000e+04
8.121480784800000000e+10 1.960800000000000000e+04
8.139126447200000000e+10 2.527200000000000000e+04
8.179310463200000000e+10 3.979000000000000000e+04
8.179321324000000000e+10 1.939799999999999272e+04
8.191845314400000000e+10 3.227200000000000000e+04
8.212912258400000000e+10 3.450600000000000728e+04
8.248614532000000000e+10 4.513700000000000000e+04
8.289754476000000000e+10 5.368200000000000000e+04
8.328204701600000000e+10 5.509800000000000000e+04
8.328214285600000000e+10 2.268300000000000000e+04
8.333302415200000000e+10 3.035799999999999272e+04
8.336855064800000000e+10 2.552000000000000000e+04
8.361052872800000000e+10 3.333500000000000000e+04
8.362177287200000000e+10 2.350400000000000000e+04
8.373227354400000000e+10 2.616800000000000000e+04
8.396940240800000000e+10 3.131700000000000728e+04
8.396946416800000000e+10 7.524000000000007276e+03
8.403456884000000000e+10 2.569000000000000000e+04
8.403462394400000000e+10 2.209000000000003638e+03
8.422476512800000000e+10 2.992000000000000000e+04
8.427107012000000000e+10 2.271799999999999272e+04
8.430184855200000000e+10 1.948300000000000000e+04
8.439585045600000000e+10 2.128700000000000000e+04
8.450129596000000000e+10 2.263100000000000000e+04
8.470218373600000000e+10 2.714600000000000000e+04
8.478383392800000000e+10 2.538999999999999272e+04
8.500545015200000000e+10 3.147900000000000000e+04
8.548178511200000000e+10 4.812800000000000000e+04
8.602901610400000000e+10 6.260900000000000000e+04
8.609300396000000000e+10 4.164600000000000000e+04
8.609890848800000000e+10 2.680300000000000000e+04
8.609897650400000000e+10 6.795000000000000000e+03
8.609908730400000000e+10 6.904000000000003638e+03
8.609916804000000000e+10 2.574999999999996362e+03
8.611770103200000000e+10 1.588000000000000728e+04
8.619022576800000000e+10 1.806400000000000364e+04
8.649796679200000000e+10 2.960100000000000000e+04
8.649804858400000000e+10 1.121500000000000728e+04
8.652658316000000000e+10 2.238999999999999272e+04
8.662396280800000000e+10 2.326500000000000000e+04
8.669451656800000000e+10 2.134400000000000728e+04
8.675216396000000000e+10 1.898900000000000000e+04
8.682760012000000000e+10 1.906600000000000000e+04
8.693168704800000000e+10 2.145900000000000728e+04
8.726489122400000000e+10 3.288700000000000000e+04
8.729250156000000000e+10 2.615100000000000000e+04
8.778279749600000000e+10 4.997500000000000000e+04
8.788747194400000000e+10 3.686300000000000000e+04
8.799047132000000000e+10 3.134300000000000000e+04
8.832078509600000000e+10 4.044000000000000000e+04
8.848179015200000000e+10 4.183000000000000000e+04
8.862007714400000000e+10 3.300500000000000000e+04
8.881711405600000000e+10 3.989400000000000000e+04
8.881716284000000000e+10 2.051000000000000000e+03
8.911152149600000000e+10 3.912200000000000000e+04
8.911383989600000000e+10 2.641700000000000000e+04
8.917560236000000000e+10 2.445999999999999272e+04
8.922370762400000000e+10 2.173400000000000000e+04
8.931728330400000000e+10 2.175800000000000000e+04
8.956376703200000000e+10 3.016500000000000000e+04
8.969895074400000000e+10 2.952600000000000728e+04
8.982466380000000000e+10 2.930200000000000000e+04
