# Timestamps in ns,Energies
4.257287920000000000e+08 5.058300000000000000e+04
5.254058640000000000e+08 3.999700000000000000e+04
6.064812080000000000e+08 3.632200000000000000e+04
6.917279920000000000e+08 2.880500000000000000e+04
6.918029360000000000e+08 8.986999999999992724e+03
9.069266960000000000e+08 2.988300000000000000e+04
9.094984240000000000e+08 2.256200000000000728e+04
1.065977752000000000e+09 2.636599999999999272e+04
1.245793176000000000e+09 3.039600000000000000e+04
1.864547656000000000e+09 5.695800000000000000e+04
2.462262264000000000e+09 6.478000000000000000e+04
3.730623768000000000e+09 8.286400000000000000e+04
4.405965560000000000e+09 8.094100000000000000e+04
4.406017848000000000e+09 1.068899999999999636e+04
4.419295720000000000e+09 3.720800000000000000e+04
4.489985624000000000e+09 3.285600000000000000e+04
4.505904392000000000e+09 2.597600000000000000e+04
4.796847448000000000e+09 3.887500000000000000e+04
5.171496360000000000e+09 4.568600000000000000e+04
5.217220776000000000e+09 3.335700000000000000e+04
5.457866312000000000e+09 4.082000000000000000e+04
5.507228920000000000e+09 3.054900000000000000e+04
5.957296504000000000e+09 5.016800000000000000e+04
6.181745032000000000e+09 4.618200000000000000e+04
6.181816216000000000e+09 1.255400000000000364e+04
6.293760504000000000e+09 3.242300000000000728e+04
6.293839928000000000e+09 1.104399999999999636e+04
6.459176056000000000e+09 3.033700000000000000e+04
6.562810680000000000e+09 2.835300000000000000e+04
7.019565768000000000e+09 4.667700000000000000e+04
7.535322920000000000e+09 5.809600000000000000e+04
7.783822808000000000e+09 4.905400000000000000e+04
8.176154488000000000e+09 5.992900000000000000e+04
8.328095096000000000e+09 4.072200000000000000e+04
8.337517368000000000e+09 2.865000000000000000e+04
8.438510776000000000e+09 3.052600000000000000e+04
9.148536056000000000e+09 6.208400000000000000e+04
1.030169895200000000e+10 7.967300000000000000e+04
1.054843527200000000e+10 5.996300000000000000e+04
1.066701380000000000e+10 4.755100000000000000e+04
1.066719767200000000e+10 2.957100000000000728e+04
1.109684320800000000e+10 4.969600000000000000e+04
1.152096133600000000e+10 5.455400000000000000e+04
1.152102956000000000e+10 1.501399999999999636e+04
1.208856783200000000e+10 5.709800000000000000e+04
1.267443804000000000e+10 7.331900000000000000e+04
1.385803477600000000e+10 9.972700000000000000e+04
1.385808309600000000e+10 8.536000000000003638e+03
1.385814933600000000e+10 1.096400000000000000e+04
1.400894618400000000e+10 4.758700000000000000e+04
1.406410140000000000e+10 3.682200000000000000e+04
1.417686684000000000e+10 3.033200000000000000e+04
1.442129836000000000e+10 3.836000000000000000e+04
1.442140202400000000e+10 1.708299999999999636e+04
1.443910317600000000e+10 2.198700000000000000e+04
1.463766500000000000e+10 2.792000000000000000e+04
1.482877658400000000e+10 3.164300000000000000e+04
1.502109424800000000e+10 3.524599999999999272e+04
1.505514650400000000e+10 2.711200000000000728e+04
1.524060359200000000e+10 3.067699999999999272e+04
1.548176053600000000e+10 3.721500000000000000e+04
1.594420066400000000e+10 5.060800000000000000e+04
1.603242232800000000e+10 3.829700000000000000e+04
1.671959192800000000e+10 6.190400000000000000e+04
1.708513671200000000e+10 5.420800000000000000e+04
1.731533885600000000e+10 5.140800000000000000e+04
1.838680682400000000e+10 8.947100000000002910e+04
1.892699437600000000e+10 7.426500000000000000e+04
1.984020951200000000e+10 7.535500000000000000e+04
2.030724220000000000e+10 6.900100000000000000e+04
2.057785668000000000e+10 5.715200000000000000e+04
2.112403442400000000e+10 6.150600000000000000e+04
2.112409183200000000e+10 1.212799999999999272e+04
2.138073376800000000e+10 5.390300000000000000e+04
2.146572751200000000e+10 3.753400000000000000e+04
2.164803792800000000e+10 3.660800000000000000e+04
2.236807439200000000e+10 6.534400000000000000e+04
2.236815472800000000e+10 2.128300000000000000e+04
2.322604236000000000e+10 7.326500000000000000e+04
2.322611215200000000e+10 1.979600000000000000e+04
2.322618333600000000e+10 1.018500000000000364e+04
2.327457448800000000e+10 3.169000000000000000e+04
2.350950973600000000e+10 3.879100000000000000e+04
2.421721845600000000e+10 6.623400000000000000e+04
2.429146476000000000e+10 4.012200000000000000e+04
2.452204815200000000e+10 4.369700000000000000e+04
2.538446509600000000e+10 7.534499999999998545e+04
2.546734432800000000e+10 4.826600000000000000e+04
2.587301596000000000e+10 5.087800000000000000e+04
2.589374386400000000e+10 3.707600000000000000e+04
2.613332940000000000e+10 4.215300000000000000e+04
2.613340436000000000e+10 1.296899999999999272e+04
2.656873943200000000e+10 4.824900000000000000e+04
2.656881164000000000e+10 1.535699999999999636e+04
2.656887416800000000e+10 2.572000000000007276e+03
2.666550194400000000e+10 2.988500000000000000e+04
2.701620468000000000e+10 4.370000000000000000e+04
2.701625421600000000e+10 2.181000000000003638e+03
2.740249788000000000e+10 4.967000000000000000e+04
2.740258308000000000e+10 2.215300000000000728e+04
2.813819642400000000e+10 6.904200000000000000e+04
2.813824767200000000e+10 9.124000000000003638e+03
2.813831388000000000e+10 6.930000000000000000e+03
2.834326226400000000e+10 4.280800000000000000e+04
2.891625175200000000e+10 5.615400000000000000e+04
2.891640196000000000e+10 3.273700000000000000e+04
2.940066444000000000e+10 5.720800000000000000e+04
2.941133240800000000e+10 3.886500000000000000e+04
2.960907882400000000e+10 3.930000000000000000e+04
2.975268215200000000e+10 3.411800000000000000e+04
3.031781551200000000e+10 5.283400000000000000e+04
3.046343730400000000e+10 4.369300000000000000e+04
3.046353756000000000e+10 1.844199999999999272e+04
3.058681880800000000e+10 3.484000000000000000e+04
3.093335698400000000e+10 4.318600000000000000e+04
3.095608962400000000e+10 2.959200000000000728e+04
3.107919116000000000e+10 3.036300000000000000e+04
3.107929357600000000e+10 1.347399999999999636e+04
3.131743837600000000e+10 3.404900000000000000e+04
3.156091424800000000e+10 3.724800000000000000e+04
3.160227407200000000e+10 2.922500000000000000e+04
3.169167472800000000e+10 2.853099999999999272e+04
3.210483780000000000e+10 4.219900000000000000e+04
3.213863696800000000e+10 3.233300000000000728e+04
3.266260832800000000e+10 5.884600000000000000e+04
3.266271226400000000e+10 2.256300000000000000e+04
3.301228767200000000e+10 4.777100000000000000e+04
3.307141220000000000e+10 3.443900000000000000e+04
3.352935336800000000e+10 5.239200000000000000e+04
3.358799029600000000e+10 3.603300000000000000e+04
3.363637420000000000e+10 2.832600000000000000e+04
3.378592527200000000e+10 2.964400000000000000e+04
3.403265373600000000e+10 3.681300000000000000e+04
3.435575272800000000e+10 4.349000000000000000e+04
3.467521456800000000e+10 4.902700000000000000e+04
3.479871268000000000e+10 3.868200000000000000e+04
3.479880074400000000e+10 1.560800000000000364e+04
3.482164647200000000e+10 2.307200000000000000e+04
3.493931983200000000e+10 2.421500000000000000e+04
3.521455583200000000e+10 3.360400000000000000e+04
3.562034564000000000e+10 4.516600000000000000e+04
3.602890159200000000e+10 6.029300000000000000e+04
3.616300509600000000e+10 4.674700000000000000e+04
3.636030952800000000e+10 4.016600000000000000e+04
3.747038488800000000e+10 8.883200000000000000e+04
3.805965567200000000e+10 7.763499999999998545e+04
3.805972895200000000e+10 2.046500000000000000e+04
3.813551572000000000e+10 4.135000000000000000e+04
3.820392357600000000e+10 3.330200000000000000e+04
3.827298909600000000e+10 2.878399999999999272e+04
3.830432405600000000e+10 2.155500000000000000e+04
3.831187973600000000e+10 1.653700000000000728e+04
3.845458839200000000e+10 2.218700000000000000e+04
3.867413370400000000e+10 2.901299999999999272e+04
3.928074570400000000e+10 5.607300000000000000e+04
3.928085000800000000e+10 2.620500000000000000e+04
3.964134154400000000e+10 4.854100000000000000e+04
4.001731762400000000e+10 5.443500000000000000e+04
4.022943904800000000e+10 4.641600000000000000e+04
4.073105991200000000e+10 5.898400000000000000e+04
4.106575152800000000e+10 5.488500000000000000e+04
4.108889010400000000e+10 3.734600000000000000e+04
4.115116143200000000e+10 2.925600000000000000e+04
4.116715818400000000e+10 2.216900000000000000e+04
4.145375620000000000e+10 3.597600000000000728e+04
4.219296840800000000e+10 6.156500000000000000e+04
4.273628458400000000e+10 6.312900000000000000e+04
4.273637860000000000e+10 2.493100000000000000e+04
4.311443349600000000e+10 5.332200000000000000e+04
4.344721829600000000e+10 5.141600000000000000e+04
4.364791520800000000e+10 4.406400000000000000e+04
4.364802157600000000e+10 2.138599999999999272e+04
4.385944263200000000e+10 3.791300000000000000e+04
4.459262106400000000e+10 6.603200000000000000e+04
4.466814740000000000e+10 4.216100000000000000e+04
4.479701328800000000e+10 3.787800000000000000e+04
4.580138044000000000e+10 7.679400000000000000e+04
4.583484711200000000e+10 4.093900000000000000e+04
4.583494960800000000e+10 2.126699999999999272e+04
4.601860312800000000e+10 3.976300000000000000e+04
4.601865701600000000e+10 4.876000000000000000e+03
4.667518319200000000e+10 6.221600000000000000e+04
4.671128020000000000e+10 4.466100000000000000e+04
4.682896146400000000e+10 3.360000000000000000e+04
4.753262653600000000e+10 6.253900000000000000e+04
4.792754981600000000e+10 5.819400000000000000e+04
4.823218837600000000e+10 5.504800000000000000e+04
4.823231109600000000e+10 2.762300000000000000e+04
4.823238516000000000e+10 7.957999999999996362e+03
4.831808895200000000e+10 3.014299999999999272e+04
4.876158368800000000e+10 4.687300000000000000e+04
4.973988514400000000e+10 8.324000000000000000e+04
4.973996874400000000e+10 2.590900000000000000e+04
5.033621648800000000e+10 6.439200000000000000e+04
5.051202773600000000e+10 4.894500000000000000e+04
5.058131927200000000e+10 3.589600000000000000e+04
5.072084485600000000e+10 3.766500000000000000e+04
5.082009335200000000e+10 3.247399999999999272e+04
5.083025063200000000e+10 2.262100000000000000e+04
5.106907548000000000e+10 3.370699999999999272e+04
5.114171024800000000e+10 2.795000000000000000e+04
5.126499648800000000e+10 2.850300000000000000e+04
5.135150151200000000e+10 2.557900000000000000e+04
5.135158360800000000e+10 9.113000000000003638e+03
5.179159255200000000e+10 4.089000000000000000e+04
5.182752055200000000e+10 2.939800000000000000e+04
5.198792216800000000e+10 3.539300000000000000e+04
5.198802399200000000e+10 1.579400000000000728e+04
5.198812309600000000e+10 4.984999999999996362e+03
5.234180900000000000e+10 3.579899999999999272e+04
5.234995892000000000e+10 2.480000000000000000e+04
5.270325620000000000e+10 3.893300000000000000e+04
5.271798466400000000e+10 2.793500000000000000e+04
5.333942240800000000e+10 5.256900000000000000e+04
5.419556108000000000e+10 7.669900000000000000e+04
5.419922860000000000e+10 3.853600000000000000e+04
5.419928274400000000e+10 4.699999999999992724e+03
5.419935648800000000e+10 4.490999999999996362e+03
5.442404191200000000e+10 3.905700000000000000e+04
5.506378964000000000e+10 6.777400000000000000e+04
5.506806285600000000e+10 3.486600000000000728e+04
5.517143900000000000e+10 3.529400000000000728e+04
5.517149242400000000e+10 4.134000000000003638e+03
5.521167338400000000e+10 2.559100000000000000e+04
5.544099130400000000e+10 3.307100000000000000e+04
5.558243448800000000e+10 3.150700000000000000e+04
5.576718757600000000e+10 3.592899999999999272e+04
5.586498079200000000e+10 2.990600000000000000e+04
5.649773066400000000e+10 5.312800000000000000e+04
5.743849620000000000e+10 7.980200000000000000e+04
5.755221911200000000e+10 4.944200000000000000e+04
5.761849800800000000e+10 4.044400000000000000e+04
5.806016612000000000e+10 5.252000000000000000e+04
5.817324567200000000e+10 4.177600000000000000e+04
5.856753277600000000e+10 5.028800000000000000e+04
5.918904808800000000e+10 6.757700000000000000e+04
5.925017375200000000e+10 4.692900000000000000e+04
5.930881103200000000e+10 3.311800000000000728e+04
5.930888628000000000e+10 1.026100000000000000e+04
5.953589221600000000e+10 3.439899999999999272e+04
5.971661842400000000e+10 3.526200000000000000e+04
5.989118234400000000e+10 3.475600000000000000e+04
5.990911988000000000e+10 2.622900000000000000e+04
6.065368327200000000e+10 5.952300000000000000e+04
6.097338338400000000e+10 5.404000000000000000e+04
6.128016252000000000e+10 5.907700000000000000e+04
6.211232530400000000e+10 7.666700000000000000e+04
6.212140932000000000e+10 4.462500000000000000e+04
6.227560375200000000e+10 4.042300000000000000e+04
6.227766396000000000e+10 2.558300000000000000e+04
6.234987064800000000e+10 2.597800000000000000e+04
6.262853144800000000e+10 3.364200000000000000e+04
6.280980972000000000e+10 3.617799999999999272e+04
6.286897272800000000e+10 2.802200000000000000e+04
6.349645615200000000e+10 5.368900000000000000e+04
6.391505485600000000e+10 5.475200000000000000e+04
6.392547874400000000e+10 3.730500000000000000e+04
6.443395687200000000e+10 5.555200000000000000e+04
6.452123311200000000e+10 4.267800000000000000e+04
6.465518082400000000e+10 3.734600000000000000e+04
6.600395968800000000e+10 9.449000000000001455e+04
6.611834903200000000e+10 5.301700000000000000e+04
6.611841832800000000e+10 1.659699999999999272e+04
6.679027885600000000e+10 6.880000000000000000e+04
6.801695082400000000e+10 8.837800000000000000e+04
6.801701575200000000e+10 2.305300000000000000e+04
6.801707492000000000e+10 5.703000000000000000e+03
6.809276770400000000e+10 4.451100000000000000e+04
6.840111338400000000e+10 4.580200000000000000e+04
6.840123764000000000e+10 2.908800000000000000e+04
6.930908916000000000e+10 7.198800000000000000e+04
6.942629180000000000e+10 4.884800000000000000e+04
6.980902900000000000e+10 6.000300000000000000e+04
6.980913946400000000e+10 2.808699999999999272e+04
6.980920655200000000e+10 6.791999999999992724e+03
7.063919591200000000e+10 7.020900000000000000e+04
7.098228957600000000e+10 6.547100000000000000e+04
7.111050140000000000e+10 4.231500000000000000e+04
7.130349370400000000e+10 4.102600000000000000e+04
7.131065130400000000e+10 3.000100000000000000e+04
7.131074428000000000e+10 1.195300000000000364e+04
7.178075501600000000e+10 4.522400000000000000e+04
7.200636688800000000e+10 4.417400000000000000e+04
7.204520832800000000e+10 3.194300000000000728e+04
7.222836304800000000e+10 3.387900000000000000e+04
7.229213708000000000e+10 2.873499999999999272e+04
7.245899026400000000e+10 3.016999999999999272e+04
7.245907077600000000e+10 1.056100000000000728e+04
7.303833996000000000e+10 5.659500000000000000e+04
7.322400048800000000e+10 4.146500000000000000e+04
7.342350509600000000e+10 4.404800000000000000e+04
7.344048103200000000e+10 2.824600000000000000e+04
7.365346224800000000e+10 3.521500000000000000e+04
7.376211680800000000e+10 3.131699999999999272e+04
7.414296239200000000e+10 4.523300000000000000e+04
7.450540192800000000e+10 4.794400000000000000e+04
7.546430525600000000e+10 7.692800000000000000e+04
7.588163880800000000e+10 6.657100000000000000e+04
7.595529845600000000e+10 4.093400000000000000e+04
7.644727592800000000e+10 6.278400000000000000e+04
7.644732421600000000e+10 5.583999999999996362e+03
7.646706549600000000e+10 3.440400000000000000e+04
7.647371530400000000e+10 2.288500000000000000e+04
7.647591741600000000e+10 1.704100000000000728e+04
7.659054268000000000e+10 2.289100000000000000e+04
7.700921999200000000e+10 4.133400000000000000e+04
7.700932480800000000e+10 1.935600000000000000e+04
7.707715487200000000e+10 2.696500000000000000e+04
7.707723999200000000e+10 1.070800000000000728e+04
7.716070189600000000e+10 2.331600000000000000e+04
7.761218549600000000e+10 4.116000000000000000e+04
7.772688663200000000e+10 3.664500000000000000e+04
7.829652052000000000e+10 5.832000000000000000e+04
7.855842173600000000e+10 5.548400000000000000e+04
7.863163061600000000e+10 3.589400000000000000e+04
7.863172327200000000e+10 1.019400000000000728e+04
7.890818586400000000e+10 3.930200000000000000e+04
7.892016671200000000e+10 2.565200000000000000e+04
7.906805575200000000e+10 2.965700000000000000e+04
7.959617112800000000e+10 5.221600000000000000e+04
7.995601581600000000e+10 5.404800000000000000e+04
8.045702303200000000e+10 5.629800000000000000e+04
8.065539924000000000e+10 4.782400000000000000e+04
8.118911759200000000e+10 5.751200000000000000e+04
8.121016322400000000e+10 3.700300000000000000e+04
8.126044693600000000e+10 3.246899999999999272e+04
8.128281402400000000e+10 2.569500000000000000e+04
8.168389047200000000e+10 4.020000000000000000e+04
8.168394066400000000e+10 3.783000000000000000e+03
8.180050405600000000e+10 3.398900000000000728e+04
8.260968415200000000e+10 6.664300000000000000e+04
8.267430239200000000e+10 4.775200000000000000e+04
8.295044591200000000e+10 4.575300000000000000e+04
8.324933602400000000e+10 5.087200000000000000e+04
8.341476008800000000e+10 4.149300000000000000e+04
8.374793589600000000e+10 4.543700000000000000e+04
8.412690778400000000e+10 5.265400000000000000e+04
8.412695871200000000e+10 6.113000000000000000e+03
8.451670535200000000e+10 5.252200000000000000e+04
8.454127522400000000e+10 3.463800000000000728e+04
8.463096772000000000e+10 3.306300000000000000e+04
8.463104207200000000e+10 9.947000000000000000e+03
8.472149400800000000e+10 2.584099999999999272e+04
8.487366994400000000e+10 2.816600000000000728e+04
8.535151447200000000e+10 4.645600000000000000e+04
8.535157328800000000e+10 9.229999999999996362e+03
8.560768492000000000e+10 4.390300000000000000e+04
8.571591775200000000e+10 3.471100000000000000e+04
8.572320021600000000e+10 2.628800000000000000e+04
8.591747103200000000e+10 3.069200000000000000e+04
8.598377970400000000e+10 2.665800000000000000e+04
8.633191344800000000e+10 3.912200000000000000e+04
8.633954143200000000e+10 2.830899999999999272e+04
8.651446943200000000e+10 3.089100000000000728e+04
8.659571765600000000e+10 2.835000000000000000e+04
8.710722826400000000e+10 4.602500000000000000e+04
8.717419136800000000e+10 3.633600000000000000e+04
8.725246626400000000e+10 3.194100000000000728e+04
8.734481621600000000e+10 2.845699999999999272e+04
8.787408660000000000e+10 5.046400000000000000e+04
8.791038106400000000e+10 3.377600000000000000e+04
8.805212840800000000e+10 3.413299999999999272e+04
8.844443696800000000e+10 4.620200000000000000e+04
8.851674989600000000e+10 3.337500000000000000e+04
8.854963386400000000e+10 2.605300000000000000e+04
8.934221015200000000e+10 6.468000000000000000e+04
