# Timestamps in ns,Energies
6.373132400000000000e+08 8.768000000000000000e+04
1.165702872000000000e+09 7.100000000000000000e+04
2.059666904000000000e+09 8.776900000000000000e+04
2.665506472000000000e+09 7.313600000000000000e+04
3.025713208000000000e+09 6.376800000000000000e+04
3.961032888000000000e+09 7.800900000000000000e+04
4.444118344000000000e+09 7.817999999999998545e+04
4.747086616000000000e+09 5.911500000000000000e+04
5.317673816000000000e+09 6.780800000000000000e+04
5.419380376000000000e+09 5.003300000000000000e+04
5.492548792000000000e+09 4.095100000000000000e+04
5.621679096000000000e+09 3.316700000000000000e+04
5.745543144000000000e+09 3.161500000000000000e+04
5.791006760000000000e+09 2.543700000000000000e+04
6.237578104000000000e+09 4.290800000000000000e+04
6.722630872000000000e+09 5.478600000000000000e+04
7.238325096000000000e+09 7.378700000000000000e+04
8.267326296000000000e+09 7.961200000000000000e+04
8.372345016000000000e+09 5.611000000000000000e+04
8.372460568000000000e+09 2.500800000000000728e+04
9.281801672000000000e+09 7.272100000000000000e+04
9.712673864000000000e+09 6.473600000000000000e+04
9.712806664000000000e+09 1.813600000000000000e+04
1.020602509600000000e+10 5.792900000000000000e+04
1.059911720800000000e+10 5.999400000000000000e+04
1.067485920800000000e+10 4.362400000000000000e+04
1.090240141600000000e+10 4.131400000000000000e+04
1.116646151200000000e+10 4.357200000000000000e+04
1.133256885600000000e+10 4.014000000000000000e+04
1.217876917600000000e+10 6.825000000000000000e+04
1.267015280800000000e+10 6.709800000000000000e+04
1.267021298400000000e+10 1.313599999999999636e+04
1.365070202400000000e+10 7.895300000000000000e+04
1.365083248800000000e+10 3.854600000000000000e+04
1.365091818400000000e+10 1.401200000000000000e+04
1.380734164000000000e+10 4.215500000000000000e+04
1.818124466400000000e+10 1.051850000000000000e+05
1.913458717600000000e+10 8.856000000000000000e+04
2.035870720800000000e+10 9.120800000000000000e+04
2.131158316000000000e+10 9.477800000000000000e+04
2.239037445600000000e+10 9.847600000000000000e+04
2.278441359200000000e+10 6.655400000000000000e+04
2.323364674400000000e+10 6.688300000000000000e+04
2.323377348000000000e+10 2.521100000000000000e+04
2.328974738400000000e+10 3.632800000000000000e+04
2.363810815200000000e+10 4.569400000000000000e+04
2.378199405600000000e+10 3.807200000000000000e+04
2.384527498400000000e+10 3.162400000000000000e+04
2.413328764000000000e+10 3.850100000000000000e+04
2.550849896800000000e+10 8.222100000000000000e+04
2.674161844000000000e+10 9.024000000000000000e+04
2.739796252000000000e+10 8.618300000000000000e+04
2.764297682400000000e+10 5.660800000000000000e+04
2.765491039200000000e+10 3.389299999999999272e+04
2.791772237600000000e+10 4.331100000000000000e+04
2.805661648800000000e+10 3.822300000000000000e+04
2.909005269600000000e+10 7.551300000000000000e+04
2.970376765600000000e+10 7.091200000000000000e+04
3.139380567200000000e+10 9.246500000000000000e+04
3.217666540000000000e+10 8.448100000000000000e+04
3.263038421600000000e+10 7.502500000000001455e+04
3.301281511200000000e+10 6.283000000000000000e+04
3.383379908000000000e+10 7.769000000000000000e+04
3.448142973600000000e+10 7.335400000000000000e+04
3.541097895200000000e+10 8.044100000000000000e+04
3.686754733600000000e+10 9.989800000000000000e+04
3.714349984800000000e+10 7.050600000000000000e+04
3.816364772000000000e+10 8.335300000000000000e+04
3.823280533600000000e+10 5.202700000000000000e+04
4.120196484000000000e+10 1.078040000000000000e+05
4.139426989600000000e+10 7.292799999999998545e+04
4.139438490400000000e+10 2.196100000000000728e+04
4.139446092000000000e+10 1.060200000000000728e+04
4.139446528800000000e+10 5.161000000000000000e+03
4.143068351200000000e+10 2.758099999999999272e+04
4.172872775200000000e+10 3.890100000000000000e+04
4.172878296800000000e+10 5.656000000000003638e+03
4.178640348000000000e+10 2.982200000000000000e+04
4.195297688800000000e+10 3.032300000000000000e+04
4.195308652000000000e+10 1.558199999999999636e+04
4.223289085600000000e+10 3.655800000000000000e+04
4.264977485600000000e+10 4.941600000000000000e+04
4.279824828000000000e+10 3.943200000000000000e+04
4.304496975200000000e+10 4.712300000000000000e+04
4.491147554400000000e+10 1.006800000000000000e+05
4.606908844000000000e+10 8.965800000000000000e+04
4.676201170400000000e+10 7.978600000000000000e+04
4.793977119200000000e+10 9.515200000000000000e+04
4.793981589600000000e+10 5.426000000000003638e+03
4.793988597600000000e+10 1.838599999999999272e+04
4.793994511200000000e+10 3.045000000000007276e+03
4.823276178400000000e+10 4.891300000000000000e+04
4.827783095200000000e+10 4.111200000000000000e+04
4.834975535200000000e+10 2.991900000000000000e+04
4.846357412000000000e+10 2.816000000000000000e+04
4.869091720800000000e+10 3.467200000000000000e+04
4.895335932000000000e+10 3.854900000000000000e+04
4.903099698400000000e+10 3.531300000000000000e+04
4.903112098400000000e+10 3.044000000000003638e+03
4.975668836000000000e+10 5.899200000000000000e+04
4.987958573600000000e+10 4.863400000000000000e+04
5.029113738400000000e+10 5.392000000000000000e+04
5.029118975200000000e+10 6.952000000000000000e+03
5.079184047200000000e+10 5.924700000000000000e+04
5.131444007200000000e+10 6.167500000000000000e+04
5.165721997600000000e+10 5.665200000000000000e+04
5.165729381600000000e+10 2.078299999999999272e+04
5.165735196000000000e+10 2.067000000000007276e+03
5.294710202400000000e+10 9.602600000000000000e+04
5.410558964000000000e+10 1.004489999999999709e+05
5.410575240800000000e+10 4.221800000000000000e+04
5.410583242400000000e+10 1.545199999999999636e+04
5.568725832800000000e+10 9.746000000000000000e+04
5.574931682400000000e+10 5.231200000000000000e+04
5.587708888800000000e+10 4.662700000000000000e+04
5.590409442400000000e+10 3.570400000000000000e+04
5.661757778400000000e+10 6.024100000000000000e+04
5.790320944800000000e+10 1.006819999999999854e+05
5.827730340000000000e+10 6.611400000000000000e+04
5.935286962400000000e+10 8.108900000000000000e+04
6.034524261600000000e+10 9.473699999999998545e+04
6.064353685600000000e+10 6.644200000000000000e+04
6.112493653600000000e+10 6.158400000000000000e+04
6.170105477600000000e+10 6.482600000000000000e+04
6.210100132000000000e+10 6.491500000000000000e+04
6.250871436000000000e+10 6.202600000000000000e+04
6.319333759200000000e+10 7.979200000000000000e+04
6.322711570400000000e+10 4.219300000000000000e+04
6.322720044000000000e+10 1.559500000000000000e+04
6.388197546400000000e+10 5.765600000000000000e+04
6.413139770400000000e+10 5.396800000000000000e+04
6.459009944800000000e+10 5.946900000000000000e+04
6.459022636000000000e+10 2.734900000000000000e+04
6.521618431200000000e+10 6.323200000000000000e+04
6.618604941600000000e+10 8.804300000000000000e+04
6.619797268000000000e+10 4.173100000000000000e+04
6.627279983200000000e+10 3.432899999999999272e+04
6.646099823200000000e+10 4.316500000000000000e+04
6.686889861600000000e+10 5.098400000000000000e+04
6.713722549600000000e+10 5.636100000000000000e+04
6.751407544800000000e+10 5.141100000000000000e+04
6.751413314400000000e+10 9.223000000000003638e+03
6.808120261600000000e+10 6.975900000000000000e+04
6.867869717600000000e+10 6.624900000000000000e+04
6.935581583200000000e+10 8.139600000000001455e+04
7.022814719200000000e+10 7.948800000000000000e+04
7.022820252000000000e+10 1.273399999999999636e+04
7.022829381600000000e+10 1.487899999999999636e+04
7.034707004000000000e+10 4.652800000000000000e+04
7.168653285600000000e+10 8.556200000000000000e+04
7.168659757600000000e+10 2.023000000000000000e+04
7.220989725600000000e+10 6.673600000000000000e+04
7.382728436000000000e+10 8.978400000000001455e+04
7.382729098400000000e+10 4.977999999999996362e+03
7.426834128800000000e+10 6.873700000000000000e+04
7.426838936800000000e+10 6.558000000000007276e+03
7.432692397600000000e+10 4.549700000000000000e+04
7.449421468000000000e+10 4.096900000000000000e+04
7.449426613600000000e+10 3.627000000000000000e+03
7.514876029600000000e+10 6.082300000000000000e+04
7.599355912800000000e+10 7.998900000000000000e+04
7.608335676000000000e+10 5.261600000000000000e+04
7.718611000800000000e+10 8.096000000000000000e+04
7.794909120800000000e+10 7.648800000000000000e+04
7.824741224800000000e+10 6.095300000000000000e+04
7.982290303200000000e+10 9.659300000000000000e+04
7.982297172000000000e+10 2.192600000000000728e+04
7.995943936800000000e+10 4.975000000000000000e+04
8.092340101600000000e+10 7.695800000000000000e+04
8.170255391200000000e+10 8.147900000000000000e+04
8.279415540000000000e+10 9.213700000000000000e+04
8.279420216800000000e+10 5.570999999999996362e+03
8.435049799200000000e+10 9.136000000000000000e+04
8.435054276000000000e+10 5.938999999999992724e+03
8.441758357600000000e+10 5.421800000000000000e+04
8.521347415200000000e+10 7.103300000000000000e+04
8.521352008800000000e+10 4.427999999999992724e+03
8.547622447200000000e+10 5.349500000000000000e+04
8.569500680800000000e+10 4.686700000000000000e+04
8.582742068000000000e+10 4.116900000000000000e+04
8.672586805600000000e+10 6.905500000000000000e+04
8.740751856800000000e+10 7.848899999999998545e+04
8.784051016800000000e+10 6.411100000000000000e+04
8.843453936800000000e+10 6.657200000000000000e+04
8.843468162400000000e+10 3.338999999999999272e+04
8.849490623200000000e+10 3.505799999999999272e+04
8.864535733600000000e+10 3.486200000000000000e+04
8.864544973600000000e+10 1.488300000000000364e+04
8.864551824800000000e+10 2.231000000000000000e+03
8.864565172000000000e+10 7.065000000000007276e+03
8.934379458400000000e+10 5.658600000000000000e+04
8.934391584800000000e+10 2.606000000000000000e+04
8.946045330400000000e+10 3.371899999999999272e+04
8.980212122400000000e+10 4.899200000000000000e+04
