# Timestamps in ns,Energies
4.172156000000000000e+07 2.762400000000000000e+04
5.817557600000000000e+07 1.952500000000000000e+04
1.144598640000000000e+08 1.902600000000000000e+04
4.274592080000000000e+08 3.156000000000000728e+04
5.065651760000000000e+08 2.709800000000000000e+04
6.299638480000000000e+08 2.648000000000000000e+04
6.744653840000000000e+08 2.320200000000000000e+04
6.943787440000000000e+08 1.913700000000000000e+04
7.254661520000000000e+08 1.617600000000000000e+04
7.301098160000000000e+08 1.269500000000000364e+04
9.895356880000000000e+08 2.591400000000000000e+04
1.065431192000000000e+09 2.238899999999999272e+04
1.154013464000000000e+09 2.272000000000000000e+04
1.428985032000000000e+09 3.177000000000000000e+04
1.550271928000000000e+09 2.936299999999999272e+04
1.712059592000000000e+09 3.107400000000000000e+04
1.712178280000000000e+09 1.708399999999999272e+04
1.965150520000000000e+09 3.372000000000000728e+04
1.965416392000000000e+09 2.318699999999999272e+04
2.094246872000000000e+09 2.545000000000000000e+04
2.294543864000000000e+09 3.114200000000000728e+04
2.509828184000000000e+09 3.590200000000000000e+04
2.511628536000000000e+09 2.223300000000000000e+04
2.562170296000000000e+09 2.150600000000000000e+04
2.615063448000000000e+09 2.015100000000000000e+04
2.625386856000000000e+09 1.548000000000000364e+04
2.778620248000000000e+09 2.177400000000000000e+04
2.933576840000000000e+09 2.627700000000000000e+04
3.177448232000000000e+09 3.463700000000000000e+04
3.395461416000000000e+09 3.744600000000000000e+04
3.429028808000000000e+09 2.893500000000000728e+04
3.654180264000000000e+09 3.116600000000000000e+04
3.685526776000000000e+09 2.514600000000000000e+04
3.934366072000000000e+09 3.542399999999999272e+04
3.970415064000000000e+09 2.624000000000000000e+04
3.970508344000000000e+09 1.253999999999999272e+04
3.970596088000000000e+09 4.863000000000003638e+03
4.256796856000000000e+09 3.083900000000000000e+04
4.405285288000000000e+09 3.090699999999999272e+04
4.453261592000000000e+09 2.591400000000000000e+04
4.457507384000000000e+09 1.872300000000000000e+04
4.495311832000000000e+09 1.690799999999999272e+04
4.676277512000000000e+09 2.360000000000000000e+04
4.777072408000000000e+09 2.284000000000000000e+04
5.631972712000000000e+09 6.065700000000000000e+04
5.632019592000000000e+09 5.067000000000003638e+03
5.685533640000000000e+09 3.686200000000000000e+04
5.719169624000000000e+09 2.901500000000000000e+04
5.727188136000000000e+09 2.109300000000000000e+04
5.807008568000000000e+09 2.334400000000000000e+04
5.818039064000000000e+09 1.728700000000000728e+04
5.821056728000000000e+09 1.284099999999999636e+04
5.975784488000000000e+09 2.085800000000000000e+04
6.403953672000000000e+09 4.402100000000000000e+04
6.609438376000000000e+09 3.727900000000000000e+04
6.723836360000000000e+09 3.205499999999999272e+04
6.723886728000000000e+09 1.877999999999996362e+03
6.750821736000000000e+09 2.532900000000000000e+04
6.775803016000000000e+09 2.076300000000000000e+04
6.775875464000000000e+09 5.179000000000003638e+03
7.070269656000000000e+09 3.360800000000000000e+04
7.124116440000000000e+09 2.616000000000000000e+04
7.780018344000000000e+09 6.172000000000000000e+04
7.906592504000000000e+09 4.369800000000000000e+04
7.911044456000000000e+09 2.550200000000000000e+04
7.911105240000000000e+09 4.904999999999992724e+03
8.087650088000000000e+09 2.937200000000000000e+04
8.125888104000000000e+09 2.391900000000000000e+04
8.146846616000000000e+09 2.003800000000000000e+04
8.336768376000000000e+09 2.717000000000000000e+04
8.336876040000000000e+09 1.365199999999999636e+04
8.543601064000000000e+09 2.959200000000000000e+04
8.756750056000000000e+09 3.433000000000000000e+04
8.871961720000000000e+09 2.852400000000000000e+04
8.995684248000000000e+09 2.954100000000000000e+04
8.998090712000000000e+09 2.134400000000000000e+04
9.078448008000000000e+09 2.185300000000000000e+04
9.326546488000000000e+09 3.147800000000000000e+04
9.415346120000000000e+09 2.718399999999999272e+04
9.448037640000000000e+09 2.232000000000000728e+04
9.616258968000000000e+09 2.549500000000000000e+04
9.841924136000000000e+09 3.154200000000000000e+04
9.988972184000000000e+09 3.112700000000000728e+04
1.022459370400000000e+10 3.956000000000000000e+04
1.024898612000000000e+10 3.012100000000000000e+04
1.049233368800000000e+10 3.447799999999999272e+04
1.064822780000000000e+10 3.705600000000000000e+04
1.068681869600000000e+10 2.650000000000000000e+04
1.070730834400000000e+10 1.955600000000000000e+04
1.072181138400000000e+10 1.595500000000000728e+04
1.091035852000000000e+10 2.556400000000000728e+04
1.100672493600000000e+10 2.375400000000000000e+04
1.134178864800000000e+10 3.673000000000000000e+04
1.136625900000000000e+10 2.787400000000000000e+04
1.155598138400000000e+10 3.177100000000000000e+04
1.155608168800000000e+10 1.419300000000000364e+04
1.164998260000000000e+10 2.413600000000000000e+04
1.180681730400000000e+10 3.093600000000000000e+04
1.207081554400000000e+10 3.661800000000000000e+04
1.213378023200000000e+10 2.796199999999999272e+04
1.230590133600000000e+10 3.262300000000000000e+04
1.246575762400000000e+10 3.346700000000000000e+04
1.255103381600000000e+10 2.872800000000000000e+04
1.255112106400000000e+10 3.692999999999992724e+03
1.255130602400000000e+10 1.081199999999999272e+04
1.257031288800000000e+10 1.575300000000000728e+04
1.280237952800000000e+10 2.616000000000000000e+04
1.289100776800000000e+10 2.430800000000000000e+04
1.289115941600000000e+10 1.547599999999999272e+04
1.306734701600000000e+10 2.547500000000000000e+04
1.317041498400000000e+10 2.436100000000000000e+04
1.317050666400000000e+10 1.043499999999999636e+04
1.337586151200000000e+10 2.716400000000000728e+04
1.352103327200000000e+10 2.772200000000000000e+04
1.361440746400000000e+10 2.599400000000000000e+04
1.361450976800000000e+10 1.225999999999999636e+04
1.362875981600000000e+10 1.650999999999999272e+04
1.393993100000000000e+10 3.236900000000000000e+04
1.409721197600000000e+10 3.273600000000000000e+04
1.415195007200000000e+10 2.541700000000000000e+04
1.444943500000000000e+10 3.583799999999999272e+04
1.455079650400000000e+10 3.123100000000000000e+04
1.455098348000000000e+10 1.505099999999999636e+04
1.463251661600000000e+10 2.337700000000000000e+04
1.463768298400000000e+10 1.792600000000000000e+04
1.466357498400000000e+10 1.537699999999999272e+04
1.491680103200000000e+10 2.650100000000000000e+04
1.508752791200000000e+10 2.911900000000000000e+04
1.508764248800000000e+10 1.537300000000000728e+04
1.512169192800000000e+10 1.882200000000000000e+04
1.514359586400000000e+10 1.601600000000000728e+04
1.536399354400000000e+10 2.600300000000000000e+04
1.548762914400000000e+10 2.466500000000000000e+04
1.565171082400000000e+10 2.946300000000000000e+04
1.576474804000000000e+10 3.007200000000000000e+04
1.576485160800000000e+10 1.513599999999999272e+04
1.580694349600000000e+10 1.856800000000000000e+04
1.593240415200000000e+10 2.274900000000000000e+04
1.593914388000000000e+10 1.629899999999999272e+04
1.596715770400000000e+10 1.485100000000000364e+04
1.618970682400000000e+10 2.441000000000000000e+04
1.627811706400000000e+10 2.414100000000000000e+04
1.659370756000000000e+10 3.510300000000000000e+04
1.685260026400000000e+10 4.058600000000000000e+04
1.686478877600000000e+10 2.893000000000000000e+04
1.686489560800000000e+10 1.234699999999999636e+04
1.686611672800000000e+10 1.566500000000000364e+04
1.705685029600000000e+10 2.444299999999999272e+04
1.709220349600000000e+10 2.040100000000000000e+04
1.719402004000000000e+10 2.150800000000000000e+04
1.719422397600000000e+10 1.552499999999999272e+04
1.719464128800000000e+10 1.201199999999999636e+04
1.740805338400000000e+10 2.259100000000000000e+04
1.745015781600000000e+10 1.896600000000000000e+04
1.764104248800000000e+10 2.656400000000000000e+04
1.764111668000000000e+10 7.334999999999996362e+03
1.765445010400000000e+10 1.695100000000000728e+04
1.770131848800000000e+10 1.603199999999999272e+04
1.800431983200000000e+10 3.032000000000000000e+04
1.801861762400000000e+10 2.118400000000000000e+04
1.803710160800000000e+10 1.729300000000000000e+04
1.803731154400000000e+10 1.224000000000000728e+04
1.810073807200000000e+10 1.515700000000000728e+04
1.822273532000000000e+10 1.846599999999999272e+04
1.823367549600000000e+10 1.485699999999999636e+04
1.842096778400000000e+10 2.248900000000000000e+04
1.842102636000000000e+10 2.080000000000000000e+03
1.894571629600000000e+10 4.212200000000000000e+04
1.895143543200000000e+10 2.817100000000000000e+04
1.964089720800000000e+10 5.803100000000000000e+04
1.965871671200000000e+10 3.977200000000000000e+04
1.973573930400000000e+10 3.145400000000000000e+04
1.991276485600000000e+10 3.370999999999999272e+04
2.013996047200000000e+10 3.862300000000000000e+04
2.077089264800000000e+10 5.856200000000000000e+04
2.077103572000000000e+10 2.964500000000000000e+04
2.082196272800000000e+10 3.284000000000000000e+04
2.088050220000000000e+10 2.617600000000000000e+04
2.121824704800000000e+10 4.074900000000000000e+04
2.124141968800000000e+10 2.911700000000000000e+04
2.133620029600000000e+10 2.677100000000000000e+04
2.159683536800000000e+10 3.732900000000000000e+04
2.159782890400000000e+10 2.248300000000000000e+04
2.159791348000000000e+10 9.055000000000000000e+03
2.159799498400000000e+10 1.940000000000000000e+03
2.192271924000000000e+10 3.563400000000000000e+04
2.192280684000000000e+10 1.500399999999999272e+04
2.245065653600000000e+10 5.172000000000000000e+04
2.255493440800000000e+10 3.981500000000000000e+04
2.274734381600000000e+10 4.022800000000000000e+04
2.295962637600000000e+10 4.296500000000000000e+04
2.295976732000000000e+10 1.495500000000000364e+04
2.301725349600000000e+10 2.352100000000000000e+04
2.317462477600000000e+10 2.622800000000000000e+04
2.364255319200000000e+10 4.492900000000000000e+04
2.364745727200000000e+10 3.122100000000000000e+04
2.365028989600000000e+10 2.147300000000000728e+04
2.374288709600000000e+10 2.425000000000000000e+04
2.391481540000000000e+10 2.888300000000000000e+04
2.393052522400000000e+10 2.114300000000000000e+04
2.422336816800000000e+10 3.435900000000000728e+04
2.430773130400000000e+10 2.722500000000000000e+04
2.446775812000000000e+10 2.955800000000000000e+04
2.458646429600000000e+10 2.783300000000000000e+04
2.462921295200000000e+10 2.369600000000000000e+04
2.471891605600000000e+10 2.280300000000000000e+04
2.487399612000000000e+10 2.579300000000000000e+04
2.496493488800000000e+10 2.538300000000000000e+04
2.499745458400000000e+10 1.978300000000000000e+04
2.499755802400000000e+10 1.047900000000000364e+04
2.513765775200000000e+10 2.245200000000000000e+04
2.522272581600000000e+10 2.083400000000000000e+04
2.535187248800000000e+10 2.290400000000000000e+04
2.577667712800000000e+10 3.958900000000000000e+04
2.577685996000000000e+10 2.707100000000000000e+04
2.577700836000000000e+10 5.866000000000003638e+03
2.587140320800000000e+10 2.409000000000000000e+04
2.593436714400000000e+10 2.159200000000000728e+04
2.626835378400000000e+10 3.671900000000000000e+04
2.650722093600000000e+10 4.012700000000000000e+04
2.658194583200000000e+10 3.054100000000000000e+04
2.663611596000000000e+10 2.712100000000000000e+04
2.677674524000000000e+10 2.901000000000000000e+04
2.685468533600000000e+10 2.525000000000000000e+04
2.740220650400000000e+10 5.043900000000000000e+04
2.749115162400000000e+10 3.743500000000000000e+04
2.789207676000000000e+10 5.003200000000000000e+04
2.789221964000000000e+10 1.026700000000000364e+04
2.789235239200000000e+10 1.214699999999999636e+04
2.826700922400000000e+10 4.860800000000000000e+04
2.826712024800000000e+10 2.078600000000000000e+04
2.827685431200000000e+10 2.094700000000000728e+04
2.839830573600000000e+10 2.632900000000000728e+04
2.852409826400000000e+10 2.752400000000000000e+04
2.852768999200000000e+10 1.928600000000000000e+04
2.858621844000000000e+10 1.898700000000000000e+04
2.881486016800000000e+10 2.697900000000000000e+04
2.887588791200000000e+10 2.367800000000000000e+04
2.897083040800000000e+10 2.352500000000000000e+04
2.897095831200000000e+10 1.444800000000000364e+04
2.897918704800000000e+10 1.426900000000000364e+04
2.918913685600000000e+10 2.392100000000000000e+04
2.927816714400000000e+10 2.248900000000000000e+04
2.940729122400000000e+10 2.511200000000000000e+04
2.946505943200000000e+10 2.097400000000000000e+04
2.975334832800000000e+10 3.179500000000000000e+04
2.975340183200000000e+10 3.428000000000000000e+03
2.975347668000000000e+10 3.544999999999992724e+03
2.993937352800000000e+10 3.009400000000000728e+04
2.995983740000000000e+10 2.200000000000000000e+04
2.996293183200000000e+10 1.622400000000000364e+04
3.022199258400000000e+10 2.849600000000000000e+04
3.026370532000000000e+10 2.317100000000000000e+04
3.029591322400000000e+10 1.991900000000000000e+04
3.048302327200000000e+10 2.593200000000000000e+04
3.049727296800000000e+10 1.935899999999999272e+04
3.057194744800000000e+10 1.987200000000000728e+04
3.109437416800000000e+10 4.335300000000000000e+04
3.109456410400000000e+10 2.869200000000000728e+04
3.147689898400000000e+10 4.336000000000000000e+04
3.147699504800000000e+10 2.365400000000000000e+04
3.149439720800000000e+10 2.489700000000000000e+04
3.152644271200000000e+10 2.031400000000000000e+04
3.164584893600000000e+10 2.240600000000000000e+04
3.179661506400000000e+10 2.703300000000000000e+04
3.205185434400000000e+10 3.297400000000000000e+04
3.209701722400000000e+10 2.824000000000000000e+04
3.229728448800000000e+10 3.302300000000000000e+04
3.241652172000000000e+10 2.917900000000000000e+04
3.286843634400000000e+10 5.082400000000000000e+04
3.299129418400000000e+10 4.140000000000000000e+04
3.306352274400000000e+10 3.053400000000000000e+04
3.316057429600000000e+10 2.853600000000000728e+04
3.318373893600000000e+10 2.215200000000000000e+04
3.323747901600000000e+10 2.040200000000000000e+04
3.351525298400000000e+10 3.140699999999999272e+04
3.374100354400000000e+10 3.770900000000000000e+04
3.374106116000000000e+10 5.844000000000003638e+03
3.380889746400000000e+10 2.648600000000000000e+04
3.386769101600000000e+10 2.361900000000000000e+04
3.403149312800000000e+10 2.648600000000000000e+04
3.406118972000000000e+10 2.254100000000000000e+04
3.440339527200000000e+10 3.749600000000000000e+04
3.441428869600000000e+10 2.456000000000000000e+04
3.463928124000000000e+10 3.159200000000000000e+04
3.463933653600000000e+10 4.974999999999996362e+03
3.466127599200000000e+10 2.173600000000000000e+04
3.475776711200000000e+10 2.446600000000000000e+04
3.478942560800000000e+10 2.021399999999999272e+04
3.496142669600000000e+10 2.501100000000000728e+04
3.531900343200000000e+10 4.207000000000000000e+04
3.541095104800000000e+10 3.070899999999999272e+04
3.541114296800000000e+10 2.119300000000000000e+04
3.550322084000000000e+10 2.439500000000000000e+04
3.551128615200000000e+10 1.806700000000000728e+04
3.551136205600000000e+10 5.316000000000003638e+03
3.594602690400000000e+10 3.665500000000000000e+04
3.594608882400000000e+10 9.211000000000007276e+03
3.595720208800000000e+10 2.248400000000000000e+04
3.595726479200000000e+10 3.807000000000000000e+03
3.598313778400000000e+10 1.828000000000000728e+04
3.614773725600000000e+10 2.529700000000000000e+04
3.615798890400000000e+10 1.749500000000000000e+04
3.615813701600000000e+10 1.100200000000000728e+04
3.628398100000000000e+10 1.939700000000000000e+04
3.646102719200000000e+10 2.392700000000000000e+04
3.646108759200000000e+10 4.124000000000007276e+03
3.665804591200000000e+10 2.993000000000000000e+04
3.697630328800000000e+10 4.013300000000000000e+04
3.697639728800000000e+10 1.497600000000000000e+04
3.712065356000000000e+10 3.093999999999999272e+04
3.716921508000000000e+10 2.380000000000000000e+04
3.727244125600000000e+10 2.439400000000000000e+04
3.734093149600000000e+10 2.419200000000000000e+04
3.765289520800000000e+10 3.608799999999999272e+04
3.765298368800000000e+10 1.375200000000000000e+04
3.775794845600000000e+10 2.886300000000000728e+04
3.793030164000000000e+10 3.004500000000000000e+04
3.810874791200000000e+10 3.392400000000000000e+04
3.865152788000000000e+10 5.412200000000000000e+04
3.867277810400000000e+10 3.816900000000000000e+04
3.872543612000000000e+10 2.904400000000000000e+04
3.879709488800000000e+10 2.493700000000000000e+04
3.889143621600000000e+10 2.418000000000000000e+04
3.889153069600000000e+10 1.073899999999999272e+04
3.899338789600000000e+10 2.285900000000000728e+04
3.899344855200000000e+10 3.084999999999996362e+03
3.914990768800000000e+10 2.568300000000000728e+04
3.931633071200000000e+10 2.659600000000000000e+04
3.940761480800000000e+10 2.560000000000000000e+04
3.940769581600000000e+10 9.733999999999992724e+03
3.953795565600000000e+10 2.400600000000000728e+04
3.957340773600000000e+10 2.104200000000000000e+04
3.958029476000000000e+10 1.503100000000000364e+04
3.961498413600000000e+10 1.497600000000000364e+04
3.980131962400000000e+10 2.104000000000000000e+04
3.990873018400000000e+10 2.314400000000000000e+04
4.006470220000000000e+10 2.459200000000000000e+04
4.017529276000000000e+10 2.462700000000000000e+04
4.017538168800000000e+10 9.621000000000007276e+03
4.027803927200000000e+10 2.256300000000000000e+04
4.089692940000000000e+10 5.345600000000000000e+04
4.092384634400000000e+10 3.213900000000000000e+04
4.094622712800000000e+10 2.536200000000000000e+04
4.105445210400000000e+10 2.801900000000000000e+04
4.112139661600000000e+10 2.266500000000000000e+04
4.121725741600000000e+10 2.367700000000000000e+04
4.142921781600000000e+10 2.947099999999999272e+04
4.176894586400000000e+10 3.865800000000000000e+04
4.176901159200000000e+10 1.181899999999999272e+04
4.180034916000000000e+10 2.517600000000000000e+04
4.182835128800000000e+10 2.040000000000000000e+04
4.188402642400000000e+10 1.992500000000000000e+04
4.211880751200000000e+10 2.866500000000000000e+04
4.237398704800000000e+10 3.921600000000000000e+04
4.241272141600000000e+10 2.867200000000000000e+04
4.283588088800000000e+10 4.989900000000000000e+04
4.286061944800000000e+10 3.448000000000000000e+04
4.287644183200000000e+10 2.344600000000000000e+04
4.342689908000000000e+10 5.768000000000000000e+04
4.347449652000000000e+10 3.510000000000000000e+04
4.356559554400000000e+10 3.112100000000000000e+04
4.368978236000000000e+10 2.836000000000000000e+04
4.371727610400000000e+10 2.361700000000000000e+04
4.390124325600000000e+10 2.925000000000000000e+04
4.390447156000000000e+10 2.069700000000000000e+04
4.421238749600000000e+10 3.341300000000000000e+04
4.426414794400000000e+10 2.639300000000000000e+04
4.458937944800000000e+10 3.953500000000000000e+04
4.459446741600000000e+10 2.672500000000000000e+04
4.466307840800000000e+10 2.427000000000000000e+04
4.479969117600000000e+10 2.757700000000000000e+04
4.479986976800000000e+10 1.876600000000000000e+04
4.486240717600000000e+10 1.997800000000000000e+04
4.490964090400000000e+10 1.750900000000000000e+04
4.506205186400000000e+10 2.227700000000000000e+04
4.515153541600000000e+10 2.225700000000000000e+04
4.522376056800000000e+10 1.995100000000000000e+04
4.523355688800000000e+10 1.571399999999999272e+04
4.560145397600000000e+10 3.392100000000000000e+04
4.571986381600000000e+10 3.069599999999999272e+04
4.584494047200000000e+10 2.915400000000000000e+04
4.584500656800000000e+10 7.285999999999992724e+03
4.607636733600000000e+10 3.371899999999999272e+04
4.616997452000000000e+10 3.004400000000000000e+04
4.645401626400000000e+10 3.960100000000000000e+04
4.666775487200000000e+10 3.764100000000000000e+04
4.677561776800000000e+10 3.382499999999999272e+04
4.704650898400000000e+10 3.781900000000000000e+04
4.720794189600000000e+10 3.695800000000000000e+04
4.748199946400000000e+10 4.838200000000000000e+04
4.748211562400000000e+10 1.611200000000000728e+04
4.801089858400000000e+10 5.035300000000000000e+04
4.817148133600000000e+10 4.232000000000000000e+04
4.834204200800000000e+10 3.813600000000000000e+04
4.848617442400000000e+10 3.945900000000000000e+04
4.904010543200000000e+10 5.939200000000000000e+04
4.904016276000000000e+10 1.024700000000000000e+04
4.905680368800000000e+10 3.248900000000000000e+04
4.905806908000000000e+10 2.020300000000000000e+04
4.907678772000000000e+10 1.915200000000000000e+04
4.907691652000000000e+10 1.090100000000000728e+04
4.925156983200000000e+10 2.264000000000000000e+04
4.946476261600000000e+10 3.308600000000000000e+04
4.946482600800000000e+10 6.447999999999996362e+03
4.995949476000000000e+10 4.594500000000000000e+04
4.995954530400000000e+10 4.923000000000007276e+03
5.029677784800000000e+10 5.065800000000000000e+04
5.029891100000000000e+10 2.888600000000000000e+04
5.084540504800000000e+10 5.309700000000000000e+04
5.084545511200000000e+10 5.855000000000007276e+03
5.098243394400000000e+10 3.933300000000000000e+04
5.098264962400000000e+10 2.960400000000000000e+04
5.118192660000000000e+10 3.223400000000000728e+04
5.139733365600000000e+10 3.604000000000000728e+04
5.140668093600000000e+10 2.505300000000000000e+04
5.146009722400000000e+10 2.320100000000000000e+04
5.148372932000000000e+10 1.822399999999999272e+04
5.149207962400000000e+10 1.437900000000000364e+04
5.157212412000000000e+10 1.710100000000000000e+04
5.160843357600000000e+10 1.537799999999999636e+04
5.204210700000000000e+10 3.707900000000000000e+04
5.211859020000000000e+10 3.022300000000000000e+04
5.244458159200000000e+10 4.035800000000000000e+04
5.244481060000000000e+10 2.588500000000000000e+04
5.263755824800000000e+10 3.200000000000000728e+04
5.263761594400000000e+10 6.317000000000007276e+03
5.266843002400000000e+10 2.256600000000000000e+04
5.270088736800000000e+10 2.027300000000000728e+04
5.293288962400000000e+10 2.852800000000000000e+04
5.336126284000000000e+10 4.362500000000000000e+04
5.368023132000000000e+10 5.450000000000000000e+04
5.368567269600000000e+10 2.879600000000000000e+04
5.375073071200000000e+10 2.799000000000000000e+04
5.384396824800000000e+10 2.624500000000000000e+04
5.428854266400000000e+10 4.621900000000000000e+04
5.428859028000000000e+10 2.390999999999992724e+03
5.432977863200000000e+10 3.008000000000000000e+04
5.444325077600000000e+10 2.871900000000000728e+04
5.468305837600000000e+10 3.540100000000000000e+04
5.473001984800000000e+10 2.730199999999999272e+04
5.479738216800000000e+10 2.584000000000000000e+04
5.492045685600000000e+10 2.740400000000000000e+04
5.494163596000000000e+10 2.023699999999999272e+04
5.497284840800000000e+10 1.775400000000000000e+04
5.510404592800000000e+10 2.074700000000000000e+04
5.511025653600000000e+10 1.644399999999999636e+04
5.511036845600000000e+10 8.113000000000000000e+03
5.526445892000000000e+10 2.030800000000000000e+04
5.529764133600000000e+10 1.731000000000000000e+04
5.533400341600000000e+10 1.562300000000000728e+04
5.541947922400000000e+10 1.662199999999999272e+04
5.547088359200000000e+10 1.569900000000000364e+04
5.563810428000000000e+10 2.135800000000000000e+04
5.580627066400000000e+10 2.472200000000000000e+04
5.627996530400000000e+10 4.492900000000000000e+04
5.641827080800000000e+10 3.690300000000000000e+04
5.641848866400000000e+10 2.679900000000000000e+04
5.710413524000000000e+10 6.518300000000000000e+04
5.721260557600000000e+10 4.487300000000000000e+04
5.731554053600000000e+10 3.580700000000000000e+04
5.731559984800000000e+10 6.773000000000003638e+03
5.763298143200000000e+10 4.038300000000000000e+04
5.763310012000000000e+10 2.366200000000000000e+04
5.778203765600000000e+10 3.042100000000000000e+04
5.806229228000000000e+10 4.011400000000000000e+04
5.809232495200000000e+10 2.743700000000000728e+04
5.812501359200000000e+10 2.224900000000000000e+04
5.825678504800000000e+10 2.585600000000000000e+04
5.837867426400000000e+10 2.585600000000000000e+04
5.846771287200000000e+10 2.582500000000000000e+04
5.846783077600000000e+10 1.562399999999999636e+04
5.847283413600000000e+10 1.402499999999999636e+04
5.855395828000000000e+10 1.722600000000000364e+04
5.855622428000000000e+10 1.294300000000000364e+04
5.880555527200000000e+10 2.543400000000000000e+04
5.880645628000000000e+10 1.739299999999999636e+04
5.888404293600000000e+10 1.894100000000000728e+04
5.906063143200000000e+10 2.444000000000000000e+04
5.914650178400000000e+10 2.309600000000000000e+04
5.928392453600000000e+10 2.632300000000000000e+04
5.941574597600000000e+10 2.695800000000000000e+04
5.941582730400000000e+10 8.892999999999996362e+03
5.958906141600000000e+10 2.690200000000000000e+04
5.971254533600000000e+10 2.589000000000000000e+04
5.976025212000000000e+10 2.224300000000000000e+04
5.983210551200000000e+10 2.187800000000000728e+04
5.992284455200000000e+10 2.255200000000000000e+04
6.002135629600000000e+10 2.254400000000000000e+04
6.024621375200000000e+10 2.886400000000000728e+04
6.024906407200000000e+10 2.086500000000000728e+04
6.045620861600000000e+10 2.880000000000000000e+04
6.045626157600000000e+10 2.399000000000003638e+03
6.052825549600000000e+10 2.424900000000000000e+04
6.052832813600000000e+10 6.782000000000000000e+03
6.055013834400000000e+10 1.742399999999999272e+04
6.055025743200000000e+10 8.735000000000003638e+03
6.084857933600000000e+10 3.000000000000000000e+04
6.087479932000000000e+10 2.329799999999999272e+04
6.100722442400000000e+10 2.443700000000000000e+04
6.145062168800000000e+10 4.216100000000000000e+04
6.161191997600000000e+10 4.278500000000000000e+04
6.161197154400000000e+10 4.137999999999996362e+03
6.161913396000000000e+10 2.397600000000000000e+04
6.246957613600000000e+10 6.159800000000000000e+04
6.256432952800000000e+10 4.574800000000000000e+04
6.259124984800000000e+10 3.072200000000000000e+04
6.260349768800000000e+10 2.493600000000000000e+04
6.301751568800000000e+10 4.167300000000000000e+04
6.301757559200000000e+10 8.654999999999992724e+03
6.310527634400000000e+10 3.080200000000000728e+04
6.310533223200000000e+10 4.599000000000003638e+03
6.315015172000000000e+10 2.267400000000000000e+04
6.344544007200000000e+10 3.412300000000000000e+04
6.352050908000000000e+10 3.192200000000000000e+04
6.358390303200000000e+10 2.615200000000000000e+04
6.371203452000000000e+10 2.767800000000000000e+04
6.397688039200000000e+10 3.466299999999999272e+04
6.397706456800000000e+10 2.309099999999999272e+04
6.405629559200000000e+10 2.395900000000000000e+04
6.423195394400000000e+10 2.864200000000000000e+04
6.444102084000000000e+10 3.384799999999999272e+04
6.481230191200000000e+10 4.867800000000000000e+04
6.487545074400000000e+10 3.160699999999999272e+04
6.498937088800000000e+10 3.095799999999999272e+04
6.501343447200000000e+10 2.312300000000000000e+04
6.502812692000000000e+10 1.863800000000000728e+04
6.514505858400000000e+10 2.170400000000000000e+04
6.518804352800000000e+10 1.893700000000000000e+04
6.529153764000000000e+10 2.087399999999999272e+04
6.534942684000000000e+10 1.943200000000000000e+04
6.575563474400000000e+10 3.637000000000000000e+04
6.583532080800000000e+10 3.121800000000000000e+04
6.600297621600000000e+10 3.183600000000000000e+04
6.629370909600000000e+10 4.151500000000000000e+04
6.629376492000000000e+10 6.341000000000007276e+03
6.629540104800000000e+10 2.453299999999999272e+04
6.631987178400000000e+10 1.993100000000000000e+04
6.636007437600000000e+10 1.805400000000000364e+04
6.660808109600000000e+10 2.792100000000000000e+04
6.660819476000000000e+10 1.497300000000000364e+04
6.678830426400000000e+10 2.668200000000000000e+04
6.689095362400000000e+10 2.624300000000000000e+04
6.707826133600000000e+10 2.946100000000000728e+04
6.731470036000000000e+10 3.761600000000000000e+04
6.732806572000000000e+10 2.505500000000000000e+04
6.735628351200000000e+10 2.072000000000000000e+04
6.768960232800000000e+10 3.528399999999999272e+04
6.783319797600000000e+10 3.422500000000000000e+04
6.817586279200000000e+10 4.198700000000000000e+04
6.825615940000000000e+10 3.450700000000000000e+04
6.835489895200000000e+10 3.224000000000000000e+04
6.842928402400000000e+10 2.682200000000000000e+04
6.878512021600000000e+10 4.136700000000000000e+04
6.905394804000000000e+10 4.513600000000000000e+04
6.905399984800000000e+10 4.363000000000000000e+03
6.910059391200000000e+10 3.088100000000000000e+04
6.918252154400000000e+10 2.659200000000000000e+04
6.922224607200000000e+10 2.118499999999999272e+04
6.922231831200000000e+10 5.817999999999996362e+03
6.940946943200000000e+10 2.635100000000000000e+04
6.975840858400000000e+10 3.800800000000000000e+04
7.024487386400000000e+10 5.063500000000000000e+04
7.026206800800000000e+10 3.561900000000000000e+04
7.028966556000000000e+10 2.643500000000000000e+04
7.033605037600000000e+10 2.235500000000000000e+04
7.038906748000000000e+10 2.088400000000000000e+04
7.043331624800000000e+10 1.832400000000000000e+04
7.043337932000000000e+10 2.322000000000007276e+03
7.057841389600000000e+10 2.136000000000000000e+04
7.059085282400000000e+10 1.741399999999999636e+04
7.064499903200000000e+10 1.631100000000000728e+04
7.107935984800000000e+10 3.765700000000000000e+04
7.122606912800000000e+10 3.392099999999999272e+04
7.122616423200000000e+10 1.720100000000000728e+04
7.124939000800000000e+10 2.036900000000000000e+04
7.159437904800000000e+10 3.817500000000000000e+04
7.160556380000000000e+10 2.505000000000000000e+04
7.186807130400000000e+10 3.366900000000000728e+04
7.186812744800000000e+10 5.409000000000000000e+03
7.188670504800000000e+10 2.376000000000000000e+04
7.199441636000000000e+10 2.408000000000000000e+04
7.203479983200000000e+10 2.113700000000000000e+04
7.218798589600000000e+10 2.571900000000000000e+04
7.224289880800000000e+10 2.254400000000000000e+04
7.230127204000000000e+10 1.954400000000000000e+04
7.242806023200000000e+10 2.379600000000000000e+04
7.246838402400000000e+10 1.937100000000000000e+04
7.259443695200000000e+10 2.156800000000000000e+04
7.267665509600000000e+10 2.113000000000000000e+04
7.279249685600000000e+10 2.406700000000000000e+04
7.283617536800000000e+10 2.001200000000000000e+04
7.311273967200000000e+10 3.014200000000000000e+04
7.312656408800000000e+10 2.277600000000000000e+04
7.314636277600000000e+10 1.912100000000000000e+04
7.348854344800000000e+10 3.328200000000000000e+04
7.367371932000000000e+10 3.560100000000000000e+04
7.375296594400000000e+10 2.838600000000000728e+04
7.379900170400000000e+10 2.312500000000000000e+04
7.398756487200000000e+10 3.018700000000000000e+04
7.420812466400000000e+10 3.449600000000000000e+04
7.454403850400000000e+10 4.877500000000000000e+04
7.455852957600000000e+10 2.792000000000000000e+04
7.506431242400000000e+10 5.586300000000000000e+04
7.509938514400000000e+10 3.201599999999999272e+04
7.523133479200000000e+10 3.170100000000000000e+04
7.532967944800000000e+10 2.877600000000000000e+04
7.533429396000000000e+10 2.149900000000000000e+04
7.537518231200000000e+10 1.991100000000000000e+04
7.592154247200000000e+10 4.371500000000000000e+04
7.617005863200000000e+10 4.587000000000000000e+04
7.636394920800000000e+10 4.323000000000000000e+04
7.636406828000000000e+10 2.230500000000000000e+04
7.636417338400000000e+10 1.092900000000000364e+04
7.654934458400000000e+10 3.152200000000000000e+04
7.667475623200000000e+10 2.935600000000000000e+04
7.691840420000000000e+10 3.808000000000000000e+04
7.725172592800000000e+10 4.198300000000000000e+04
7.732087535200000000e+10 3.381900000000000000e+04
7.732269104800000000e+10 2.288900000000000000e+04
7.745141284000000000e+10 2.816000000000000000e+04
7.752790418400000000e+10 2.503600000000000728e+04
7.771946613600000000e+10 2.813700000000000000e+04
7.775198324000000000e+10 2.296100000000000000e+04
7.791763826400000000e+10 2.761100000000000000e+04
7.795443616800000000e+10 2.170500000000000000e+04
7.859791500000000000e+10 5.072800000000000000e+04
7.886180194400000000e+10 4.771900000000000000e+04
7.886190296800000000e+10 2.096000000000000000e+04
7.886652248800000000e+10 2.530600000000000000e+04
7.909645847200000000e+10 3.434400000000000000e+04
7.943165794400000000e+10 4.341500000000000000e+04
7.943171976800000000e+10 9.325000000000003638e+03
7.943181045600000000e+10 5.088000000000003638e+03
7.943181493600000000e+10 3.249000000000000000e+03
7.959010528800000000e+10 3.239800000000000728e+04
7.967652236000000000e+10 2.728200000000000000e+04
7.969925477600000000e+10 2.044800000000000728e+04
7.976714800800000000e+10 2.118800000000000000e+04
7.983112928800000000e+10 2.097700000000000000e+04
8.018027036000000000e+10 3.376299999999999272e+04
8.021482940000000000e+10 2.689100000000000000e+04
8.022651064800000000e+10 1.992900000000000000e+04
8.040973770400000000e+10 2.820000000000000000e+04
8.044983759200000000e+10 2.232100000000000000e+04
8.050310455200000000e+10 2.051100000000000000e+04
8.067854479200000000e+10 2.650700000000000000e+04
8.068905440800000000e+10 1.854800000000000000e+04
8.074644927200000000e+10 1.866299999999999272e+04
8.086872570400000000e+10 2.194200000000000000e+04
8.128033463200000000e+10 4.087900000000000000e+04
8.131831868000000000e+10 2.871999999999999272e+04
8.144999495200000000e+10 2.839500000000000000e+04
8.150071917600000000e+10 2.488800000000000000e+04
8.191127335200000000e+10 4.181200000000000000e+04
8.197277644000000000e+10 3.009400000000000000e+04
8.197835900000000000e+10 2.311800000000000000e+04
8.197851567200000000e+10 1.682999999999999272e+04
8.233181090400000000e+10 3.475200000000000000e+04
8.235456932000000000e+10 2.703200000000000000e+04
8.235465410400000000e+10 9.388999999999996362e+03
8.255045728800000000e+10 2.988499999999999272e+04
8.270932314400000000e+10 3.010200000000000000e+04
8.270941308000000000e+10 1.124099999999999636e+04
8.284539426400000000e+10 2.582600000000000000e+04
8.310753834400000000e+10 3.486100000000000000e+04
8.310929874400000000e+10 2.456100000000000000e+04
8.311743959200000000e+10 1.805000000000000728e+04
8.313037640800000000e+10 1.491599999999999636e+04
8.325027776800000000e+10 2.004000000000000000e+04
8.326729880800000000e+10 1.620100000000000728e+04
8.328953378400000000e+10 1.345399999999999636e+04
8.351146368800000000e+10 2.409900000000000000e+04
8.351159802400000000e+10 1.294000000000000364e+04
8.368126807200000000e+10 2.378500000000000000e+04
8.385092648800000000e+10 2.540000000000000000e+04
8.396463781600000000e+10 2.621800000000000000e+04
8.397813712800000000e+10 1.951900000000000000e+04
8.398218282400000000e+10 1.466300000000000364e+04
8.401284911200000000e+10 1.441900000000000364e+04
8.405536000800000000e+10 1.390399999999999636e+04
8.423075248800000000e+10 2.068700000000000728e+04
8.435606560800000000e+10 2.224100000000000728e+04
8.436918752800000000e+10 1.775899999999999636e+04
8.441445844000000000e+10 1.600000000000000728e+04
8.461541349600000000e+10 2.374600000000000000e+04
8.468122946400000000e+10 2.127400000000000000e+04
8.505876408800000000e+10 3.799900000000000000e+04
8.531690616800000000e+10 3.945000000000000000e+04
8.559767549600000000e+10 4.720000000000000000e+04
8.576930013600000000e+10 4.334600000000000000e+04
8.578339450400000000e+10 2.536300000000000000e+04
8.592287480800000000e+10 2.916200000000000000e+04
8.597004103200000000e+10 2.402600000000000000e+04
8.628104464800000000e+10 3.696700000000000000e+04
8.639354952800000000e+10 3.046200000000000000e+04
8.647078336800000000e+10 2.659100000000000000e+04
8.662688573600000000e+10 2.911400000000000000e+04
8.662695800800000000e+10 8.576000000000003638e+03
8.666349106400000000e+10 2.136000000000000000e+04
8.674756653600000000e+10 2.184000000000000000e+04
8.748132183200000000e+10 5.606700000000000000e+04
8.748138106400000000e+10 1.085299999999999636e+04
8.754426936800000000e+10 3.704700000000000000e+04
8.758669336800000000e+10 2.624300000000000000e+04
8.761021842400000000e+10 2.260800000000000000e+04
8.784161943200000000e+10 3.195799999999999272e+04
8.787298748000000000e+10 2.472300000000000000e+04
8.820592156000000000e+10 3.822800000000000000e+04
8.845286676000000000e+10 3.982100000000000000e+04
8.856579717600000000e+10 3.361599999999999272e+04
8.861352983200000000e+10 2.652200000000000000e+04
8.866974832800000000e+10 2.445100000000000000e+04
8.875305834400000000e+10 2.314900000000000000e+04
8.883015474400000000e+10 2.216100000000000000e+04
8.887323864800000000e+10 1.974299999999999272e+04
8.893271332000000000e+10 1.855700000000000000e+04
8.898866730400000000e+10 1.735400000000000728e+04
8.901054290400000000e+10 1.441699999999999636e+04
8.902090669600000000e+10 1.197100000000000364e+04
8.902217519200000000e+10 9.063999999999996362e+03
8.920513165600000000e+10 1.787399999999999272e+04
8.925585466400000000e+10 1.627000000000000000e+04
8.942208688800000000e+10 2.212600000000000000e+04
8.949122949600000000e+10 2.091300000000000000e+04
8.949149848800000000e+10 1.481600000000000000e+04
8.952774106400000000e+10 1.398600000000000728e+04
8.955578231200000000e+10 1.318299999999999272e+04
8.963743735200000000e+10 1.500900000000000364e+04
8.973909492000000000e+10 1.697600000000000364e+04
8.976316280800000000e+10 1.448100000000000000e+04
8.978933692000000000e+10 1.275400000000000364e+04
8.990197949600000000e+10 1.657599999999999272e+04
