# Timestamps in ns,Energies
1.341353360000000000e+08 8.279300000000000000e+04
1.906891440000000000e+08 4.789200000000000000e+04
5.593203280000000000e+08 5.627200000000000000e+04
9.940990160000000000e+08 6.211400000000000000e+04
1.311197544000000000e+09 5.810600000000000000e+04
1.311243496000000000e+09 3.039999999999992724e+03
1.487764904000000000e+09 4.715000000000000000e+04
1.498629080000000000e+09 2.891099999999999272e+04
1.578576376000000000e+09 2.726900000000000000e+04
1.672507624000000000e+09 2.492699999999999272e+04
1.744633736000000000e+09 2.403200000000000000e+04
1.744695480000000000e+09 4.118000000000000000e+03
1.935497448000000000e+09 2.720100000000000000e+04
1.935577000000000000e+09 1.021700000000000364e+04
2.132177240000000000e+09 2.957699999999999272e+04
2.142341000000000000e+09 2.080000000000000000e+04
2.166608408000000000e+09 1.813500000000000728e+04
2.234532216000000000e+09 1.863400000000000000e+04
2.933783368000000000e+09 5.087500000000000000e+04
3.381713368000000000e+09 6.344900000000000000e+04
3.381761896000000000e+09 5.937999999999996362e+03
4.074545240000000000e+09 7.562400000000001455e+04
4.192788616000000000e+09 4.885600000000000000e+04
4.192847608000000000e+09 1.041000000000000728e+04
4.230953544000000000e+09 3.224000000000000000e+04
4.601481640000000000e+09 4.404800000000000000e+04
4.909226056000000000e+09 4.895900000000000000e+04
5.372538936000000000e+09 5.660300000000000000e+04
5.423886728000000000e+09 4.237900000000000000e+04
5.787314904000000000e+09 5.176400000000000000e+04
5.787419080000000000e+09 1.849100000000000000e+04
5.955484296000000000e+09 3.840100000000000000e+04
6.896914968000000000e+09 7.272900000000000000e+04
7.257956296000000000e+09 6.584000000000000000e+04
7.378062056000000000e+09 4.778300000000000000e+04
7.838038840000000000e+09 5.878400000000000000e+04
8.342415800000000000e+09 6.127200000000000000e+04
8.392936248000000000e+09 4.178100000000000000e+04
8.546139576000000000e+09 3.819100000000000000e+04
8.651933000000000000e+09 3.489299999999999272e+04
9.084340216000000000e+09 5.079300000000000000e+04
9.084386984000000000e+09 2.500000000000007276e+03
9.269578008000000000e+09 4.208700000000000000e+04
9.566895864000000000e+09 4.363400000000000000e+04
9.574308728000000000e+09 2.864099999999999272e+04
9.728510696000000000e+09 3.442200000000000000e+04
1.094844280800000000e+10 8.328900000000000000e+04
1.094852168800000000e+10 2.561400000000000000e+04
1.156270439200000000e+10 6.835400000000000000e+04
1.156275573600000000e+10 9.515999999999996362e+03
1.158000613600000000e+10 3.395300000000000000e+04
1.185847916000000000e+10 4.393700000000000000e+04
1.244156760800000000e+10 5.931600000000000000e+04
1.250363157600000000e+10 4.288800000000000000e+04
1.252117399200000000e+10 2.811400000000000000e+04
1.252124863200000000e+10 8.798000000000003638e+03
1.272977552800000000e+10 3.204800000000000000e+04
1.302016431200000000e+10 3.864800000000000000e+04
1.307695917600000000e+10 3.200700000000000000e+04
1.311123743200000000e+10 2.591500000000000000e+04
1.354124504800000000e+10 4.133600000000000000e+04
1.360787335200000000e+10 3.586900000000000000e+04
1.376875727200000000e+10 3.314199999999999272e+04
1.383343506400000000e+10 2.738400000000000000e+04
1.399358629600000000e+10 3.112500000000000000e+04
1.410606242400000000e+10 2.757299999999999272e+04
1.414457050400000000e+10 2.599900000000000728e+04
1.417464287200000000e+10 1.954300000000000000e+04
1.423499954400000000e+10 1.840500000000000000e+04
1.445493908000000000e+10 2.645700000000000000e+04
1.482005615200000000e+10 3.894600000000000000e+04
1.585549388000000000e+10 8.582399999999997090e+04
1.585570488800000000e+10 4.070400000000000000e+04
1.609744469600000000e+10 4.797200000000000000e+04
1.650971276000000000e+10 5.763100000000000000e+04
1.660824383200000000e+10 4.352600000000000000e+04
1.660840338400000000e+10 2.425600000000000000e+04
1.676505031200000000e+10 3.075799999999999272e+04
1.691753591200000000e+10 3.220000000000000728e+04
1.691759868000000000e+10 6.633999999999996362e+03
1.704630730400000000e+10 2.916500000000000000e+04
1.705814904800000000e+10 2.101000000000000000e+04
1.749212700000000000e+10 4.145600000000000000e+04
1.762829344800000000e+10 3.544700000000000000e+04
1.781640016800000000e+10 3.689100000000000000e+04
1.850740524000000000e+10 6.481200000000000000e+04
1.850776852000000000e+10 3.726700000000000000e+04
1.889363791200000000e+10 4.939700000000000000e+04
1.899172229600000000e+10 4.250300000000000000e+04
1.899183415200000000e+10 1.945500000000000000e+04
1.899192372000000000e+10 8.989999999999996362e+03
1.902523927200000000e+10 2.102499999999999272e+04
1.927854024800000000e+10 3.022500000000000000e+04
1.927867010400000000e+10 1.019899999999999272e+04
1.994467250400000000e+10 6.217700000000000000e+04
2.000494688800000000e+10 3.682500000000000000e+04
2.060570319200000000e+10 6.033900000000000000e+04
2.070273751200000000e+10 4.756700000000000000e+04
2.095292861600000000e+10 4.363200000000000000e+04
2.098063218400000000e+10 3.042399999999999272e+04
2.098073525600000000e+10 9.429000000000007276e+03
2.100509741600000000e+10 2.045700000000000000e+04
2.218406047200000000e+10 7.461200000000000000e+04
2.255751024800000000e+10 6.298600000000000000e+04
2.258631885600000000e+10 4.039300000000000000e+04
2.281752381600000000e+10 4.510200000000000000e+04
2.284759623200000000e+10 2.921600000000000728e+04
2.295556124000000000e+10 2.861899999999999272e+04
2.316189810400000000e+10 3.208499999999999272e+04
2.318072775200000000e+10 2.508900000000000000e+04
2.331920832800000000e+10 2.780800000000000000e+04
2.373703725600000000e+10 4.816900000000000000e+04
2.374956130400000000e+10 2.768400000000000000e+04
2.391185021600000000e+10 3.327900000000000000e+04
2.425176442400000000e+10 4.733200000000000000e+04
2.433394725600000000e+10 3.203000000000000000e+04
2.433412845600000000e+10 2.268900000000000000e+04
2.484212191200000000e+10 4.655200000000000000e+04
2.484219770400000000e+10 1.186000000000000364e+04
2.487408876000000000e+10 2.848800000000000000e+04
2.538156893600000000e+10 5.491300000000000000e+04
2.542812106400000000e+10 3.319699999999999272e+04
2.588275944800000000e+10 5.226300000000000000e+04
2.646039365600000000e+10 6.462500000000000000e+04
2.646421991200000000e+10 3.647200000000000000e+04
2.655690074400000000e+10 3.321300000000000000e+04
2.670746964000000000e+10 3.099500000000000000e+04
2.694509336800000000e+10 3.677600000000000000e+04
2.764931156000000000e+10 7.177000000000000000e+04
2.822616527200000000e+10 6.597200000000000000e+04
2.854847837600000000e+10 5.680200000000000000e+04
2.854863018400000000e+10 1.852999999999999272e+04
2.870816268000000000e+10 3.893000000000000000e+04
2.903947220000000000e+10 4.394300000000000000e+04
2.909081943200000000e+10 3.389100000000000000e+04
2.921005058400000000e+10 3.145700000000000000e+04
2.924021943200000000e+10 2.456800000000000000e+04
2.940116620000000000e+10 2.754100000000000728e+04
3.022468938400000000e+10 6.342600000000000000e+04
3.023089535200000000e+10 3.359100000000000000e+04
3.051614476000000000e+10 4.507200000000000000e+04
3.095269429600000000e+10 5.450500000000000000e+04
3.111772116000000000e+10 4.624300000000000000e+04
3.115413269600000000e+10 3.355300000000000000e+04
3.115420394400000000e+10 1.014499999999999636e+04
3.154952949600000000e+10 4.205100000000000000e+04
3.192818364000000000e+10 4.964900000000000000e+04
3.196887618400000000e+10 3.332100000000000728e+04
3.298095080800000000e+10 8.320200000000000000e+04
3.298100671200000000e+10 1.298799999999999272e+04
3.313342736800000000e+10 4.710100000000000000e+04
3.313348448800000000e+10 7.987000000000000000e+03
3.313942042400000000e+10 2.793700000000000000e+04
3.425706564000000000e+10 7.905100000000000000e+04
3.432917767200000000e+10 4.650200000000000000e+04
3.435818813600000000e+10 3.552000000000000000e+04
3.477579632800000000e+10 5.111200000000000000e+04
3.487339114400000000e+10 3.865500000000000000e+04
3.491902160800000000e+10 2.851100000000000000e+04
3.599260676000000000e+10 7.163200000000000000e+04
3.599265234400000000e+10 4.981999999999996362e+03
3.615541946400000000e+10 5.719200000000000000e+04
3.718977461600000000e+10 9.214800000000000000e+04
3.730728416800000000e+10 5.286400000000000000e+04
3.745132562400000000e+10 4.637500000000000000e+04
3.760469653600000000e+10 3.723400000000000000e+04
3.760478943200000000e+10 1.683399999999999636e+04
3.778202911200000000e+10 3.521400000000000000e+04
3.813376095200000000e+10 4.471200000000000000e+04
3.823054607200000000e+10 3.500700000000000000e+04
3.823064784800000000e+10 1.559300000000000364e+04
3.826298100000000000e+10 2.328800000000000000e+04
3.826308090400000000e+10 1.036400000000000000e+04
3.842750892000000000e+10 2.520200000000000000e+04
3.875148207200000000e+10 3.873000000000000000e+04
3.889448223200000000e+10 3.632100000000000000e+04
3.927977359200000000e+10 4.387700000000000000e+04
3.928189226400000000e+10 3.014099999999999272e+04
3.963918578400000000e+10 4.812600000000000000e+04
3.966088511200000000e+10 3.200000000000000000e+04
3.983251778400000000e+10 3.048700000000000000e+04
3.983261717600000000e+10 1.378099999999999636e+04
4.010779548000000000e+10 3.517699999999999272e+04
4.043488975200000000e+10 4.455400000000000000e+04
4.096546452000000000e+10 6.533800000000000000e+04
4.125039327200000000e+10 5.242600000000000000e+04
4.183765543200000000e+10 6.494400000000000000e+04
4.183785546400000000e+10 3.449400000000000000e+04
4.190328679200000000e+10 3.420800000000000000e+04
4.207270541600000000e+10 3.836800000000000000e+04
4.208560133600000000e+10 2.534400000000000000e+04
4.334391720800000000e+10 8.627399999999997090e+04
4.335685720800000000e+10 4.820900000000000000e+04
4.384746151200000000e+10 5.672900000000000000e+04
4.389051692000000000e+10 3.790700000000000000e+04
4.424091992800000000e+10 4.767500000000000000e+04
4.497988360800000000e+10 6.849600000000000000e+04
4.540155975200000000e+10 6.086700000000000000e+04
4.548076592800000000e+10 4.129500000000000000e+04
4.554691349600000000e+10 3.597900000000000000e+04
4.554698232800000000e+10 1.611999999999992724e+03
4.561579112800000000e+10 2.639799999999999272e+04
4.598043005600000000e+10 4.021400000000000000e+04
4.636221488800000000e+10 5.603800000000000000e+04
4.637433748000000000e+10 3.030400000000000000e+04
4.644200989600000000e+10 2.832000000000000728e+04
4.653537628000000000e+10 2.641699999999999272e+04
4.675985701600000000e+10 3.563700000000000728e+04
4.675991343200000000e+10 4.777000000000000000e+03
4.678164005600000000e+10 2.157600000000000000e+04
4.684918559200000000e+10 2.201600000000000000e+04
4.706902285600000000e+10 3.162600000000000000e+04
4.733064351200000000e+10 3.403400000000000000e+04
4.737337092000000000e+10 2.724100000000000728e+04
4.756362650400000000e+10 3.298300000000000728e+04
4.768312263200000000e+10 3.106400000000000728e+04
4.781520120800000000e+10 3.039899999999999272e+04
4.798699610400000000e+10 3.064199999999999272e+04
4.857976898400000000e+10 5.511600000000000000e+04
4.936328021600000000e+10 6.981100000000000000e+04
4.966042160800000000e+10 5.791200000000000000e+04
4.966046698400000000e+10 3.290999999999996362e+03
4.981121104800000000e+10 4.626700000000000000e+04
5.007339453600000000e+10 4.608900000000000000e+04
5.033881967200000000e+10 4.751000000000000000e+04
5.107892420000000000e+10 7.106400000000000000e+04
5.113733584800000000e+10 4.669800000000000000e+04
5.147446941600000000e+10 5.104300000000000000e+04
5.147452250400000000e+10 7.461000000000000000e+03
5.204811557600000000e+10 5.843500000000000000e+04
5.206302066400000000e+10 3.882400000000000000e+04
5.306508064800000000e+10 7.313600000000000000e+04
5.344090210400000000e+10 6.632400000000000000e+04
5.357300272800000000e+10 4.553500000000000000e+04
5.357306687200000000e+10 1.128799999999999272e+04
5.360563044000000000e+10 2.720500000000000000e+04
5.379408287200000000e+10 3.146599999999999272e+04
5.406350725600000000e+10 3.915800000000000000e+04
5.523750992800000000e+10 7.741700000000000000e+04
5.532102384800000000e+10 5.436800000000000000e+04
5.532108082400000000e+10 9.469999999999996362e+03
5.532114346400000000e+10 1.967999999999996362e+03
5.540846040800000000e+10 3.271900000000000000e+04
5.563109559200000000e+10 3.978500000000000000e+04
5.608803216800000000e+10 5.282000000000000000e+04
5.627056207200000000e+10 4.608200000000000000e+04
5.639191477600000000e+10 3.664100000000000000e+04
5.639203101600000000e+10 3.007999999999992724e+03
5.663081434400000000e+10 3.645500000000000000e+04
5.691984943200000000e+10 4.026500000000000000e+04
5.691993168800000000e+10 1.682999999999999272e+04
5.705105346400000000e+10 3.246400000000000000e+04
5.752439911200000000e+10 4.762400000000000000e+04
5.754378853600000000e+10 3.571199999999999272e+04
5.765002060000000000e+10 3.156999999999999272e+04
5.834381205600000000e+10 6.208900000000000000e+04
5.871571424800000000e+10 5.866200000000000000e+04
5.871576128800000000e+10 4.536000000000003638e+03
5.907588312800000000e+10 5.397100000000000000e+04
5.911901341600000000e+10 3.432500000000000000e+04
5.919150154400000000e+10 3.409600000000000000e+04
6.045164712800000000e+10 9.000399999999997090e+04
6.103667732000000000e+10 6.919700000000000000e+04
6.119399205600000000e+10 5.423500000000000000e+04
6.132103098400000000e+10 3.907800000000000000e+04
6.162748652000000000e+10 4.630700000000000000e+04
6.186733144800000000e+10 4.189800000000000000e+04
6.187409109600000000e+10 2.864799999999999272e+04
6.254839095200000000e+10 6.405300000000000000e+04
6.292705421600000000e+10 5.579000000000000000e+04
6.292709925600000000e+10 2.729000000000007276e+03
6.327337031200000000e+10 5.150600000000000000e+04
6.327343319200000000e+10 1.413800000000000000e+04
6.365511303200000000e+10 5.457200000000000000e+04
6.405592847200000000e+10 5.327500000000000000e+04
6.415821232800000000e+10 4.462400000000000000e+04
6.420861551200000000e+10 3.139300000000000000e+04
6.479721240800000000e+10 5.983600000000000000e+04
6.479727549600000000e+10 2.604000000000007276e+03
6.553792519200000000e+10 8.052000000000000000e+04
6.581673112800000000e+10 5.620800000000000000e+04
6.602313015200000000e+10 4.696300000000000000e+04
6.605952906400000000e+10 3.305300000000000000e+04
6.641938069600000000e+10 4.786100000000000000e+04
6.683176365600000000e+10 5.961000000000000000e+04
6.698199946400000000e+10 4.356200000000000000e+04
6.754099767200000000e+10 6.699900000000000000e+04
6.755029290400000000e+10 3.348500000000000000e+04
6.759389028000000000e+10 2.841699999999999272e+04
6.777374192800000000e+10 3.192000000000000728e+04
6.777395132000000000e+10 2.399799999999999272e+04
6.854975567200000000e+10 5.950500000000000000e+04
6.916396157600000000e+10 6.912300000000000000e+04
6.932870407200000000e+10 4.896500000000000000e+04
7.051027780000000000e+10 9.138600000000000000e+04
7.051032255200000000e+10 4.945999999999992724e+03
7.060717208800000000e+10 4.518300000000000000e+04
7.064052930400000000e+10 3.525499999999999272e+04
7.064058719200000000e+10 5.927999999999996362e+03
7.156663468000000000e+10 6.879400000000000000e+04
7.158656020000000000e+10 4.787400000000000000e+04
7.190990096800000000e+10 5.013300000000000000e+04
7.190999408800000000e+10 2.203299999999999272e+04
7.226160524000000000e+10 5.306400000000000000e+04
7.238950340000000000e+10 3.683800000000000000e+04
7.285524845600000000e+10 5.351400000000000000e+04
7.349739671200000000e+10 6.836300000000000000e+04
7.360633253600000000e+10 4.578100000000000000e+04
7.360642288800000000e+10 2.395800000000000000e+04
7.391058311200000000e+10 4.358400000000000000e+04
7.391064159200000000e+10 8.001000000000003638e+03
7.485641280800000000e+10 6.982500000000000000e+04
7.536004853600000000e+10 6.923800000000000000e+04
7.536018941600000000e+10 3.671100000000000000e+04
7.537063136800000000e+10 2.730500000000000000e+04
7.547615820000000000e+10 2.828400000000000728e+04
7.553189997600000000e+10 2.572100000000000000e+04
7.558778816800000000e+10 2.250700000000000000e+04
7.669259292000000000e+10 7.105000000000000000e+04
7.669264776800000000e+10 1.302000000000000364e+04
7.720794805600000000e+10 6.751400000000000000e+04
7.724058919200000000e+10 4.014500000000000000e+04
7.740780815200000000e+10 4.251000000000000000e+04
7.749230658400000000e+10 3.233300000000000728e+04
7.814927018400000000e+10 5.813600000000000000e+04
7.836926847200000000e+10 5.013500000000000000e+04
7.896418437600000000e+10 6.853700000000000000e+04
7.917413416800000000e+10 4.745900000000000000e+04
7.917422183200000000e+10 1.803199999999999272e+04
7.927444103200000000e+10 3.486099999999999272e+04
7.985462295200000000e+10 5.676800000000000000e+04
8.033195658400000000e+10 6.442200000000000000e+04
8.038332868000000000e+10 4.035600000000000000e+04
8.038346629600000000e+10 1.707800000000000000e+04
8.038478717600000000e+10 1.933300000000000728e+04
8.087351709600000000e+10 4.414100000000000000e+04
8.088940802400000000e+10 2.902800000000000728e+04
8.097202312800000000e+10 2.976300000000000000e+04
8.176394320800000000e+10 6.707300000000000000e+04
8.179997908000000000e+10 4.109100000000000000e+04
8.248226266400000000e+10 6.128800000000000000e+04
8.248233200800000000e+10 1.923000000000000000e+04
8.248238872800000000e+10 1.629999999999992724e+03
8.248246872800000000e+10 6.334000000000000000e+03
8.300961388000000000e+10 5.523800000000000000e+04
8.422451834400000000e+10 8.120100000000000000e+04
8.422457093600000000e+10 1.194400000000000000e+04
8.422463714400000000e+10 9.203000000000003638e+03
8.422472255200000000e+10 1.192900000000000364e+04
8.450273245600000000e+10 4.360000000000000000e+04
8.468107426400000000e+10 4.581000000000000000e+04
8.492570508000000000e+10 4.190500000000000000e+04
8.546429362400000000e+10 5.732900000000000000e+04
8.551965892000000000e+10 4.504800000000000000e+04
8.554573962400000000e+10 2.965000000000000000e+04
8.561310580000000000e+10 2.638700000000000000e+04
8.573150351200000000e+10 2.756899999999999272e+04
8.720724194400000000e+10 8.580000000000000000e+04
8.720729639200000000e+10 1.337199999999999272e+04
8.720736061600000000e+10 8.005000000000003638e+03
8.735662391200000000e+10 4.631000000000000000e+04
8.736322293600000000e+10 3.084999999999999272e+04
8.754722040800000000e+10 3.398399999999999272e+04
8.829335004000000000e+10 7.037200000000000000e+04
8.833792244000000000e+10 4.180900000000000000e+04
8.894037808800000000e+10 6.476800000000000000e+04
8.894048237600000000e+10 5.091000000000003638e+03
8.907470349600000000e+10 3.628800000000000728e+04
8.930061653600000000e+10 4.300800000000000000e+04
8.937749573600000000e+10 3.363800000000000000e+04
8.937758301600000000e+10 1.185000000000000364e+04
8.937970469600000000e+10 1.742900000000000000e+04
8.966361370400000000e+10 3.392099999999999272e+04
