# Timestamps in ns,Energies
4.699179440000000000e+08 7.100300000000000000e+04
6.357273520000000000e+08 4.676100000000000000e+04
7.501812240000000000e+08 3.811200000000000000e+04
1.136851016000000000e+09 4.886400000000000000e+04
1.192199496000000000e+09 3.505000000000000000e+04
1.252968440000000000e+09 3.053600000000000728e+04
1.732902040000000000e+09 4.939200000000000000e+04
1.732950344000000000e+09 3.863000000000007276e+03
1.766055144000000000e+09 3.027800000000000000e+04
2.137415160000000000e+09 4.136200000000000000e+04
2.931732520000000000e+09 7.569600000000000000e+04
3.079382136000000000e+09 5.319300000000000000e+04
3.079451960000000000e+09 1.296200000000000728e+04
3.156499064000000000e+09 3.594400000000000728e+04
3.451627768000000000e+09 4.038000000000000000e+04
3.892110904000000000e+09 5.453600000000000000e+04
4.504104712000000000e+09 6.583300000000000000e+04
5.187646584000000000e+09 7.208100000000000000e+04
6.358497752000000000e+09 8.831200000000000000e+04
6.789580328000000000e+09 6.391300000000000000e+04
7.410695768000000000e+09 6.919200000000000000e+04
7.837482600000000000e+09 6.091200000000000000e+04
7.975814328000000000e+09 4.925800000000000000e+04
8.503904568000000000e+09 6.754700000000000000e+04
8.504144184000000000e+09 3.932900000000000000e+04
8.893614888000000000e+09 5.037600000000000000e+04
9.559134840000000000e+09 6.781700000000000000e+04
9.809672328000000000e+09 5.562900000000000000e+04
1.010570644000000000e+10 5.147200000000000000e+04
1.033959191200000000e+10 5.199500000000000000e+04
1.056935509600000000e+10 4.293100000000000000e+04
1.083186724000000000e+10 4.650200000000000000e+04
1.171142048800000000e+10 6.810500000000000000e+04
1.188216842400000000e+10 5.565700000000000000e+04
1.188222176800000000e+10 8.179999999999992724e+03
1.326290226400000000e+10 7.716000000000000000e+04
1.369290837600000000e+10 6.944000000000000000e+04
1.430319682400000000e+10 6.843200000000000000e+04
1.516098375200000000e+10 7.658400000000000000e+04
1.520413501600000000e+10 4.756900000000000000e+04
1.588268008800000000e+10 6.425300000000000000e+04
1.668844780000000000e+10 7.523500000000000000e+04
1.715103253600000000e+10 7.288000000000000000e+04
1.737689677600000000e+10 5.988900000000000000e+04
1.739969453600000000e+10 3.402800000000000000e+04
1.744119125600000000e+10 2.737600000000000000e+04
1.774822855200000000e+10 3.869000000000000000e+04
1.781507170400000000e+10 2.964199999999999272e+04
1.783474764000000000e+10 2.385800000000000000e+04
1.796198138400000000e+10 2.483100000000000000e+04
1.796786000800000000e+10 1.906500000000000000e+04
1.818647512800000000e+10 2.616000000000000000e+04
2.019165184800000000e+10 9.693600000000000000e+04
2.087933165600000000e+10 8.046600000000000000e+04
2.108003466400000000e+10 5.232200000000000000e+04
2.265434368800000000e+10 8.802500000000000000e+04
2.274884472800000000e+10 5.586600000000000000e+04
2.322022248800000000e+10 6.581700000000000000e+04
2.324188482400000000e+10 3.961400000000000000e+04
2.396236306400000000e+10 5.942100000000000000e+04
2.409441045600000000e+10 5.276700000000000000e+04
2.513512372000000000e+10 7.242600000000000000e+04
2.513519151200000000e+10 1.917700000000000000e+04
2.524772444000000000e+10 4.269600000000000000e+04
2.533501687200000000e+10 3.596799999999999272e+04
2.540388701600000000e+10 2.996800000000000000e+04
2.578518805600000000e+10 4.464800000000000000e+04
2.592558256800000000e+10 3.855200000000000000e+04
2.594852423200000000e+10 2.818199999999999272e+04
2.598579679200000000e+10 2.377100000000000000e+04
2.598585912800000000e+10 4.594999999999996362e+03
2.727087253600000000e+10 7.008800000000000000e+04
2.812730492000000000e+10 7.531500000000000000e+04
2.878140079200000000e+10 6.888300000000000000e+04
2.919843696800000000e+10 6.500100000000000000e+04
2.919851946400000000e+10 2.091100000000000000e+04
2.919858077600000000e+10 5.247999999999996362e+03
2.923211132000000000e+10 3.207200000000000000e+04
2.948256530400000000e+10 3.810400000000000000e+04
3.001631293600000000e+10 5.232100000000000000e+04
3.036909007200000000e+10 5.754400000000000000e+04
3.051388320800000000e+10 4.667300000000000000e+04
3.051480544800000000e+10 2.768900000000000000e+04
3.057513687200000000e+10 2.755100000000000000e+04
3.071073002400000000e+10 2.776800000000000000e+04
3.071079071200000000e+10 5.305000000000007276e+03
3.093106972000000000e+10 3.084800000000000728e+04
3.108374370400000000e+10 3.072000000000000000e+04
3.135163212000000000e+10 3.548300000000000000e+04
3.154321904800000000e+10 3.518600000000000728e+04
3.167380468000000000e+10 3.296000000000000000e+04
3.189708132000000000e+10 3.760000000000000000e+04
3.243722453600000000e+10 5.516000000000000000e+04
3.243730487200000000e+10 1.715100000000000000e+04
3.315250952800000000e+10 6.353800000000000000e+04
3.353102863200000000e+10 5.648500000000000000e+04
3.397343146400000000e+10 6.054500000000000000e+04
3.397354205600000000e+10 2.551100000000000000e+04
3.405718106400000000e+10 3.438400000000000728e+04
3.451085061600000000e+10 4.766100000000000000e+04
3.465203079200000000e+10 4.567700000000000000e+04
3.465207983200000000e+10 2.497000000000000000e+03
3.501157658400000000e+10 5.184200000000000000e+04
3.501164348000000000e+10 1.287299999999999636e+04
3.540446760800000000e+10 4.677600000000000000e+04
3.608660000800000000e+10 6.498700000000000000e+04
3.617434328800000000e+10 4.330200000000000000e+04
3.653479668000000000e+10 5.383500000000000000e+04
3.675086330400000000e+10 4.597000000000000000e+04
3.708131677600000000e+10 4.988100000000000000e+04
3.787826741600000000e+10 7.439400000000000000e+04
3.792372341600000000e+10 4.293300000000000000e+04
3.792377130400000000e+10 1.703000000000003638e+03
3.828106244000000000e+10 4.685000000000000000e+04
3.865288157600000000e+10 5.313600000000000000e+04
3.865299863200000000e+10 1.610900000000000364e+04
3.877289524000000000e+10 3.599600000000000728e+04
3.882832650400000000e+10 2.854499999999999272e+04
3.942843850400000000e+10 5.444900000000000000e+04
4.083265989600000000e+10 8.913200000000000000e+04
4.228748863200000000e+10 9.134100000000000000e+04
4.246419620000000000e+10 6.286600000000000000e+04
4.246609976800000000e+10 4.120400000000000000e+04
4.278004618400000000e+10 4.747300000000000000e+04
4.300067988000000000e+10 4.164400000000000000e+04
4.356191021600000000e+10 6.453200000000000000e+04
4.384598308000000000e+10 4.880000000000000000e+04
4.390920922400000000e+10 3.840700000000000000e+04
4.509037773600000000e+10 7.948100000000000000e+04
4.510898802400000000e+10 5.472000000000000000e+04
4.546924872800000000e+10 4.833100000000000000e+04
4.546931392800000000e+10 1.399300000000000000e+04
4.576206551200000000e+10 4.404900000000000000e+04
4.599098436000000000e+10 4.651500000000000000e+04
4.603293460000000000e+10 3.167899999999999272e+04
4.657688205600000000e+10 4.913700000000000000e+04
4.659443725600000000e+10 3.630099999999999272e+04
4.679419882400000000e+10 3.944900000000000000e+04
4.711126600800000000e+10 4.160100000000000000e+04
4.711139954400000000e+10 2.611200000000000728e+04
4.721157442400000000e+10 2.966300000000000000e+04
4.729981922400000000e+10 2.895800000000000728e+04
4.741642836000000000e+10 2.664300000000000000e+04
4.788079724000000000e+10 4.238400000000000000e+04
4.885756501600000000e+10 7.367600000000000000e+04
4.976654805600000000e+10 7.419200000000000000e+04
5.051853509600000000e+10 8.514500000000000000e+04
5.084419373600000000e+10 5.973600000000000000e+04
5.136944714400000000e+10 6.312600000000000000e+04
5.136951338400000000e+10 1.728899999999999636e+04
5.176694773600000000e+10 5.437600000000000000e+04
5.256058728800000000e+10 7.369099999999998545e+04
5.281222685600000000e+10 5.603400000000000000e+04
5.319078928800000000e+10 5.445100000000000000e+04
5.319093936800000000e+10 3.088100000000000000e+04
5.333023828000000000e+10 3.486700000000000000e+04
5.380685253600000000e+10 4.912200000000000000e+04
5.380694948000000000e+10 2.222900000000000000e+04
5.465216837600000000e+10 6.388100000000000000e+04
5.493042560800000000e+10 5.462600000000000000e+04
5.525510932000000000e+10 5.885200000000000000e+04
5.568764047200000000e+10 5.932900000000000000e+04
5.603802375200000000e+10 5.734700000000000000e+04
5.739361928800000000e+10 8.014400000000000000e+04
5.744116493600000000e+10 4.701200000000000000e+04
5.865663146400000000e+10 7.984100000000000000e+04
5.869739279200000000e+10 4.454400000000000000e+04
5.900863263200000000e+10 5.774400000000000000e+04
5.945672872800000000e+10 5.729700000000000000e+04
6.068262949600000000e+10 9.160300000000000000e+04
6.102929101600000000e+10 6.448100000000000000e+04
6.214399141600000000e+10 7.956000000000000000e+04
6.232269232800000000e+10 5.463400000000000000e+04
6.258056504800000000e+10 4.927700000000000000e+04
6.342281552800000000e+10 6.740000000000000000e+04
6.352206296800000000e+10 5.192000000000000000e+04
6.352230272800000000e+10 3.334300000000000728e+04
6.383547759200000000e+10 4.317600000000000000e+04
6.457564703200000000e+10 6.762500000000000000e+04
6.471733280800000000e+10 4.889900000000000000e+04
6.526807431200000000e+10 6.181500000000000000e+04
6.576397768800000000e+10 5.891600000000000000e+04
6.587204956000000000e+10 5.032000000000000000e+04
6.591684892000000000e+10 3.351900000000000728e+04
6.597523172000000000e+10 2.803300000000000728e+04
6.731251037600000000e+10 7.631200000000000000e+04
6.794257410400000000e+10 7.056200000000000000e+04
6.833683642400000000e+10 5.819500000000000000e+04
6.856828604000000000e+10 4.928200000000000000e+04
6.933407311200000000e+10 6.752200000000000000e+04
6.947854722400000000e+10 5.314600000000000000e+04
6.952768623200000000e+10 3.602000000000000000e+04
7.044648808800000000e+10 7.264000000000000000e+04
7.139677604000000000e+10 8.510400000000001455e+04
7.146450925600000000e+10 4.801000000000000000e+04
7.175210365600000000e+10 4.910000000000000000e+04
7.175217133600000000e+10 6.621999999999992724e+03
7.188119848800000000e+10 3.780800000000000000e+04
7.226964967200000000e+10 4.504000000000000000e+04
7.269857672800000000e+10 5.704600000000000000e+04
7.371447228000000000e+10 7.173800000000000000e+04
7.390361519200000000e+10 5.208900000000000000e+04
7.402324098400000000e+10 4.223300000000000000e+04
7.421814799200000000e+10 4.093000000000000000e+04
7.436102397600000000e+10 3.659400000000000000e+04
7.447651360800000000e+10 3.252900000000000000e+04
7.671198047200000000e+10 9.558300000000000000e+04
7.680827023200000000e+10 5.559300000000000000e+04
7.779868252000000000e+10 7.213600000000000000e+04
7.823099908000000000e+10 7.248800000000000000e+04
7.823111180000000000e+10 2.942600000000000000e+04
7.825162380000000000e+10 3.495000000000000000e+04
7.864866943200000000e+10 4.768600000000000000e+04
7.905422767200000000e+10 4.976200000000000000e+04
7.905430885600000000e+10 9.628000000000000000e+03
7.909563183200000000e+10 3.237000000000000728e+04
7.939153688800000000e+10 3.865600000000000000e+04
7.969698813600000000e+10 4.757800000000000000e+04
7.987769037600000000e+10 4.264000000000000000e+04
7.997770620000000000e+10 3.300000000000000728e+04
8.026297775200000000e+10 4.398400000000000000e+04
8.098291159200000000e+10 6.748800000000000000e+04
8.098301744800000000e+10 3.232899999999999272e+04
8.117765077600000000e+10 4.193600000000000000e+04
8.118088391200000000e+10 2.655100000000000000e+04
8.126334077600000000e+10 2.685400000000000000e+04
8.145821871200000000e+10 3.318000000000000000e+04
8.157610493600000000e+10 3.082600000000000000e+04
8.162219023200000000e+10 2.415199999999999272e+04
8.188882477600000000e+10 3.153800000000000000e+04
8.205829440800000000e+10 3.401600000000000000e+04
8.289055794400000000e+10 6.477800000000000000e+04
8.304624839200000000e+10 4.988200000000000000e+04
8.318496936800000000e+10 4.045800000000000000e+04
8.340656868000000000e+10 3.989900000000000000e+04
8.355606813600000000e+10 3.558300000000000000e+04
8.405904712800000000e+10 5.009000000000000000e+04
8.405909479200000000e+10 3.488000000000007276e+03
8.504812157600000000e+10 6.985100000000000000e+04
8.541485938400000000e+10 6.016400000000000000e+04
8.614323984800000000e+10 8.001600000000001455e+04
8.619438780000000000e+10 4.638100000000000000e+04
8.619443525600000000e+10 3.122000000000003638e+03
8.619463839200000000e+10 2.176200000000000000e+04
8.633463280800000000e+10 3.190599999999999272e+04
8.633470375200000000e+10 9.174999999999996362e+03
8.640467092000000000e+10 2.624599999999999272e+04
8.640890093600000000e+10 1.855400000000000000e+04
8.651466752800000000e+10 2.224800000000000000e+04
8.661105463200000000e+10 2.232900000000000000e+04
8.758293415200000000e+10 6.929100000000000000e+04
8.855705957600000000e+10 8.368200000000000000e+04
8.855714290400000000e+10 1.819100000000000728e+04
8.863178474400000000e+10 4.146300000000000000e+04
8.863187085600000000e+10 1.620600000000000364e+04
8.872780863200000000e+10 3.223000000000000000e+04
8.945002999200000000e+10 5.689100000000000000e+04
