# Timestamps in ns,Energies
1.863762400000000000e+07 2.104000000000000000e+04
4.747028000000000000e+07 1.785700000000000000e+04
1.059172560000000000e+08 1.693099999999999272e+04
1.864392560000000000e+08 1.788300000000000000e+04
3.067107600000000000e+08 2.017700000000000000e+04
4.170634160000000000e+08 2.072000000000000000e+04
4.315595600000000000e+08 1.716699999999999636e+04
5.049384080000000000e+08 1.787300000000000000e+04
6.120367120000000000e+08 2.016300000000000000e+04
6.868282800000000000e+08 2.002000000000000000e+04
8.410800400000000000e+08 2.287300000000000000e+04
1.011448312000000000e+09 2.707399999999999272e+04
1.068616264000000000e+09 2.343200000000000000e+04
1.160767416000000000e+09 2.279600000000000000e+04
1.462693656000000000e+09 3.400700000000000728e+04
1.604131768000000000e+09 3.222400000000000000e+04
1.626182472000000000e+09 2.360800000000000000e+04
1.712124152000000000e+09 2.329500000000000000e+04
1.823493336000000000e+09 2.483400000000000000e+04
1.882446072000000000e+09 2.120400000000000000e+04
2.024053480000000000e+09 2.573500000000000000e+04
2.116245592000000000e+09 2.313700000000000728e+04
2.116365864000000000e+09 1.284700000000000728e+04
2.162051176000000000e+09 1.788800000000000000e+04
2.223750552000000000e+09 1.738800000000000000e+04
2.391695608000000000e+09 2.224600000000000728e+04
2.462146168000000000e+09 2.076700000000000000e+04
2.465050776000000000e+09 1.517300000000000364e+04
2.533514904000000000e+09 1.695600000000000000e+04
2.696531032000000000e+09 2.087900000000000000e+04
2.777712168000000000e+09 2.181800000000000000e+04
2.869459368000000000e+09 2.149300000000000000e+04
2.881226760000000000e+09 1.656000000000000000e+04
3.021266152000000000e+09 2.042200000000000000e+04
3.043382600000000000e+09 1.731600000000000364e+04
3.045944168000000000e+09 1.312899999999999272e+04
3.267158408000000000e+09 2.236500000000000728e+04
3.326816616000000000e+09 2.129400000000000000e+04
3.375175512000000000e+09 1.815400000000000000e+04
3.377390120000000000e+09 1.397499999999999636e+04
3.392613432000000000e+09 1.227799999999999272e+04
3.554883352000000000e+09 1.871500000000000000e+04
3.613895080000000000e+09 1.791299999999999636e+04
3.614011384000000000e+09 9.750999999999996362e+03
3.796130824000000000e+09 2.167499999999999272e+04
3.821292952000000000e+09 1.743500000000000000e+04
3.842103704000000000e+09 1.508000000000000000e+04
3.950157848000000000e+09 1.765699999999999636e+04
3.950259832000000000e+09 8.098999999999996362e+03
4.058586520000000000e+09 1.706700000000000000e+04
4.110518760000000000e+09 1.616800000000000364e+04
4.161586584000000000e+09 1.530799999999999636e+04
4.300016952000000000e+09 1.896900000000000000e+04
4.426077208000000000e+09 2.121100000000000000e+04
4.435269624000000000e+09 1.688800000000000000e+04
4.487239064000000000e+09 1.664699999999999272e+04
4.577624088000000000e+09 1.744300000000000000e+04
4.619186344000000000e+09 1.627199999999999636e+04
5.014133880000000000e+09 3.303100000000000000e+04
5.014202920000000000e+09 9.570000000000007276e+03
5.123343192000000000e+09 2.721500000000000000e+04
5.227040600000000000e+09 2.761200000000000000e+04
5.258741928000000000e+09 2.035000000000000000e+04
5.334986680000000000e+09 2.079600000000000000e+04
5.444496936000000000e+09 2.303200000000000000e+04
5.464603464000000000e+09 1.752100000000000000e+04
5.637178808000000000e+09 2.337900000000000000e+04
5.750064328000000000e+09 2.426199999999999272e+04
6.041212248000000000e+09 3.321200000000000728e+04
6.229553688000000000e+09 3.662000000000000000e+04
6.279016744000000000e+09 2.749800000000000000e+04
6.396389336000000000e+09 2.631500000000000000e+04
6.444205160000000000e+09 2.240000000000000000e+04
6.537288728000000000e+09 2.317800000000000000e+04
6.590093016000000000e+09 1.995400000000000000e+04
6.643393912000000000e+09 1.900000000000000000e+04
6.673638216000000000e+09 1.605000000000000000e+04
6.699068488000000000e+09 1.392599999999999636e+04
6.740020168000000000e+09 1.363599999999999272e+04
6.831022744000000000e+09 1.567700000000000000e+04
6.879590216000000000e+09 1.482200000000000000e+04
7.012827160000000000e+09 1.831800000000000728e+04
7.058225960000000000e+09 1.677600000000000000e+04
7.205530040000000000e+09 2.092200000000000000e+04
7.211329048000000000e+09 1.588000000000000728e+04
7.322045048000000000e+09 1.825900000000000728e+04
7.394909512000000000e+09 1.811999999999999636e+04
7.613152520000000000e+09 2.561900000000000000e+04
7.619692520000000000e+09 1.889500000000000000e+04
7.698695320000000000e+09 2.023700000000000000e+04
7.830770216000000000e+09 2.245300000000000000e+04
7.864078872000000000e+09 1.897000000000000000e+04
7.874327624000000000e+09 1.491899999999999272e+04
7.990052920000000000e+09 1.873200000000000000e+04
8.072831368000000000e+09 1.867300000000000000e+04
8.072944728000000000e+09 1.110700000000000728e+04
8.073063736000000000e+09 5.758999999999992724e+03
8.116989128000000000e+09 1.372100000000000364e+04
8.242332888000000000e+09 1.752000000000000000e+04
8.269187864000000000e+09 1.517500000000000000e+04
8.376555672000000000e+09 1.728200000000000000e+04
8.384899144000000000e+09 1.353200000000000364e+04
8.450029208000000000e+09 1.501500000000000364e+04
8.522016456000000000e+09 1.543099999999999636e+04
8.638451016000000000e+09 1.769800000000000000e+04
8.710701736000000000e+09 1.767299999999999272e+04
8.782304264000000000e+09 1.749100000000000000e+04
8.787254520000000000e+09 1.391199999999999636e+04
8.879007976000000000e+09 1.650400000000000000e+04
8.906924568000000000e+09 1.422299999999999272e+04
8.929926872000000000e+09 1.249799999999999636e+04
8.943479144000000000e+09 1.093099999999999272e+04
9.020974392000000000e+09 1.325099999999999272e+04
9.131425352000000000e+09 1.588799999999999272e+04
9.131911640000000000e+09 1.182299999999999272e+04
9.194287528000000000e+09 1.328000000000000000e+04
9.261640968000000000e+09 1.394899999999999636e+04
9.312021608000000000e+09 1.388200000000000728e+04
9.335397368000000000e+09 1.211200000000000000e+04
9.342960728000000000e+09 9.806000000000000000e+03
9.471653480000000000e+09 1.464900000000000000e+04
9.471841880000000000e+09 1.055499999999999636e+04
9.817564808000000000e+09 2.541400000000000000e+04
9.863369320000000000e+09 2.278700000000000000e+04
9.892580392000000000e+09 1.831200000000000000e+04
9.922513288000000000e+09 1.660700000000000000e+04
9.966358424000000000e+09 1.557500000000000000e+04
1.006774327200000000e+10 1.769800000000000000e+04
1.008138868000000000e+10 1.400199999999999636e+04
1.009482991200000000e+10 1.219500000000000364e+04
1.023623135200000000e+10 1.672300000000000000e+04
1.031006677600000000e+10 1.744099999999999272e+04
1.033852484000000000e+10 1.507600000000000364e+04
1.045785392800000000e+10 1.783100000000000728e+04
1.056865610400000000e+10 1.988600000000000000e+04
1.057037042400000000e+10 1.450300000000000728e+04
1.060476463200000000e+10 1.427500000000000728e+04
1.062277986400000000e+10 1.238400000000000728e+04
1.063979788000000000e+10 1.091000000000000000e+04
1.068264135200000000e+10 1.126499999999999272e+04
1.072541036000000000e+10 1.120599999999999272e+04
1.074238808800000000e+10 9.766000000000007276e+03
1.100817589600000000e+10 2.056900000000000000e+04
1.110225581600000000e+10 2.044900000000000000e+04
1.114626552800000000e+10 1.825200000000000000e+04
1.127764293600000000e+10 2.089800000000000000e+04
1.131052607200000000e+10 1.800800000000000000e+04
1.131542184800000000e+10 1.378299999999999272e+04
1.161752759200000000e+10 2.780800000000000000e+04
1.162104316000000000e+10 2.003200000000000000e+04
1.162113839200000000e+10 9.851000000000007276e+03
1.164077837600000000e+10 1.458700000000000728e+04
1.165867168800000000e+10 1.294299999999999636e+04
1.184468140000000000e+10 2.024800000000000000e+04
1.187251700000000000e+10 1.702899999999999636e+04
1.201618898400000000e+10 2.089900000000000000e+04
1.207059320800000000e+10 1.855300000000000000e+04
1.233188871200000000e+10 2.769000000000000728e+04
1.233195856800000000e+10 7.487999999999992724e+03
1.245612116000000000e+10 2.519300000000000000e+04
1.248894125600000000e+10 2.170500000000000000e+04
1.249672290400000000e+10 1.627200000000000728e+04
1.255857720800000000e+10 1.671300000000000000e+04
1.266061344800000000e+10 1.880000000000000000e+04
1.266097088800000000e+10 1.383099999999999636e+04
1.270981132000000000e+10 1.483700000000000000e+04
1.273881800800000000e+10 1.332300000000000728e+04
1.274391749600000000e+10 1.051999999999999636e+04
1.278277959200000000e+10 1.100799999999999636e+04
1.278960112800000000e+10 9.042999999999992724e+03
1.286522071200000000e+10 1.168500000000000728e+04
1.288061152800000000e+10 9.912000000000000000e+03
1.291370338400000000e+10 9.771999999999992724e+03
1.297647839200000000e+10 1.111400000000000728e+04
1.299111799200000000e+10 9.430000000000003638e+03
1.300630018400000000e+10 8.471000000000007276e+03
1.304955669600000000e+10 9.227000000000007276e+03
1.318445391200000000e+10 1.371300000000000364e+04
1.318460688800000000e+10 8.242000000000007276e+03
1.324135101600000000e+10 1.195200000000000000e+04
1.349949655200000000e+10 2.117600000000000000e+04
1.352720967200000000e+10 1.736400000000000728e+04
1.356705525600000000e+10 1.584199999999999272e+04
1.357553997600000000e+10 1.321799999999999272e+04
1.361178028000000000e+10 1.266000000000000728e+04
1.363007685600000000e+10 1.112799999999999636e+04
1.363604162400000000e+10 9.102999999999996362e+03
1.372511280800000000e+10 1.224099999999999272e+04
1.413466717600000000e+10 2.989800000000000728e+04
1.418259103200000000e+10 2.512100000000000000e+04
1.431135602400000000e+10 2.565000000000000000e+04
1.432615341600000000e+10 1.927300000000000000e+04
1.432921794400000000e+10 1.479300000000000364e+04
1.439242770400000000e+10 1.656499999999999636e+04
1.440585863200000000e+10 1.332999999999999272e+04
1.450034152800000000e+10 1.600200000000000728e+04
1.460803367200000000e+10 1.808200000000000000e+04
1.464522968800000000e+10 1.634800000000000364e+04
1.465611005600000000e+10 1.320799999999999636e+04
1.481448060000000000e+10 1.883300000000000000e+04
1.485362735200000000e+10 1.653700000000000000e+04
1.485369860000000000e+10 3.444000000000007276e+03
1.489502540000000000e+10 1.445000000000000000e+04
1.492064018400000000e+10 1.288800000000000364e+04
1.492669712800000000e+10 1.061100000000000364e+04
1.492776564000000000e+10 8.000000000000000000e+03
1.504630076000000000e+10 1.351099999999999636e+04
1.512326660000000000e+10 1.457900000000000000e+04
1.515774965600000000e+10 1.308300000000000000e+04
1.520904589600000000e+10 1.354899999999999636e+04
1.520919591200000000e+10 8.220000000000000000e+03
1.529575284000000000e+10 1.342300000000000364e+04
1.535664282400000000e+10 1.345400000000000728e+04
1.538297362400000000e+10 1.237700000000000000e+04
1.562183252000000000e+10 2.181300000000000000e+04
1.564807290400000000e+10 1.720000000000000000e+04
1.582441810400000000e+10 2.311900000000000000e+04
1.584400799200000000e+10 1.805300000000000728e+04
1.595764000800000000e+10 2.101100000000000000e+04
1.598184448800000000e+10 1.722700000000000000e+04
1.605834901600000000e+10 1.793100000000000000e+04
1.609632125600000000e+10 1.619200000000000000e+04
1.635334298400000000e+10 2.467300000000000000e+04
1.637463709600000000e+10 1.975900000000000000e+04
1.639219509600000000e+10 1.650800000000000364e+04
1.657793412000000000e+10 2.275500000000000000e+04
1.660028440800000000e+10 1.877200000000000000e+04
1.670918344800000000e+10 2.040800000000000000e+04
1.675210279200000000e+10 1.890900000000000000e+04
1.679539213600000000e+10 1.657700000000000000e+04
1.682351549600000000e+10 1.530800000000000728e+04
1.684007386400000000e+10 1.285100000000000364e+04
1.720367981600000000e+10 2.882600000000000000e+04
1.720396986400000000e+10 2.188200000000000000e+04
1.720887213600000000e+10 1.554900000000000000e+04
1.728120375200000000e+10 1.704900000000000000e+04
1.729211378400000000e+10 1.392300000000000000e+04
1.738939365600000000e+10 1.645900000000000000e+04
1.743416250400000000e+10 1.571200000000000728e+04
1.745608471200000000e+10 1.352399999999999272e+04
1.753660948000000000e+10 1.534700000000000728e+04
1.761910605600000000e+10 1.612300000000000000e+04
1.765208956000000000e+10 1.438900000000000728e+04
1.770781668000000000e+10 1.440000000000000364e+04
1.774319887200000000e+10 1.328899999999999636e+04
1.774605048800000000e+10 1.025699999999999636e+04
1.781042581600000000e+10 1.212000000000000728e+04
1.789078756000000000e+10 1.378000000000000000e+04
1.792621255200000000e+10 1.259000000000000728e+04
1.806929653600000000e+10 1.738100000000000000e+04
1.814146376800000000e+10 1.719900000000000000e+04
1.814160280800000000e+10 1.137800000000000000e+04
1.816515200800000000e+10 1.235900000000000364e+04
1.821088690400000000e+10 1.277400000000000364e+04
1.827974013600000000e+10 1.390899999999999272e+04
1.829178127200000000e+10 1.124200000000000728e+04
1.833350124000000000e+10 1.144799999999999636e+04
1.839457356000000000e+10 1.243299999999999636e+04
1.839657085600000000e+10 9.487999999999992724e+03
1.845648301600000000e+10 1.131200000000000728e+04
1.849313884000000000e+10 1.079100000000000728e+04
1.851231116000000000e+10 9.706000000000000000e+03
1.854921732000000000e+10 9.714000000000003638e+03
1.856018570400000000e+10 8.327000000000007276e+03
1.861252919200000000e+10 9.457999999999996362e+03
1.864145141600000000e+10 9.027999999999996362e+03
1.888061684000000000e+10 1.831700000000000728e+04
1.896810652000000000e+10 1.912200000000000000e+04
1.898444410400000000e+10 1.532399999999999636e+04
1.901736597600000000e+10 1.379799999999999272e+04
1.903982618400000000e+10 1.254600000000000728e+04
1.915005848800000000e+10 1.574099999999999272e+04
1.916346269600000000e+10 1.277799999999999272e+04
1.919609720800000000e+10 1.209100000000000000e+04
1.961728437600000000e+10 3.161600000000000000e+04
1.961823941600000000e+10 2.086600000000000000e+04
1.967361759200000000e+10 1.990900000000000000e+04
1.976039668000000000e+10 2.047500000000000000e+04
1.979448685600000000e+10 1.698999999999999272e+04
1.984176210400000000e+10 1.656000000000000000e+04
1.997285015200000000e+10 2.044600000000000728e+04
2.006861316000000000e+10 2.037900000000000000e+04
2.015013484000000000e+10 1.960100000000000000e+04
2.015143829600000000e+10 1.421099999999999272e+04
2.016302007200000000e+10 1.270699999999999272e+04
2.031070461600000000e+10 1.817600000000000000e+04
2.041887508000000000e+10 1.982000000000000000e+04
2.042629762400000000e+10 1.556500000000000000e+04
2.045791032800000000e+10 1.451700000000000000e+04
2.055227080800000000e+10 1.632199999999999272e+04
2.055704336800000000e+10 1.276400000000000000e+04
2.074301512800000000e+10 1.957800000000000000e+04
2.085292597600000000e+10 2.167300000000000000e+04
2.087833072800000000e+10 1.803200000000000728e+04
2.095816400800000000e+10 1.940700000000000000e+04
2.099025442400000000e+10 1.578400000000000000e+04
2.099268664800000000e+10 1.203000000000000364e+04
2.101212450400000000e+10 1.129899999999999636e+04
2.106836101600000000e+10 1.255800000000000000e+04
2.144603340000000000e+10 2.912900000000000728e+04
2.145235095200000000e+10 2.008100000000000000e+04
2.149907800800000000e+10 1.880000000000000000e+04
2.154645320800000000e+10 1.787400000000000000e+04
2.162766946400000000e+10 1.818400000000000000e+04
2.171030722400000000e+10 1.946400000000000728e+04
2.172927516000000000e+10 1.574399999999999636e+04
2.188775436000000000e+10 2.121000000000000000e+04
2.191312496800000000e+10 1.719199999999999636e+04
2.191625778400000000e+10 1.297700000000000000e+04
2.208931554400000000e+10 2.088500000000000000e+04
2.221157453600000000e+10 2.259200000000000000e+04
2.246222400800000000e+10 3.046000000000000000e+04
2.246227628000000000e+10 2.512000000000000000e+03
2.259946447200000000e+10 2.703700000000000000e+04
2.270896368800000000e+10 2.594799999999999272e+04
2.271341192800000000e+10 1.939700000000000000e+04
2.273070999200000000e+10 1.646000000000000000e+04
2.277334728800000000e+10 1.645200000000000000e+04
2.278361479200000000e+10 1.308299999999999272e+04
2.292260773600000000e+10 1.828100000000000000e+04
2.309318772000000000e+10 2.264000000000000000e+04
2.318601333600000000e+10 2.280500000000000000e+04
2.319564100000000000e+10 1.729100000000000000e+04
2.321532456800000000e+10 1.460599999999999272e+04
2.338192375200000000e+10 2.113100000000000000e+04
2.346919930400000000e+10 2.061600000000000728e+04
2.361669552800000000e+10 2.394700000000000000e+04
2.368406677600000000e+10 2.143700000000000000e+04
2.368501191200000000e+10 1.553300000000000728e+04
2.373049704800000000e+10 1.582500000000000364e+04
2.403244618400000000e+10 2.830700000000000000e+04
2.406410148000000000e+10 2.248800000000000000e+04
2.443368840800000000e+10 3.886200000000000000e+04
2.443376842400000000e+10 1.289900000000000000e+04
2.447035704800000000e+10 2.320900000000000000e+04
2.452251461600000000e+10 2.178600000000000000e+04
2.462242656800000000e+10 2.344900000000000000e+04
2.463565141600000000e+10 1.770900000000000000e+04
2.471472104800000000e+10 1.842000000000000728e+04
2.473761007200000000e+10 1.608900000000000364e+04
2.475211205600000000e+10 1.309500000000000364e+04
2.477211575200000000e+10 1.216399999999999636e+04
2.478908412000000000e+10 1.052800000000000728e+04
2.479544124000000000e+10 8.760000000000003638e+03
2.491409866400000000e+10 1.347199999999999636e+04
2.506097335200000000e+10 1.769000000000000000e+04
2.515590583200000000e+10 1.824700000000000000e+04
2.518890314400000000e+10 1.669299999999999272e+04
2.519288436000000000e+10 1.280900000000000728e+04
2.521453845600000000e+10 1.165900000000000000e+04
2.524410109600000000e+10 1.126999999999999272e+04
2.538692416800000000e+10 1.639800000000000000e+04
2.544191095200000000e+10 1.525999999999999272e+04
2.547692980000000000e+10 1.425499999999999636e+04
2.560033493600000000e+10 1.747899999999999636e+04
2.561157839200000000e+10 1.408699999999999636e+04
2.573942562400000000e+10 1.778000000000000000e+04
2.577520586400000000e+10 1.583199999999999636e+04
2.583948893600000000e+10 1.626699999999999636e+04
2.585890564000000000e+10 1.385499999999999272e+04
2.595478538400000000e+10 1.590400000000000728e+04
2.596252055200000000e+10 1.272100000000000000e+04
2.624914714400000000e+10 2.509700000000000728e+04
2.630845344800000000e+10 2.251200000000000728e+04
2.641365149600000000e+10 2.274400000000000000e+04
2.642886096800000000e+10 1.719200000000000728e+04
2.649788741600000000e+10 1.809600000000000000e+04
2.657326221600000000e+10 1.846500000000000000e+04
2.660108250400000000e+10 1.494700000000000364e+04
2.673412104800000000e+10 1.911800000000000000e+04
2.690388124000000000e+10 2.465700000000000000e+04
2.698944752800000000e+10 2.168000000000000000e+04
2.698951456800000000e+10 5.609999999999996362e+03
2.711262290400000000e+10 2.289300000000000000e+04
2.721607258400000000e+10 2.240199999999999272e+04
2.743455650400000000e+10 2.875300000000000000e+04
2.747272044000000000e+10 2.308799999999999272e+04
2.754850101600000000e+10 2.206100000000000000e+04
2.764832120800000000e+10 2.214800000000000000e+04
2.773629152800000000e+10 2.203099999999999272e+04
2.775083503200000000e+10 1.697500000000000000e+04
2.777584047200000000e+10 1.547000000000000728e+04
2.780931088800000000e+10 1.420899999999999272e+04
2.783597780000000000e+10 1.293499999999999636e+04
2.784960247200000000e+10 1.111200000000000728e+04
2.786422453600000000e+10 9.801999999999996362e+03
2.789302666400000000e+10 9.624999999999996362e+03
2.791063866400000000e+10 8.929999999999992724e+03
2.791858540000000000e+10 7.448999999999992724e+03
2.799575754400000000e+10 1.013400000000000728e+04
2.811525868000000000e+10 1.383099999999999272e+04
2.814482762400000000e+10 1.224700000000000364e+04
2.815149900000000000e+10 9.867999999999996362e+03
2.822980485600000000e+10 1.224900000000000364e+04
2.833793796000000000e+10 1.485199999999999272e+04
2.836538111200000000e+10 1.315999999999999636e+04
2.840675340000000000e+10 1.281200000000000728e+04
2.844250365600000000e+10 1.190500000000000000e+04
2.846661466400000000e+10 1.078699999999999636e+04
2.849200226400000000e+10 1.002699999999999272e+04
2.878771533600000000e+10 2.254000000000000000e+04
2.880442767200000000e+10 1.763200000000000000e+04
2.892345844000000000e+10 2.024100000000000000e+04
2.892813308000000000e+10 1.574499999999999272e+04
2.895290213600000000e+10 1.377400000000000000e+04
2.896692837600000000e+10 1.197500000000000364e+04
2.914184207200000000e+10 1.891200000000000000e+04
2.920409960800000000e+10 1.792400000000000000e+04
2.923414856800000000e+10 1.556799999999999272e+04
2.926845930400000000e+10 1.419299999999999272e+04
2.951468154400000000e+10 2.348800000000000000e+04
2.956524488800000000e+10 2.025200000000000000e+04
2.959801719200000000e+10 1.685599999999999636e+04
2.960867700000000000e+10 1.372999999999999636e+04
2.961218010400000000e+10 1.096799999999999636e+04
2.973083572000000000e+10 1.597700000000000364e+04
2.975775954400000000e+10 1.381700000000000728e+04
2.995711674400000000e+10 2.088800000000000000e+04
2.995717914400000000e+10 3.258999999999992724e+03
3.016810295200000000e+10 2.563600000000000000e+04
3.019052108000000000e+10 2.087200000000000000e+04
3.023158048800000000e+10 1.879000000000000000e+04
3.026547589600000000e+10 1.643300000000000364e+04
3.039788050400000000e+10 1.984000000000000000e+04
3.039795210400000000e+10 4.946999999999992724e+03
3.052509660000000000e+10 2.078600000000000000e+04
3.053761520800000000e+10 1.616899999999999272e+04
3.062645487200000000e+10 1.799100000000000000e+04
3.071932479200000000e+10 1.865100000000000000e+04
3.085917132000000000e+10 2.249000000000000000e+04
3.095291149600000000e+10 2.208899999999999272e+04
3.106289004000000000e+10 2.247900000000000000e+04
3.128881397600000000e+10 2.969500000000000000e+04
3.133325655200000000e+10 2.273200000000000000e+04
3.152282125600000000e+10 2.783000000000000728e+04
3.153497799200000000e+10 2.104000000000000000e+04
3.172609692000000000e+10 2.854700000000000000e+04
3.172614980000000000e+10 2.086999999999996362e+03
3.173012565600000000e+10 1.822400000000000728e+04
3.173179668000000000e+10 1.402500000000000728e+04
3.177206111200000000e+10 1.477800000000000728e+04
3.202980760800000000e+10 2.588299999999999272e+04
3.207070928800000000e+10 2.088700000000000000e+04
3.207577925600000000e+10 1.555900000000000728e+04
3.209958536800000000e+10 1.487799999999999272e+04
3.216102996000000000e+10 1.540000000000000728e+04
3.216616634400000000e+10 1.199300000000000364e+04
3.217599480800000000e+10 1.021399999999999636e+04
3.223775423200000000e+10 1.206600000000000728e+04
3.237435506400000000e+10 1.609999999999999272e+04
3.260179991200000000e+10 2.464000000000000000e+04
3.262001996000000000e+10 1.944300000000000000e+04
3.266500164000000000e+10 1.785700000000000000e+04
3.267184421600000000e+10 1.365700000000000000e+04
3.282475124000000000e+10 1.928900000000000000e+04
3.285116668000000000e+10 1.638900000000000728e+04
3.285124079200000000e+10 3.898999999999992724e+03
3.288082045600000000e+10 1.366500000000000000e+04
3.293827133600000000e+10 1.427200000000000728e+04
3.294013080800000000e+10 1.069000000000000728e+04
3.295413076000000000e+10 9.919999999999996362e+03
3.298637640800000000e+10 1.005800000000000000e+04
3.298892634400000000e+10 7.897000000000000000e+03
3.305576954400000000e+10 1.026499999999999272e+04
3.307769556000000000e+10 9.261000000000007276e+03
3.308552986400000000e+10 7.689000000000000000e+03
3.349178484000000000e+10 2.489800000000000728e+04
3.354284007200000000e+10 2.135700000000000000e+04
3.368545423200000000e+10 2.358600000000000000e+04
3.368775732000000000e+10 1.780099999999999636e+04
3.374716610400000000e+10 1.825800000000000000e+04
3.386895487200000000e+10 2.062700000000000000e+04
3.405208388000000000e+10 2.521400000000000000e+04
3.405352916000000000e+10 1.877000000000000000e+04
3.420901845600000000e+10 2.390800000000000000e+04
3.421280690400000000e+10 1.703199999999999636e+04
3.425902893600000000e+10 1.631900000000000364e+04
3.444572464800000000e+10 2.336800000000000000e+04
3.446541399200000000e+10 1.834500000000000000e+04
3.449642964000000000e+10 1.604299999999999636e+04
3.454648170400000000e+10 1.570599999999999272e+04
3.478893392800000000e+10 2.543100000000000728e+04
3.483340148000000000e+10 2.056400000000000000e+04
3.493553706400000000e+10 2.193500000000000000e+04
3.507214519200000000e+10 2.407799999999999272e+04
3.508026029600000000e+10 1.865499999999999272e+04
3.528587060000000000e+10 2.500099999999999272e+04
3.531530248800000000e+10 2.097200000000000000e+04
3.531546514400000000e+10 1.345700000000000000e+04
3.533114506400000000e+10 1.399899999999999272e+04
3.539675140000000000e+10 1.558399999999999636e+04
3.551019216800000000e+10 1.831600000000000728e+04
3.561474573600000000e+10 2.016200000000000000e+04
3.563771776800000000e+10 1.665000000000000000e+04
3.578652714400000000e+10 2.097800000000000000e+04
3.594362343200000000e+10 2.424000000000000000e+04
3.610673436000000000e+10 2.771100000000000000e+04
3.611693943200000000e+10 2.042600000000000000e+04
3.612535391200000000e+10 1.552099999999999272e+04
3.612542602400000000e+10 3.710000000000003638e+03
3.620313959200000000e+10 1.661500000000000000e+04
3.621526005600000000e+10 1.347199999999999636e+04
3.639822138400000000e+10 2.072000000000000000e+04
3.640329332000000000e+10 1.540700000000000000e+04
3.651583296800000000e+10 1.912300000000000000e+04
3.661770552800000000e+10 2.050200000000000000e+04
3.680402471200000000e+10 2.524500000000000728e+04
3.699157088800000000e+10 2.896900000000000000e+04
3.699162591200000000e+10 3.220999999999992724e+03
3.700152869600000000e+10 1.974400000000000000e+04
3.702486346400000000e+10 1.762100000000000000e+04
3.713882338400000000e+10 2.000900000000000000e+04
3.715725596000000000e+10 1.641600000000000000e+04
3.724957888800000000e+10 1.836400000000000000e+04
3.730579056800000000e+10 1.676300000000000000e+04
3.740366956000000000e+10 1.881600000000000000e+04
3.746773359200000000e+10 1.771700000000000000e+04
3.747854079200000000e+10 1.424900000000000000e+04
3.755454421600000000e+10 1.636999999999999272e+04
3.757503832800000000e+10 1.331600000000000728e+04
3.760923367200000000e+10 1.275399999999999636e+04
3.762484202400000000e+10 1.116699999999999272e+04
3.764543992800000000e+10 9.936000000000000000e+03
3.766549978400000000e+10 9.239000000000000000e+03
3.770642658400000000e+10 9.680000000000007276e+03
3.771954581600000000e+10 8.409000000000007276e+03
3.786635826400000000e+10 1.430099999999999272e+04
3.799607567200000000e+10 1.684099999999999272e+04
3.807491778400000000e+10 1.729299999999999272e+04
3.807714271200000000e+10 1.241199999999999636e+04
3.818188591200000000e+10 1.610099999999999636e+04
3.827823978400000000e+10 1.712700000000000000e+04
3.849072248800000000e+10 2.336900000000000000e+04
3.870440620000000000e+10 2.858199999999999272e+04
3.879380946400000000e+10 2.592400000000000728e+04
3.892384084000000000e+10 2.711400000000000000e+04
3.911748704800000000e+10 3.017500000000000728e+04
3.917242940000000000e+10 2.621000000000000000e+04
3.917358711200000000e+10 1.857699999999999272e+04
3.917375632800000000e+10 1.311100000000000000e+04
3.923251978400000000e+10 1.639800000000000000e+04
3.929446072800000000e+10 1.672100000000000000e+04
3.934051202400000000e+10 1.553300000000000728e+04
3.934578608800000000e+10 1.213100000000000364e+04
3.949701061600000000e+10 1.761300000000000000e+04
3.964718248800000000e+10 2.144000000000000000e+04
3.972929316000000000e+10 2.127700000000000000e+04
3.974871495200000000e+10 1.745900000000000000e+04
3.981801114400000000e+10 1.786500000000000000e+04
3.995676111200000000e+10 2.114600000000000000e+04
3.995707303200000000e+10 1.491099999999999636e+04
4.033989956000000000e+10 3.262399999999999272e+04
4.036067885600000000e+10 2.583200000000000000e+04
4.048590485600000000e+10 2.610300000000000000e+04
4.060614560800000000e+10 2.656300000000000000e+04
4.064551042400000000e+10 2.280000000000000000e+04
4.076752421600000000e+10 2.377800000000000000e+04
4.093511730400000000e+10 2.747400000000000000e+04
4.097330396000000000e+10 2.274500000000000000e+04
4.101559296800000000e+10 1.921000000000000000e+04
4.102350610400000000e+10 1.529599999999999636e+04
4.110865674400000000e+10 1.708900000000000000e+04
4.111630944800000000e+10 1.354500000000000364e+04
4.127726020000000000e+10 1.968200000000000000e+04
4.128851194400000000e+10 1.586399999999999272e+04
4.134842168800000000e+10 1.570800000000000364e+04
4.142533015200000000e+10 1.654199999999999636e+04
4.150316544800000000e+10 1.730400000000000000e+04
4.153395621600000000e+10 1.524100000000000000e+04
4.153402492000000000e+10 2.151999999999996362e+03
4.155997285600000000e+10 1.286400000000000000e+04
4.159888010400000000e+10 1.236799999999999272e+04
4.164014967200000000e+10 1.208100000000000000e+04
4.169539119200000000e+10 1.261400000000000364e+04
4.192953176800000000e+10 2.138900000000000000e+04
4.193819637600000000e+10 1.634399999999999272e+04
4.195085552800000000e+10 1.367099999999999636e+04
4.220317018400000000e+10 2.400000000000000000e+04
4.225623068000000000e+10 2.134600000000000000e+04
4.230484783200000000e+10 1.835200000000000000e+04
4.230497930400000000e+10 1.077200000000000728e+04
4.231823679200000000e+10 1.272500000000000000e+04
4.245224120800000000e+10 1.783500000000000000e+04
4.265232218400000000e+10 2.464100000000000000e+04
4.275821544800000000e+10 2.373400000000000000e+04
4.292881596000000000e+10 2.617400000000000728e+04
4.296780688800000000e+10 2.243200000000000000e+04
4.304140442400000000e+10 2.181300000000000000e+04
4.313612703200000000e+10 2.208600000000000000e+04
4.341235488800000000e+10 3.111099999999999272e+04
4.367611786400000000e+10 3.884800000000000000e+04
4.373902586400000000e+10 2.980100000000000000e+04
4.379167277600000000e+10 2.427700000000000728e+04
4.384320578400000000e+10 2.226900000000000000e+04
4.391001093600000000e+10 2.081700000000000000e+04
4.403787783200000000e+10 2.320100000000000000e+04
4.410156520800000000e+10 2.077600000000000000e+04
4.425026202400000000e+10 2.409700000000000000e+04
4.445024996000000000e+10 2.913499999999999272e+04
4.450540647200000000e+10 2.362400000000000000e+04
4.453185268000000000e+10 2.093300000000000000e+04
4.453191479200000000e+10 2.769999999999996362e+03
4.453264944800000000e+10 1.348500000000000728e+04
4.461493599200000000e+10 1.688800000000000000e+04
4.477423735200000000e+10 2.194400000000000000e+04
4.486720402400000000e+10 2.144300000000000000e+04
4.497896359200000000e+10 2.246400000000000000e+04
4.498940402400000000e+10 1.770500000000000728e+04
4.504818917600000000e+10 1.672900000000000000e+04
4.507735666400000000e+10 1.523899999999999272e+04
4.530696848800000000e+10 2.300300000000000000e+04
4.534440842400000000e+10 1.976100000000000000e+04
4.542756626400000000e+10 1.976300000000000000e+04
4.543629956000000000e+10 1.532999999999999272e+04
4.553355887200000000e+10 1.824900000000000000e+04
4.575028060000000000e+10 2.451500000000000728e+04
4.575218463200000000e+10 1.814399999999999272e+04
4.575445821600000000e+10 1.410000000000000728e+04
4.576507340000000000e+10 1.230299999999999636e+04
4.580801655200000000e+10 1.298399999999999272e+04
4.593559434400000000e+10 1.711500000000000364e+04
4.605357765600000000e+10 1.891500000000000000e+04
4.616280023200000000e+10 2.088400000000000000e+04
4.617752412000000000e+10 1.610199999999999272e+04
4.655836925600000000e+10 3.325799999999999272e+04
4.656534653600000000e+10 2.395400000000000000e+04
4.662400487200000000e+10 2.186500000000000000e+04
4.667460911200000000e+10 2.009100000000000000e+04
4.670304528800000000e+10 1.712099999999999636e+04
4.670312010400000000e+10 4.385000000000000000e+03
4.671042949600000000e+10 1.208100000000000364e+04
4.673093816800000000e+10 1.155600000000000364e+04
4.685275991200000000e+10 1.614400000000000000e+04
4.689845077600000000e+10 1.504800000000000000e+04
4.692808348000000000e+10 1.262500000000000364e+04
4.715925429600000000e+10 2.122500000000000000e+04
4.719254468000000000e+10 1.884700000000000000e+04
4.731975568800000000e+10 2.049800000000000000e+04
4.752947228000000000e+10 2.783100000000000728e+04
4.752969104800000000e+10 1.909299999999999272e+04
4.752976479200000000e+10 4.109000000000007276e+03
4.757115592800000000e+10 1.736600000000000000e+04
4.766005848800000000e+10 1.824000000000000000e+04
4.776036205600000000e+10 1.975900000000000000e+04
4.776634716000000000e+10 1.514100000000000364e+04
4.777584116000000000e+10 1.253200000000000364e+04
4.778142298400000000e+10 1.034199999999999636e+04
4.795444668000000000e+10 1.797700000000000000e+04
4.821281584800000000e+10 2.588599999999999272e+04
4.821288466400000000e+10 7.563000000000007276e+03
4.821861172000000000e+10 1.739300000000000000e+04
4.831517661600000000e+10 1.937600000000000000e+04
4.835943626400000000e+10 1.790399999999999636e+04
4.839305682400000000e+10 1.574700000000000000e+04
4.839315613600000000e+10 6.935999999999992724e+03
4.848480341600000000e+10 1.635600000000000000e+04
4.865885656800000000e+10 2.086100000000000000e+04
4.886697202400000000e+10 2.747099999999999272e+04
4.889760655200000000e+10 2.159000000000000000e+04
4.890007287200000000e+10 1.572199999999999272e+04
4.906108040800000000e+10 2.200700000000000000e+04
4.912370973600000000e+10 2.054100000000000000e+04
4.937221629600000000e+10 2.945200000000000000e+04
4.944421420000000000e+10 2.452600000000000000e+04
4.946119140000000000e+10 1.946900000000000000e+04
4.954680212000000000e+10 2.029800000000000000e+04
4.955687378400000000e+10 1.627199999999999272e+04
4.956683656800000000e+10 1.342999999999999272e+04
4.969088391200000000e+10 1.777600000000000000e+04
4.974198311200000000e+10 1.677900000000000000e+04
4.977335754400000000e+10 1.473500000000000728e+04
4.981071410400000000e+10 1.390899999999999636e+04
4.991162962400000000e+10 1.639300000000000000e+04
4.993919544800000000e+10 1.451599999999999272e+04
4.998925954400000000e+10 1.389300000000000728e+04
5.004700728800000000e+10 1.422500000000000000e+04
5.025288047200000000e+10 2.124700000000000000e+04
5.025403815200000000e+10 1.513799999999999636e+04
5.029564024800000000e+10 1.506300000000000000e+04
5.031079456800000000e+10 1.297200000000000728e+04
5.035809018400000000e+10 1.287900000000000364e+04
5.048007234400000000e+10 1.655300000000000000e+04
5.058724210400000000e+10 1.879300000000000000e+04
5.066730962400000000e+10 1.832900000000000000e+04
5.068369108000000000e+10 1.489599999999999272e+04
5.079845583200000000e+10 1.808100000000000728e+04
5.082636671200000000e+10 1.547300000000000000e+04
5.087875957600000000e+10 1.542699999999999272e+04
5.090971805600000000e+10 1.374300000000000728e+04
5.099743143200000000e+10 1.574900000000000000e+04
5.106745172000000000e+10 1.614600000000000000e+04
5.107681362400000000e+10 1.273199999999999636e+04
5.112134039200000000e+10 1.302299999999999272e+04
5.125379130400000000e+10 1.705900000000000000e+04
5.127465856800000000e+10 1.405800000000000728e+04
5.137411847200000000e+10 1.655300000000000728e+04
5.143006242400000000e+10 1.580199999999999636e+04
5.151593399200000000e+10 1.699000000000000000e+04
5.160112674400000000e+10 1.756900000000000000e+04
5.184665908000000000e+10 2.526400000000000728e+04
5.191847127200000000e+10 2.416100000000000000e+04
5.201849005600000000e+10 2.416700000000000000e+04
5.207938135200000000e+10 2.090800000000000000e+04
5.217499351200000000e+10 2.152400000000000000e+04
5.232190388000000000e+10 2.449600000000000000e+04
5.239439269600000000e+10 2.216500000000000000e+04
5.243960946400000000e+10 1.914100000000000000e+04
5.250509775200000000e+10 1.889600000000000000e+04
5.260879381600000000e+10 1.982800000000000000e+04
5.269223116000000000e+10 2.071400000000000000e+04
5.279633100000000000e+10 2.130200000000000000e+04
5.288685146400000000e+10 2.090900000000000000e+04
5.292634205600000000e+10 1.853600000000000000e+04
5.337427306400000000e+10 3.755300000000000000e+04
5.339163207200000000e+10 2.769900000000000000e+04
5.340687880800000000e+10 2.136700000000000000e+04
5.348628272800000000e+10 2.120900000000000000e+04
5.353246575200000000e+10 1.925800000000000000e+04
5.354006957600000000e+10 1.505000000000000364e+04
5.354020076000000000e+10 6.323999999999996362e+03
5.368854965600000000e+10 1.870300000000000000e+04
5.375250530400000000e+10 1.792599999999999636e+04
5.391915119200000000e+10 2.313499999999999272e+04
5.392954810400000000e+10 1.778600000000000000e+04
5.401657349600000000e+10 1.884500000000000000e+04
5.404443988000000000e+10 1.615699999999999636e+04
5.404452860000000000e+10 6.016999999999992724e+03
5.409307708000000000e+10 1.443700000000000000e+04
5.416488701600000000e+10 1.543599999999999636e+04
5.421804583200000000e+10 1.491400000000000728e+04
5.427067445600000000e+10 1.427300000000000364e+04
5.431017717600000000e+10 1.349700000000000000e+04
5.441990122400000000e+10 1.617900000000000000e+04
5.443126016800000000e+10 1.327800000000000000e+04
5.445636503200000000e+10 1.194900000000000364e+04
5.454845476000000000e+10 1.451399999999999272e+04
5.455616437600000000e+10 1.168700000000000000e+04
5.456566712800000000e+10 9.903999999999992724e+03
5.462626429600000000e+10 1.151700000000000000e+04
5.475229736800000000e+10 1.529499999999999272e+04
5.478386098400000000e+10 1.351200000000000728e+04
5.487464720800000000e+10 1.570899999999999272e+04
5.497462040800000000e+10 1.747300000000000000e+04
5.500810805600000000e+10 1.521700000000000000e+04
5.511300477600000000e+10 1.722400000000000000e+04
5.531820972000000000e+10 2.374199999999999272e+04
5.532987624800000000e+10 1.857000000000000728e+04
5.538095088800000000e+10 1.770500000000000000e+04
5.538104804000000000e+10 7.461000000000000000e+03
5.545574719200000000e+10 1.665500000000000000e+04
5.546715767200000000e+10 1.335099999999999272e+04
5.576462104800000000e+10 2.589800000000000000e+04
5.582870322400000000e+10 2.267300000000000000e+04
5.585182562400000000e+10 1.768300000000000000e+04
5.589298954400000000e+10 1.663000000000000364e+04
5.623890807200000000e+10 3.153000000000000728e+04
5.624662176800000000e+10 2.263200000000000000e+04
5.626665218400000000e+10 1.862700000000000000e+04
5.640447916000000000e+10 2.184400000000000000e+04
5.652472352800000000e+10 2.349099999999999272e+04
5.659026677600000000e+10 2.171500000000000000e+04
5.668308045600000000e+10 2.199000000000000000e+04
5.676050957600000000e+10 2.109400000000000000e+04
5.677451743200000000e+10 1.643400000000000728e+04
5.677911568800000000e+10 1.304300000000000364e+04
5.679082448800000000e+10 1.195099999999999272e+04
5.699306244000000000e+10 2.006400000000000000e+04
5.706904560800000000e+10 1.999200000000000000e+04
5.709067978400000000e+10 1.649600000000000728e+04
5.709098412000000000e+10 1.122399999999999272e+04
5.715558112800000000e+10 1.360099999999999636e+04
5.719013151200000000e+10 1.258599999999999636e+04
5.726345372000000000e+10 1.410600000000000728e+04
5.735732938400000000e+10 1.598699999999999636e+04
5.745003903200000000e+10 1.755199999999999636e+04
5.754349216800000000e+10 1.814400000000000000e+04
5.754366197600000000e+10 1.168599999999999272e+04
5.775341063200000000e+10 2.201700000000000000e+04
5.775956997600000000e+10 1.692200000000000000e+04
5.789247581600000000e+10 2.185200000000000000e+04
5.812809231200000000e+10 2.781500000000000000e+04
5.813649988000000000e+10 2.160100000000000000e+04
5.820490213600000000e+10 2.026600000000000000e+04
5.832487896800000000e+10 2.184000000000000728e+04
5.842628672800000000e+10 2.328800000000000000e+04
5.842639168800000000e+10 1.079900000000000728e+04
5.843841376800000000e+10 1.507599999999999636e+04
5.847113573600000000e+10 1.460900000000000728e+04
5.856248004000000000e+10 1.672800000000000000e+04
5.858435242400000000e+10 1.377000000000000728e+04
5.882124120800000000e+10 2.238800000000000000e+04
5.882134692000000000e+10 1.102500000000000728e+04
5.890449079200000000e+10 1.890000000000000000e+04
5.893172234400000000e+10 1.643400000000000000e+04
5.901729332000000000e+10 1.824300000000000000e+04
5.903075178400000000e+10 1.477800000000000364e+04
5.933518242400000000e+10 2.760600000000000000e+04
5.937344778400000000e+10 2.151200000000000728e+04
5.953909732000000000e+10 2.524800000000000000e+04
5.957129543200000000e+10 2.080200000000000000e+04
5.966294015200000000e+10 2.155200000000000000e+04
5.987026479200000000e+10 2.803200000000000000e+04
6.002423624800000000e+10 2.971600000000000000e+04
6.003532196000000000e+10 2.097100000000000000e+04
6.005416122400000000e+10 1.766900000000000000e+04
6.007485658400000000e+10 1.558599999999999272e+04
6.010596354400000000e+10 1.438400000000000000e+04
6.016773260000000000e+10 1.534199999999999272e+04
6.016906180000000000e+10 1.124600000000000364e+04
6.052801087200000000e+10 2.679900000000000728e+04
6.069596240800000000e+10 2.925400000000000000e+04
6.069601901600000000e+10 4.294000000000003638e+03
6.077103560800000000e+10 2.440500000000000000e+04
6.096572487200000000e+10 2.814600000000000000e+04
6.099452594400000000e+10 2.276300000000000000e+04
6.107303572000000000e+10 2.248799999999999272e+04
6.116296791200000000e+10 2.200000000000000000e+04
6.133221581600000000e+10 2.657499999999999272e+04
6.133231042400000000e+10 1.150600000000000364e+04
6.150636181600000000e+10 2.561399999999999272e+04
6.154981724000000000e+10 2.159900000000000000e+04
6.154988346400000000e+10 4.584999999999996362e+03
6.157197160800000000e+10 1.654699999999999636e+04
6.162257941600000000e+10 1.676299999999999272e+04
6.164861242400000000e+10 1.428299999999999636e+04
6.190882717600000000e+10 2.413400000000000000e+04
6.190894117600000000e+10 1.224300000000000728e+04
6.192901700000000000e+10 1.640000000000000000e+04
6.195761167200000000e+10 1.456700000000000728e+04
6.209683954400000000e+10 1.916300000000000000e+04
6.211968082400000000e+10 1.595300000000000000e+04
6.222762568800000000e+10 1.841800000000000000e+04
6.227900372000000000e+10 1.717600000000000728e+04
6.229388589600000000e+10 1.398900000000000364e+04
6.229399098400000000e+10 6.329999999999992724e+03
6.254600344800000000e+10 2.296300000000000000e+04
6.270059676000000000e+10 2.592800000000000000e+04
6.280301610400000000e+10 2.385799999999999272e+04
6.282730053600000000e+10 1.959000000000000728e+04
6.282738762400000000e+10 7.201999999999992724e+03
6.300072591200000000e+10 2.349300000000000000e+04
6.305081666400000000e+10 2.044800000000000000e+04
6.308602698400000000e+10 1.759200000000000000e+04
6.312250335200000000e+10 1.582700000000000000e+04
6.320180186400000000e+10 1.650200000000000000e+04
6.321272455200000000e+10 1.343500000000000728e+04
6.324365109600000000e+10 1.291900000000000728e+04
6.329117730400000000e+10 1.294399999999999636e+04
6.337312172000000000e+10 1.440699999999999272e+04
6.353176927200000000e+10 1.929000000000000000e+04
6.363304306400000000e+10 2.008800000000000000e+04
6.368468164000000000e+10 1.865400000000000728e+04
6.384636008800000000e+10 2.226400000000000000e+04
6.385458824800000000e+10 1.742199999999999636e+04
6.388305189600000000e+10 1.605699999999999636e+04
6.392708504800000000e+10 1.499300000000000728e+04
6.394242794400000000e+10 1.273599999999999272e+04
6.404583511200000000e+10 1.570600000000000000e+04
6.414211127200000000e+10 1.749900000000000000e+04
6.428793341600000000e+10 2.093600000000000000e+04
6.438323935200000000e+10 2.054700000000000000e+04
6.439993887200000000e+10 1.682500000000000000e+04
6.443634748000000000e+10 1.525600000000000728e+04
6.451536146400000000e+10 1.690499999999999272e+04
6.451978634400000000e+10 1.300100000000000364e+04
6.458339341600000000e+10 1.451199999999999272e+04
6.468916136800000000e+10 1.707300000000000000e+04
6.470412394400000000e+10 1.392899999999999636e+04
6.497190818400000000e+10 2.485600000000000000e+04
6.508893072800000000e+10 2.450900000000000728e+04
6.508900567200000000e+10 1.877000000000007276e+03
6.514969959200000000e+10 2.047200000000000000e+04
6.518446386400000000e+10 1.816000000000000000e+04
6.525027453600000000e+10 1.796800000000000000e+04
6.526490028000000000e+10 1.474299999999999272e+04
6.526895935200000000e+10 1.151400000000000000e+04
6.532284812000000000e+10 1.292500000000000364e+04
6.538002020000000000e+10 1.339700000000000000e+04
6.542809916000000000e+10 1.301500000000000728e+04
6.546577472800000000e+10 1.230500000000000364e+04
6.557689277600000000e+10 1.547399999999999272e+04
6.574042130400000000e+10 1.992100000000000000e+04
6.575932343200000000e+10 1.656500000000000000e+04
6.578760036000000000e+10 1.501299999999999272e+04
6.585925002400000000e+10 1.576199999999999272e+04
6.586291711200000000e+10 1.206300000000000000e+04
6.586310144800000000e+10 9.831000000000003638e+03
6.588924373600000000e+10 9.934999999999996362e+03
6.636551903200000000e+10 3.117600000000000728e+04
6.638591413600000000e+10 2.248899999999999272e+04
6.639273157600000000e+10 1.777999999999999636e+04
6.642984981600000000e+10 1.695300000000000000e+04
6.658592716000000000e+10 2.135200000000000000e+04
6.658605772000000000e+10 1.252300000000000000e+04
6.662816392800000000e+10 1.613800000000000000e+04
6.664013007200000000e+10 1.323699999999999636e+04
6.676435116000000000e+10 1.786400000000000728e+04
6.683795404000000000e+10 1.786400000000000000e+04
6.684022944800000000e+10 1.326400000000000364e+04
6.706181661600000000e+10 2.288600000000000000e+04
6.710208909600000000e+10 1.785200000000000728e+04
6.713565034400000000e+10 1.651000000000000728e+04
6.713939127200000000e+10 1.273400000000000728e+04
6.727410815200000000e+10 1.809000000000000000e+04
6.731432258400000000e+10 1.564000000000000728e+04
6.765635536800000000e+10 3.061500000000000728e+04
6.774675234400000000e+10 2.732700000000000000e+04
6.789164309600000000e+10 2.707600000000000000e+04
6.823470152800000000e+10 3.833200000000000000e+04
6.825984284000000000e+10 3.008000000000000000e+04
6.835597757600000000e+10 2.701800000000000000e+04
6.840080327200000000e+10 2.248700000000000000e+04
6.845156349600000000e+10 2.078900000000000000e+04
6.847316816800000000e+10 1.684000000000000000e+04
6.847616818400000000e+10 1.299400000000000364e+04
6.861720620000000000e+10 1.897600000000000000e+04
6.862643516000000000e+10 1.488800000000000728e+04
6.868575450400000000e+10 1.550599999999999636e+04
6.869155085600000000e+10 1.201100000000000000e+04
6.870200468000000000e+10 1.055700000000000728e+04
6.874947298400000000e+10 1.146599999999999272e+04
6.889045570400000000e+10 1.593800000000000000e+04
6.895451511200000000e+10 1.556000000000000364e+04
6.898565284000000000e+10 1.393600000000000364e+04
6.903749714400000000e+10 1.394600000000000000e+04
6.903758384800000000e+10 4.476000000000000000e+03
6.909407445600000000e+10 1.315099999999999636e+04
6.925924463200000000e+10 1.849700000000000000e+04
6.926821512800000000e+10 1.463900000000000000e+04
6.936470664800000000e+10 1.702900000000000000e+04
6.937788408800000000e+10 1.365199999999999636e+04
6.953890184800000000e+10 1.913000000000000000e+04
6.967752698400000000e+10 2.136000000000000000e+04
6.975865912800000000e+10 2.087800000000000000e+04
6.992804175200000000e+10 2.533100000000000728e+04
6.992814482400000000e+10 1.197899999999999636e+04
7.009832885600000000e+10 2.570300000000000000e+04
7.012381103200000000e+10 2.063200000000000000e+04
7.015457610400000000e+10 1.772200000000000000e+04
7.015468661600000000e+10 8.830999999999992724e+03
7.019023311200000000e+10 1.390099999999999636e+04
7.029020644000000000e+10 1.638900000000000000e+04
7.029348495200000000e+10 1.297000000000000000e+04
7.030785559200000000e+10 1.114600000000000364e+04
7.044911640800000000e+10 1.670500000000000000e+04
7.045437404000000000e+10 1.268800000000000728e+04
7.052808879200000000e+10 1.452899999999999272e+04
7.056246239200000000e+10 1.343400000000000000e+04
7.058504311200000000e+10 1.179200000000000728e+04
7.070347591200000000e+10 1.573800000000000000e+04
7.071093938400000000e+10 1.247899999999999272e+04
7.076847050400000000e+10 1.327200000000000000e+04
7.080445604000000000e+10 1.257800000000000000e+04
7.093961418400000000e+10 1.661600000000000728e+04
7.112167180000000000e+10 2.136100000000000000e+04
7.120402194400000000e+10 2.133300000000000000e+04
7.137824536800000000e+10 2.466200000000000000e+04
7.139995637600000000e+10 2.051300000000000000e+04
7.140883229600000000e+10 1.623200000000000000e+04
7.160586930400000000e+10 2.424000000000000000e+04
7.166197544800000000e+10 2.200000000000000000e+04
7.166262224800000000e+10 1.490300000000000000e+04
7.170214002400000000e+10 1.521500000000000000e+04
7.172539890400000000e+10 1.342100000000000000e+04
7.172553258400000000e+10 8.208999999999992724e+03
7.182743754400000000e+10 1.491200000000000000e+04
7.185777448800000000e+10 1.300399999999999636e+04
7.188792992800000000e+10 1.234800000000000000e+04
7.195634095200000000e+10 1.341299999999999636e+04
7.204150200800000000e+10 1.528699999999999272e+04
7.206195658400000000e+10 1.275499999999999636e+04
7.211121834400000000e+10 1.334599999999999636e+04
7.218337324000000000e+10 1.391899999999999272e+04
7.223919399200000000e+10 1.378700000000000364e+04
7.231145012000000000e+10 1.464200000000000728e+04
7.235598495200000000e+10 1.390700000000000728e+04
7.241563284000000000e+10 1.415499999999999272e+04
7.241577637600000000e+10 8.669000000000003638e+03
7.252787189600000000e+10 1.534999999999999636e+04
7.259439788000000000e+10 1.549699999999999636e+04
7.262340784800000000e+10 1.335200000000000000e+04
7.271743704800000000e+10 1.568900000000000000e+04
7.272723378400000000e+10 1.250399999999999636e+04
7.291993373600000000e+10 1.970000000000000000e+04
7.293614888800000000e+10 1.636899999999999272e+04
7.293634092000000000e+10 1.103899999999999636e+04
7.294328554400000000e+10 1.043300000000000000e+04
7.329215642400000000e+10 2.652000000000000000e+04
7.339417572000000000e+10 2.587100000000000000e+04
7.357216320800000000e+10 2.859899999999999272e+04
7.371467482400000000e+10 2.920500000000000000e+04
7.381309818400000000e+10 2.741600000000000000e+04
7.391571714400000000e+10 2.754000000000000000e+04
7.395969693600000000e+10 2.153499999999999272e+04
7.400019688800000000e+10 1.865800000000000000e+04
7.411286069600000000e+10 2.103300000000000000e+04
7.413964984800000000e+10 1.829400000000000000e+04
7.415129816800000000e+10 1.423900000000000000e+04
7.419913815200000000e+10 1.453399999999999272e+04
7.421840794400000000e+10 1.260899999999999636e+04
7.427588456800000000e+10 1.341600000000000000e+04
7.436485396000000000e+10 1.523100000000000364e+04
7.446010084000000000e+10 1.663800000000000364e+04
7.448248927200000000e+10 1.432000000000000728e+04
7.459887296800000000e+10 1.712100000000000000e+04
7.475349652000000000e+10 2.139200000000000000e+04
7.480228397600000000e+10 1.840000000000000000e+04
7.485455352800000000e+10 1.737600000000000000e+04
7.491266373600000000e+10 1.676900000000000000e+04
7.491551272800000000e+10 1.308699999999999272e+04
7.492450796000000000e+10 1.104800000000000728e+04
7.497333013600000000e+10 1.212300000000000364e+04
7.497407381600000000e+10 9.079000000000007276e+03
7.516535204000000000e+10 1.705100000000000000e+04
7.519747173600000000e+10 1.556000000000000364e+04
7.523860404000000000e+10 1.422400000000000728e+04
7.535311688800000000e+10 1.676399999999999636e+04
7.538012154400000000e+10 1.398300000000000364e+04
7.540520124000000000e+10 1.267900000000000728e+04
7.540539380000000000e+10 9.374999999999996362e+03
7.546768474400000000e+10 1.176800000000000728e+04
7.560849759200000000e+10 1.615700000000000000e+04
7.560917908000000000e+10 1.174300000000000728e+04
7.582458965600000000e+10 2.018999999999999272e+04
7.596792890400000000e+10 2.365599999999999272e+04
7.600144596000000000e+10 1.932800000000000000e+04
7.608966197600000000e+10 2.017000000000000000e+04
7.610458890400000000e+10 1.617300000000000000e+04
7.610687381600000000e+10 1.215200000000000000e+04
7.613409882400000000e+10 1.226700000000000000e+04
7.619918237600000000e+10 1.391199999999999272e+04
7.623717647200000000e+10 1.281299999999999272e+04
7.629327812000000000e+10 1.310299999999999636e+04
7.641784271200000000e+10 1.628900000000000000e+04
7.647838690400000000e+10 1.586599999999999272e+04
7.661149932000000000e+10 1.919400000000000000e+04
7.661406941600000000e+10 1.398500000000000364e+04
7.669545981600000000e+10 1.651299999999999636e+04
7.672998488800000000e+10 1.440799999999999272e+04
7.680975727200000000e+10 1.511000000000000000e+04
7.686732845600000000e+10 1.521500000000000000e+04
7.699049607200000000e+10 1.772000000000000000e+04
7.701675280800000000e+10 1.560899999999999272e+04
7.708711730400000000e+10 1.637700000000000364e+04
7.722322551200000000e+10 1.922800000000000000e+04
7.734212464800000000e+10 2.144800000000000000e+04
7.737830885600000000e+10 1.812900000000000000e+04
7.742728055200000000e+10 1.744999999999999636e+04
7.744760549600000000e+10 1.461100000000000364e+04
7.761024660000000000e+10 2.032900000000000000e+04
7.769475975200000000e+10 2.025700000000000000e+04
7.777726039200000000e+10 1.949700000000000000e+04
7.792620752800000000e+10 2.322600000000000000e+04
7.794545180000000000e+10 1.814199999999999272e+04
7.811225074400000000e+10 2.264900000000000000e+04
7.817388386400000000e+10 2.084100000000000000e+04
7.826228754400000000e+10 2.191900000000000000e+04
7.841646100000000000e+10 2.442600000000000000e+04
7.842451212000000000e+10 1.912000000000000000e+04
7.860695570400000000e+10 2.384100000000000000e+04
7.863759314400000000e+10 2.035800000000000000e+04
7.866771773600000000e+10 1.689400000000000728e+04
7.867548095200000000e+10 1.355300000000000728e+04
7.879154868000000000e+10 1.814900000000000000e+04
7.884456396000000000e+10 1.703200000000000000e+04
7.894838610400000000e+10 1.851200000000000000e+04
7.895829416800000000e+10 1.441599999999999636e+04
7.899844004000000000e+10 1.480100000000000728e+04
7.900541509600000000e+10 1.126000000000000000e+04
7.901653884000000000e+10 9.626999999999996362e+03
7.905884279200000000e+10 1.047200000000000000e+04
7.906348199200000000e+10 8.447000000000000000e+03
7.933560090400000000e+10 1.949500000000000000e+04
7.943257836000000000e+10 2.007200000000000000e+04
7.944532679200000000e+10 1.573300000000000000e+04
7.952216144800000000e+10 1.714700000000000000e+04
7.952552855200000000e+10 1.319199999999999272e+04
7.955561184800000000e+10 1.257100000000000000e+04
7.957134989600000000e+10 9.885999999999992724e+03
7.966442346400000000e+10 1.315699999999999272e+04
7.972838264800000000e+10 1.352200000000000728e+04
7.987072712800000000e+10 1.771600000000000000e+04
7.998425428000000000e+10 1.926100000000000000e+04
7.998438426400000000e+10 1.091499999999999636e+04
8.005783794400000000e+10 1.664000000000000000e+04
8.010773252000000000e+10 1.623300000000000000e+04
8.010784756000000000e+10 8.748999999999992724e+03
8.028186912800000000e+10 1.960200000000000000e+04
8.030498298400000000e+10 1.634800000000000364e+04
8.034801695200000000e+10 1.534000000000000364e+04
8.049847520800000000e+10 2.018499999999999272e+04
8.054079116000000000e+10 1.781600000000000000e+04
8.077128445600000000e+10 2.458600000000000000e+04
8.085776455200000000e+10 2.364800000000000000e+04
8.096438116000000000e+10 2.408400000000000000e+04
8.098507103200000000e+10 1.974900000000000000e+04
8.098530132000000000e+10 1.429700000000000000e+04
8.102528282400000000e+10 1.469100000000000000e+04
8.105618450400000000e+10 1.368400000000000000e+04
8.115890338400000000e+10 1.624200000000000000e+04
8.122574511200000000e+10 1.653800000000000000e+04
8.128187388000000000e+10 1.559200000000000728e+04
8.136290394400000000e+10 1.675699999999999272e+04
8.142365567200000000e+10 1.616300000000000364e+04
8.146579458400000000e+10 1.520900000000000364e+04
8.150535999200000000e+10 1.420900000000000000e+04
8.156895680800000000e+10 1.478700000000000364e+04
8.171025119200000000e+10 2.005500000000000000e+04
8.176480832800000000e+10 1.727400000000000000e+04
8.186425170400000000e+10 1.870400000000000000e+04
8.188519223200000000e+10 1.523600000000000364e+04
8.204501036000000000e+10 1.981600000000000000e+04
8.208830047200000000e+10 1.798000000000000364e+04
8.211357981600000000e+10 1.527400000000000364e+04
8.239692832800000000e+10 2.672900000000000728e+04
8.239706213600000000e+10 1.545899999999999636e+04
8.253535645600000000e+10 2.356800000000000000e+04
8.262393863200000000e+10 2.348700000000000000e+04
8.268731584800000000e+10 2.091700000000000000e+04
8.275173168800000000e+10 1.976000000000000000e+04
8.283571141600000000e+10 2.001900000000000000e+04
8.297728160800000000e+10 2.363899999999999272e+04
8.299737941600000000e+10 1.821600000000000000e+04
8.336425388000000000e+10 3.323399999999999272e+04
8.338511143200000000e+10 2.531200000000000000e+04
8.343714896800000000e+10 2.167700000000000728e+04
8.364447396000000000e+10 3.043699999999999272e+04
8.374374922400000000e+10 2.569500000000000000e+04
8.374759277600000000e+10 1.897100000000000000e+04
8.378745882400000000e+10 1.832500000000000000e+04
8.383857224800000000e+10 1.727300000000000000e+04
8.383877207200000000e+10 1.287999999999999636e+04
8.384426354400000000e+10 1.093499999999999272e+04
8.396658964000000000e+10 1.627999999999999272e+04
8.404099280800000000e+10 1.647900000000000728e+04
8.421563935200000000e+10 2.205900000000000000e+04
8.423715322400000000e+10 1.785600000000000000e+04
8.430931040800000000e+10 1.783600000000000000e+04
8.442267482400000000e+10 1.999400000000000000e+04
8.446522605600000000e+10 1.760400000000000000e+04
8.457188660000000000e+10 1.941800000000000000e+04
8.457319656800000000e+10 1.427700000000000728e+04
8.459940751200000000e+10 1.360900000000000000e+04
8.462425680800000000e+10 1.252800000000000728e+04
8.474538453600000000e+10 1.622400000000000000e+04
8.478945287200000000e+10 1.498400000000000000e+04
8.482141968800000000e+10 1.358099999999999636e+04
8.485123468000000000e+10 1.259300000000000364e+04
8.490867695200000000e+10 1.297799999999999636e+04
8.506865220000000000e+10 1.813100000000000728e+04
8.527172429600000000e+10 2.458400000000000000e+04
8.545539575200000000e+10 2.873300000000000728e+04
8.550047125600000000e+10 2.368899999999999272e+04
8.561035548000000000e+10 2.325000000000000000e+04
8.561047132000000000e+10 1.573700000000000728e+04
8.568210104800000000e+10 1.948200000000000000e+04
8.570013319200000000e+10 1.568099999999999272e+04
8.572365639200000000e+10 1.371700000000000364e+04
8.585331695200000000e+10 1.781200000000000000e+04
8.590278656800000000e+10 1.652700000000000000e+04
8.590536757600000000e+10 1.316000000000000728e+04
8.591612743200000000e+10 1.102300000000000728e+04
8.596196140000000000e+10 1.187400000000000728e+04
8.604347069600000000e+10 1.397599999999999636e+04
8.607010272800000000e+10 1.223000000000000728e+04
8.608517525600000000e+10 1.030699999999999272e+04
8.614666258400000000e+10 1.177199999999999636e+04
8.641192698400000000e+10 2.250500000000000000e+04
8.641471490400000000e+10 1.588900000000000364e+04
8.642999592800000000e+10 1.385400000000000728e+04
8.646736850400000000e+10 1.364099999999999636e+04
8.659406429600000000e+10 1.797099999999999272e+04
8.685699672800000000e+10 2.603600000000000000e+04
8.687059231200000000e+10 1.985700000000000000e+04
8.707249613600000000e+10 2.880000000000000000e+04
8.711278826400000000e+10 2.199700000000000728e+04
8.714914333600000000e+10 1.949600000000000000e+04
8.726354165600000000e+10 2.072000000000000000e+04
8.750190586400000000e+10 2.930200000000000728e+04
8.752481418400000000e+10 2.184900000000000000e+04
8.756313549600000000e+10 1.934100000000000000e+04
8.763202978400000000e+10 1.865000000000000000e+04
8.778729932000000000e+10 2.290100000000000000e+04
8.795478492000000000e+10 2.680100000000000000e+04
8.797743021600000000e+10 2.022900000000000000e+04
8.801484196000000000e+10 1.864200000000000000e+04
8.805611844000000000e+10 1.699000000000000364e+04
8.818933608800000000e+10 2.099100000000000000e+04
8.835359202400000000e+10 2.432300000000000000e+04
8.845165770400000000e+10 2.335700000000000000e+04
8.853348221600000000e+10 2.216800000000000000e+04
8.859439271200000000e+10 1.986800000000000000e+04
8.860964684000000000e+10 1.663200000000000000e+04
8.876481282400000000e+10 2.168200000000000000e+04
8.882897103200000000e+10 1.993500000000000000e+04
8.884862940000000000e+10 1.652099999999999272e+04
8.885660432800000000e+10 1.318300000000000000e+04
8.911830861600000000e+10 2.426300000000000000e+04
8.925001532000000000e+10 2.619900000000000728e+04
8.959678084000000000e+10 3.753500000000000000e+04
8.971745527200000000e+10 3.418600000000000728e+04
8.975650154400000000e+10 2.597600000000000000e+04
8.984702773600000000e+10 2.504000000000000728e+04
8.988586076000000000e+10 2.069000000000000000e+04
8.989635874400000000e+10 1.656000000000000000e+04
8.991965871200000000e+10 1.394299999999999272e+04
8.991978716000000000e+10 2.229999999999992724e+03
