# Timestamps in ns,Energies
3.653256080000000000e+08 5.466800000000000000e+04
4.153280080000000000e+08 4.181000000000000000e+04
4.154549040000000000e+08 1.988800000000000000e+04
4.951294000000000000e+08 2.609400000000000000e+04
5.256138480000000000e+08 2.096100000000000000e+04
6.305662000000000000e+08 2.289200000000000000e+04
8.122242480000000000e+08 2.706800000000000000e+04
9.131257520000000000e+08 2.657100000000000000e+04
9.906216720000000000e+08 2.334500000000000000e+04
1.005367160000000000e+09 1.807900000000000000e+04
1.115313128000000000e+09 2.066600000000000000e+04
1.144337032000000000e+09 1.771199999999999636e+04
1.146165960000000000e+09 1.324899999999999636e+04
1.225899160000000000e+09 1.594700000000000728e+04
1.261273624000000000e+09 1.460799999999999636e+04
1.261365912000000000e+09 5.552000000000000000e+03
1.304537064000000000e+09 1.243200000000000000e+04
1.329639480000000000e+09 1.042299999999999272e+04
1.509516632000000000e+09 1.831000000000000000e+04
1.628354728000000000e+09 1.996600000000000000e+04
1.652115064000000000e+09 1.669400000000000364e+04
1.880095064000000000e+09 2.544100000000000000e+04
2.222989448000000000e+09 3.856500000000000000e+04
2.354197000000000000e+09 3.656200000000000000e+04
2.468474536000000000e+09 3.023799999999999272e+04
2.468593800000000000e+09 1.594299999999999636e+04
2.531726088000000000e+09 2.268300000000000000e+04
2.759169096000000000e+09 3.114600000000000000e+04
2.803161784000000000e+09 2.546100000000000000e+04
3.131875336000000000e+09 3.832700000000000000e+04
3.255888824000000000e+09 3.391200000000000000e+04
3.521976968000000000e+09 4.442400000000000000e+04
3.522027064000000000e+09 3.181000000000007276e+03
3.549309336000000000e+09 2.631199999999999272e+04
3.633827912000000000e+09 2.583200000000000000e+04
3.923195320000000000e+09 3.848300000000000000e+04
3.989646776000000000e+09 2.957700000000000728e+04
4.025445320000000000e+09 2.413299999999999272e+04
4.036829880000000000e+09 1.724000000000000364e+04
4.064238344000000000e+09 1.550399999999999636e+04
4.064412920000000000e+09 6.038999999999996362e+03
4.106898408000000000e+09 1.299199999999999636e+04
4.123307240000000000e+09 1.123799999999999636e+04
4.244081928000000000e+09 1.578000000000000000e+04
4.361646168000000000e+09 1.890100000000000728e+04
4.713637672000000000e+09 3.279000000000000728e+04
4.713705336000000000e+09 9.084999999999996362e+03
4.766870232000000000e+09 2.397300000000000000e+04
4.841957960000000000e+09 2.264200000000000000e+04
4.842034648000000000e+09 7.085999999999992724e+03
4.878694920000000000e+09 1.728800000000000000e+04
5.095227160000000000e+09 2.640100000000000728e+04
5.330774968000000000e+09 3.232800000000000000e+04
5.511534440000000000e+09 3.292099999999999272e+04
5.598763480000000000e+09 2.871400000000000000e+04
5.686896456000000000e+09 2.584000000000000000e+04
5.755896136000000000e+09 2.479300000000000000e+04
5.770123496000000000e+09 1.831300000000000000e+04
5.774724904000000000e+09 1.434899999999999272e+04
5.883887432000000000e+09 1.828500000000000000e+04
5.982579880000000000e+09 1.976200000000000000e+04
6.124792856000000000e+09 2.338400000000000000e+04
6.347834472000000000e+09 3.088800000000000000e+04
6.347920872000000000e+09 1.091599999999999272e+04
6.470967352000000000e+09 2.663200000000000000e+04
6.590059784000000000e+09 2.579400000000000000e+04
6.698522024000000000e+09 2.472700000000000000e+04
6.698694344000000000e+09 2.151900000000000728e+04
6.728130936000000000e+09 1.656500000000000364e+04
6.848414024000000000e+09 1.952400000000000000e+04
7.158629704000000000e+09 3.154100000000000728e+04
7.801556328000000000e+09 5.927500000000000000e+04
8.045032744000000000e+09 4.811500000000000000e+04
8.351690232000000000e+09 5.395900000000000000e+04
8.351758264000000000e+09 1.499700000000000364e+04
8.434975768000000000e+09 3.058500000000000728e+04
8.777714136000000000e+09 4.707600000000000000e+04
8.855799864000000000e+09 3.437300000000000728e+04
8.855914392000000000e+09 1.773800000000000364e+04
8.857671624000000000e+09 1.691799999999999272e+04
8.883930280000000000e+09 1.658400000000000000e+04
9.000008040000000000e+09 2.034800000000000728e+04
9.049104856000000000e+09 1.939999999999999272e+04
9.305050152000000000e+09 2.888900000000000000e+04
9.389656264000000000e+09 2.527300000000000000e+04
9.447388824000000000e+09 2.323500000000000000e+04
9.582185976000000000e+09 2.570600000000000000e+04
9.715250888000000000e+09 2.821300000000000000e+04
9.968051336000000000e+09 3.456800000000000000e+04
1.002051309600000000e+10 2.744000000000000000e+04
1.015448951200000000e+10 2.728800000000000000e+04
1.022342756000000000e+10 2.503600000000000000e+04
1.027392159200000000e+10 2.103200000000000000e+04
1.038540064800000000e+10 2.238200000000000000e+04
1.058386781600000000e+10 2.840100000000000000e+04
1.058392836000000000e+10 5.274000000000000000e+03
1.069740479200000000e+10 2.585000000000000000e+04
1.077728364000000000e+10 2.408300000000000000e+04
1.077739143200000000e+10 1.145000000000000728e+04
1.077755528800000000e+10 2.558000000000007276e+03
1.105033442400000000e+10 2.761599999999999272e+04
1.120503288800000000e+10 3.165900000000000000e+04
1.120518216800000000e+10 1.587300000000000728e+04
1.130317020000000000e+10 2.264000000000000000e+04
1.131899492000000000e+10 1.764499999999999636e+04
1.141928026400000000e+10 1.985900000000000000e+04
1.168309234400000000e+10 2.931300000000000000e+04
1.172575200800000000e+10 2.437700000000000728e+04
1.180745125600000000e+10 2.296600000000000000e+04
1.185961709600000000e+10 2.036700000000000728e+04
1.188712530400000000e+10 1.686599999999999272e+04
1.212742034400000000e+10 2.635200000000000000e+04
1.212747604000000000e+10 2.930000000000003638e+03
1.217033181600000000e+10 2.065100000000000728e+04
1.234963988000000000e+10 2.649300000000000000e+04
1.259214445600000000e+10 3.543200000000000000e+04
1.267052039200000000e+10 2.947300000000000000e+04
1.272155543200000000e+10 2.359600000000000000e+04
1.281342149600000000e+10 2.381100000000000000e+04
1.323046631200000000e+10 4.024100000000000000e+04
1.342501344800000000e+10 3.796700000000000000e+04
1.351070076000000000e+10 3.355500000000000728e+04
1.351090042400000000e+10 2.295300000000000728e+04
1.351294548000000000e+10 1.598999999999999272e+04
1.353820992800000000e+10 1.610699999999999272e+04
1.366668076000000000e+10 2.090700000000000000e+04
1.378836672800000000e+10 2.399400000000000000e+04
1.379421048800000000e+10 1.619300000000000000e+04
1.397675208800000000e+10 2.510400000000000000e+04
1.397681112800000000e+10 2.810999999999992724e+03
1.398046724000000000e+10 1.591700000000000728e+04
1.399863447200000000e+10 1.349700000000000728e+04
1.405940762400000000e+10 1.475900000000000364e+04
1.424697861600000000e+10 2.236800000000000728e+04
1.431620036000000000e+10 2.097700000000000000e+04
1.450316199200000000e+10 2.629300000000000000e+04
1.485759413600000000e+10 3.981300000000000000e+04
1.487224223200000000e+10 2.871700000000000000e+04
1.493756405600000000e+10 2.460100000000000000e+04
1.493765591200000000e+10 1.024300000000000364e+04
1.506365791200000000e+10 2.357600000000000000e+04
1.567308882400000000e+10 5.276500000000000000e+04
1.567318239200000000e+10 2.243400000000000728e+04
1.588713245600000000e+10 4.203100000000000000e+04
1.596279346400000000e+10 3.268700000000000000e+04
1.597871229600000000e+10 2.264000000000000000e+04
1.605641488800000000e+10 2.297700000000000000e+04
1.607806224800000000e+10 1.888199999999999272e+04
1.612231101600000000e+10 1.747000000000000000e+04
1.612249317600000000e+10 1.258600000000000364e+04
1.617060165600000000e+10 1.403899999999999636e+04
1.644310052000000000e+10 2.547700000000000000e+04
1.650806207200000000e+10 2.224200000000000000e+04
1.671788224800000000e+10 2.985300000000000000e+04
1.671799199200000000e+10 1.897999999999996362e+03
1.676967572000000000e+10 2.123300000000000000e+04
1.684372167200000000e+10 2.151100000000000000e+04
1.729731802400000000e+10 4.012700000000000000e+04
1.744127512800000000e+10 3.743300000000000000e+04
1.745144765600000000e+10 2.503100000000000000e+04
1.764940244000000000e+10 3.078500000000000728e+04
1.776186461600000000e+10 3.055800000000000000e+04
1.781806354400000000e+10 2.506600000000000000e+04
1.811638136800000000e+10 3.693100000000000000e+04
1.862766194400000000e+10 5.522700000000000000e+04
1.862771938400000000e+10 9.529000000000003638e+03
1.862779175200000000e+10 6.990000000000007276e+03
1.880039304800000000e+10 3.533700000000000728e+04
1.880044354400000000e+10 3.367999999999996362e+03
1.891055119200000000e+10 3.100600000000000000e+04
1.926017260000000000e+10 4.504500000000000000e+04
1.939932477600000000e+10 3.726900000000000000e+04
1.947958548000000000e+10 3.104000000000000000e+04
1.964920882400000000e+10 3.319900000000000728e+04
1.965390328800000000e+10 2.359600000000000728e+04
1.977896668000000000e+10 2.623200000000000000e+04
2.021937100000000000e+10 4.667800000000000000e+04
2.038979759200000000e+10 3.807500000000000000e+04
2.038986788000000000e+10 1.223200000000000000e+04
2.057082872800000000e+10 3.685700000000000000e+04
2.059550114400000000e+10 2.683400000000000000e+04
2.061327356000000000e+10 2.010100000000000000e+04
2.091407218400000000e+10 3.460499999999999272e+04
2.095044224800000000e+10 2.496900000000000000e+04
2.113336000800000000e+10 2.957200000000000000e+04
2.114164804000000000e+10 2.139700000000000000e+04
2.150321122400000000e+10 4.243600000000000000e+04
2.165362360800000000e+10 3.512900000000000000e+04
2.218563444000000000e+10 5.727600000000000000e+04
2.223364101600000000e+10 3.568800000000000000e+04
2.234773458400000000e+10 3.269200000000000000e+04
2.240594671200000000e+10 2.729399999999999272e+04
2.245998637600000000e+10 2.292099999999999272e+04
2.270182548000000000e+10 3.467300000000000000e+04
2.280529879200000000e+10 2.966299999999999272e+04
2.298472936800000000e+10 3.480600000000000000e+04
2.303169884000000000e+10 2.574400000000000000e+04
2.309478173600000000e+10 2.324600000000000000e+04
2.315081104800000000e+10 2.078600000000000728e+04
2.316489060000000000e+10 1.639799999999999272e+04
2.316504871200000000e+10 1.061600000000000364e+04
2.335326919200000000e+10 2.185600000000000000e+04
2.341458575200000000e+10 2.051300000000000000e+04
2.359391911200000000e+10 2.451799999999999272e+04
2.363265447200000000e+10 2.128600000000000000e+04
2.400751964000000000e+10 3.841400000000000000e+04
2.409834456800000000e+10 2.945600000000000000e+04
2.422078248800000000e+10 3.000600000000000000e+04
2.422095101600000000e+10 2.118900000000000000e+04
2.433382405600000000e+10 2.440800000000000000e+04
2.433401775200000000e+10 1.602500000000000728e+04
2.484971589600000000e+10 4.396700000000000000e+04
2.503256717600000000e+10 3.953700000000000000e+04
2.504504164000000000e+10 2.730000000000000000e+04
2.515106714400000000e+10 2.785000000000000000e+04
2.515126500000000000e+10 1.880100000000000000e+04
2.522537274400000000e+10 2.016399999999999272e+04
2.528032460000000000e+10 1.820100000000000728e+04
2.534933634400000000e+10 1.842300000000000728e+04
2.537277479200000000e+10 1.559299999999999272e+04
2.542000420000000000e+10 1.481900000000000364e+04
2.543855549600000000e+10 1.287400000000000728e+04
2.552523797600000000e+10 1.481300000000000364e+04
2.565098541600000000e+10 1.862500000000000000e+04
2.571636516000000000e+10 1.816100000000000728e+04
2.585693816800000000e+10 2.177300000000000000e+04
2.587359716000000000e+10 1.664300000000000364e+04
2.620187095200000000e+10 3.169899999999999272e+04
2.630046234400000000e+10 2.806500000000000728e+04
2.644193352800000000e+10 2.886300000000000000e+04
2.656891157600000000e+10 2.832099999999999272e+04
2.661464007200000000e+10 2.322800000000000000e+04
2.683580477600000000e+10 3.315499999999999272e+04
2.698821252000000000e+10 3.147299999999999272e+04
2.702330580000000000e+10 2.313500000000000000e+04
2.732506812000000000e+10 3.568300000000000000e+04
2.732512480800000000e+10 5.732999999999996362e+03
2.751238173600000000e+10 3.313699999999999272e+04
2.751257549600000000e+10 2.553200000000000000e+04
2.777887239200000000e+10 3.495399999999999272e+04
2.780175452000000000e+10 2.348200000000000000e+04
2.787113044000000000e+10 2.278800000000000000e+04
2.814534276000000000e+10 3.368699999999999272e+04
2.819575287200000000e+10 2.568299999999999272e+04
2.828327184800000000e+10 2.485600000000000000e+04
2.857521884000000000e+10 3.588500000000000000e+04
2.857541356000000000e+10 3.053500000000000000e+04
2.862764732000000000e+10 2.213600000000000728e+04
2.873130255200000000e+10 2.290700000000000000e+04
2.873784568800000000e+10 1.691799999999999636e+04
2.887197994400000000e+10 2.225100000000000000e+04
2.942989143200000000e+10 5.308200000000000000e+04
2.945279866400000000e+10 3.338300000000000000e+04
2.946510122400000000e+10 2.336800000000000000e+04
2.952113741600000000e+10 2.152800000000000000e+04
2.958726002400000000e+10 2.111300000000000000e+04
2.978047804000000000e+10 2.718399999999999272e+04
3.000571413600000000e+10 3.256600000000000000e+04
3.000577532000000000e+10 7.362000000000000000e+03
3.006487085600000000e+10 2.472899999999999272e+04
3.006492692000000000e+10 2.107000000000000000e+03
3.046806216800000000e+10 4.265000000000000000e+04
3.055174591200000000e+10 3.328500000000000000e+04
3.074174679200000000e+10 3.503300000000000000e+04
3.088669184800000000e+10 3.585200000000000000e+04
3.095844015200000000e+10 2.769000000000000000e+04
3.095856200800000000e+10 1.512299999999999272e+04
3.111884071200000000e+10 2.673100000000000000e+04
3.124402623200000000e+10 2.596400000000000000e+04
3.124413524000000000e+10 1.371900000000000364e+04
3.126137068000000000e+10 1.710100000000000364e+04
3.128726221600000000e+10 1.492999999999999272e+04
3.131385266400000000e+10 1.364100000000000000e+04
3.205430575200000000e+10 5.134100000000000000e+04
3.205435871200000000e+10 7.420000000000007276e+03
3.205443802400000000e+10 8.852000000000000000e+03
3.227461026400000000e+10 3.836500000000000000e+04
3.227825453600000000e+10 2.505200000000000000e+04
3.229165696800000000e+10 1.998099999999999272e+04
3.257760224800000000e+10 3.381100000000000000e+04
3.270966863200000000e+10 3.105100000000000728e+04
3.270972071200000000e+10 2.666000000000003638e+03
3.277345786400000000e+10 2.572200000000000000e+04
3.285337287200000000e+10 2.420600000000000000e+04
3.309633575200000000e+10 3.197600000000000000e+04
3.309645375200000000e+10 1.641700000000000728e+04
3.312829466400000000e+10 1.999200000000000728e+04
3.358900021600000000e+10 4.179300000000000000e+04
3.373635925600000000e+10 3.561500000000000000e+04
3.382745631200000000e+10 2.923800000000000000e+04
3.390088317600000000e+10 2.669300000000000000e+04
3.415241711200000000e+10 3.513900000000000728e+04
3.415250111200000000e+10 1.248499999999999636e+04
3.433277874400000000e+10 3.336499999999999272e+04
3.491628280800000000e+10 6.141200000000000000e+04
3.502833746400000000e+10 3.987300000000000000e+04
3.504998973600000000e+10 2.824900000000000000e+04
3.505010095200000000e+10 1.079399999999999636e+04
3.505990868000000000e+10 1.759799999999999272e+04
3.507310314400000000e+10 1.526500000000000364e+04
3.510755672800000000e+10 1.485300000000000000e+04
3.516123564000000000e+10 1.490200000000000728e+04
3.522696653600000000e+10 1.599600000000000000e+04
3.524960927200000000e+10 1.328400000000000728e+04
3.531022816800000000e+10 1.448800000000000728e+04
3.535509319200000000e+10 1.313700000000000364e+04
3.535720418400000000e+10 9.901000000000000000e+03
3.572093818400000000e+10 2.763600000000000728e+04
3.575201799200000000e+10 2.223000000000000000e+04
3.575682975200000000e+10 1.583199999999999272e+04
3.579586932000000000e+10 1.564500000000000000e+04
3.585184455200000000e+10 1.533400000000000000e+04
3.586167922400000000e+10 1.242300000000000728e+04
3.614577519200000000e+10 2.496300000000000000e+04
3.614584341600000000e+10 6.258999999999996362e+03
3.621310920800000000e+10 2.107700000000000000e+04
3.655870276000000000e+10 3.499100000000000000e+04
3.668389965600000000e+10 3.094199999999999272e+04
3.670135258400000000e+10 2.381900000000000000e+04
3.670193384800000000e+10 1.623900000000000728e+04
3.753058508000000000e+10 6.357600000000000000e+04
3.753064474400000000e+10 1.317999999999999636e+04
3.761960720800000000e+10 3.773600000000000000e+04
3.763262128800000000e+10 2.588400000000000000e+04
3.765089306400000000e+10 2.107499999999999272e+04
3.788492452000000000e+10 3.179300000000000728e+04
3.788499213600000000e+10 7.641999999999992724e+03
3.819203090400000000e+10 3.789700000000000000e+04
3.821416234400000000e+10 2.562800000000000000e+04
3.822345740000000000e+10 2.005400000000000000e+04
3.853666423200000000e+10 3.423099999999999272e+04
3.868844466400000000e+10 3.331800000000000000e+04
3.874822631200000000e+10 2.616000000000000000e+04
3.910824458400000000e+10 4.161800000000000000e+04
3.917387584800000000e+10 3.226000000000000000e+04
3.946534352800000000e+10 4.324800000000000000e+04
4.008815364000000000e+10 6.102400000000000000e+04
4.008820143200000000e+10 5.907000000000000000e+03
4.009222954400000000e+10 3.617400000000000000e+04
4.009231730400000000e+10 1.192200000000000364e+04
4.022725804000000000e+10 2.970900000000000000e+04
4.026216322400000000e+10 2.536700000000000000e+04
4.030763869600000000e+10 2.132400000000000000e+04
4.043814852000000000e+10 2.397900000000000000e+04
4.044601293600000000e+10 1.827200000000000000e+04
4.053920757600000000e+10 2.031900000000000000e+04
4.090113108000000000e+10 3.669300000000000000e+04
4.091034434400000000e+10 2.425700000000000000e+04
4.102152256800000000e+10 2.581600000000000000e+04
4.135261047200000000e+10 3.899400000000000000e+04
4.135271932000000000e+10 1.335200000000000364e+04
4.149978692000000000e+10 3.166500000000000000e+04
4.181141484000000000e+10 3.897800000000000000e+04
4.234945690400000000e+10 5.891600000000000000e+04
4.234962037600000000e+10 3.729200000000000000e+04
4.286956784800000000e+10 5.381800000000000000e+04
4.295285829600000000e+10 4.000600000000000000e+04
4.308652284000000000e+10 3.709500000000000000e+04
4.329793828000000000e+10 4.044700000000000000e+04
4.331497213600000000e+10 2.605200000000000000e+04
4.339270687200000000e+10 2.648000000000000000e+04
4.363855008800000000e+10 3.239600000000000000e+04
4.395260052000000000e+10 4.064800000000000000e+04
4.417202367200000000e+10 4.243900000000000000e+04
4.417825983200000000e+10 2.768000000000000000e+04
4.448881360800000000e+10 3.938000000000000000e+04
4.461735133600000000e+10 3.499200000000000728e+04
4.481090784800000000e+10 3.768800000000000000e+04
4.488065532000000000e+10 2.968200000000000000e+04
4.491663309600000000e+10 2.320500000000000000e+04
4.501021456800000000e+10 2.381200000000000000e+04
4.542351696800000000e+10 4.257000000000000000e+04
4.559268061600000000e+10 3.907200000000000000e+04
4.590900653600000000e+10 4.360900000000000000e+04
4.590911400800000000e+10 2.052300000000000000e+04
4.590919208800000000e+10 2.001000000000003638e+03
4.600059919200000000e+10 2.715000000000000728e+04
4.635586245600000000e+10 4.236400000000000000e+04
4.637082994400000000e+10 2.817600000000000000e+04
4.637099804000000000e+10 1.989400000000000000e+04
4.660807322400000000e+10 3.002300000000000728e+04
4.678333340000000000e+10 3.169300000000000000e+04
4.690133706400000000e+10 3.009199999999999272e+04
4.705337400800000000e+10 3.242400000000000000e+04
4.707933727200000000e+10 2.412100000000000000e+04
4.707941400800000000e+10 7.433000000000003638e+03
4.766214815200000000e+10 4.726600000000000000e+04
4.766223564000000000e+10 1.853400000000000728e+04
4.769070132000000000e+10 2.698600000000000000e+04
4.786152476000000000e+10 3.328900000000000000e+04
4.799410119200000000e+10 2.998000000000000000e+04
4.802033858400000000e+10 2.352200000000000000e+04
4.804170232800000000e+10 1.940300000000000000e+04
4.807311900000000000e+10 1.659900000000000728e+04
4.841536192800000000e+10 3.283900000000000000e+04
4.855010997600000000e+10 3.126400000000000000e+04
4.860677384800000000e+10 2.477900000000000000e+04
4.875254050400000000e+10 2.743800000000000728e+04
4.905352703200000000e+10 3.711700000000000000e+04
4.926068359200000000e+10 3.691000000000000000e+04
4.927183752800000000e+10 2.441200000000000000e+04
4.929816866400000000e+10 2.109200000000000728e+04
4.934513672800000000e+10 1.881999999999999272e+04
4.958089500000000000e+10 2.981799999999999272e+04
4.988667418400000000e+10 3.828400000000000000e+04
4.990637940000000000e+10 2.655300000000000000e+04
4.990656229600000000e+10 2.243499999999999272e+04
5.033283626400000000e+10 4.274300000000000000e+04
5.045554279200000000e+10 3.510400000000000000e+04
5.045575407200000000e+10 2.484700000000000728e+04
5.045582980000000000e+10 5.875000000000003638e+03
5.046717172000000000e+10 1.663100000000000000e+04
5.072610482400000000e+10 2.903600000000000000e+04
5.083245269600000000e+10 2.698800000000000000e+04
5.099392130400000000e+10 3.174200000000000000e+04
5.108492045600000000e+10 2.748100000000000000e+04
5.120557760800000000e+10 2.648799999999999272e+04
5.134137215200000000e+10 2.873000000000000000e+04
5.209290661600000000e+10 6.060900000000000000e+04
5.239534322400000000e+10 5.147900000000000000e+04
5.239541578400000000e+10 1.553000000000000000e+04
5.253206124000000000e+10 3.885100000000000000e+04
5.253211290400000000e+10 3.973000000000000000e+03
5.266022792800000000e+10 3.130300000000000000e+04
5.268401922400000000e+10 2.443199999999999272e+04
5.273425828000000000e+10 2.162700000000000000e+04
5.274299162400000000e+10 1.628500000000000000e+04
5.286317143200000000e+10 2.060800000000000000e+04
5.297367549600000000e+10 2.231000000000000000e+04
5.326786079200000000e+10 3.463400000000000728e+04
5.335568695200000000e+10 2.779400000000000728e+04
5.335574850400000000e+10 5.671000000000007276e+03
5.336958855200000000e+10 1.906999999999999272e+04
5.342543015200000000e+10 1.907200000000000000e+04
5.353020626400000000e+10 2.066000000000000000e+04
5.390059341600000000e+10 3.648900000000000000e+04
5.412288490400000000e+10 3.696600000000000000e+04
5.424396236000000000e+10 3.314100000000000728e+04
5.425266036000000000e+10 2.358400000000000000e+04
5.434007983200000000e+10 2.614200000000000000e+04
5.443970914400000000e+10 2.384600000000000000e+04
5.448730383200000000e+10 2.087900000000000728e+04
5.462742500000000000e+10 2.460300000000000000e+04
5.463826376800000000e+10 1.860100000000000000e+04
5.467183877600000000e+10 1.623300000000000728e+04
5.471996908000000000e+10 1.575799999999999272e+04
5.483711821600000000e+10 1.877600000000000000e+04
5.489826314400000000e+10 1.810500000000000000e+04
5.498367964000000000e+10 1.880399999999999272e+04
5.518176128800000000e+10 2.501100000000000000e+04
5.529408543200000000e+10 2.520000000000000000e+04
5.529414156000000000e+10 1.948000000000007276e+03
5.533929199200000000e+10 2.020500000000000000e+04
5.540922052000000000e+10 1.975600000000000000e+04
5.557114074400000000e+10 2.538400000000000000e+04
5.585864757600000000e+10 3.483099999999999272e+04
5.613626845600000000e+10 3.897400000000000000e+04
5.686901655200000000e+10 7.579700000000000000e+04
5.700649076000000000e+10 4.825000000000000000e+04
5.718599956000000000e+10 4.624600000000000000e+04
5.726945282400000000e+10 3.452200000000000000e+04
5.737476005600000000e+10 3.089000000000000728e+04
5.744703512800000000e+10 2.665600000000000000e+04
5.744715018400000000e+10 1.380900000000000364e+04
5.754674461600000000e+10 2.344300000000000000e+04
5.754681312800000000e+10 5.323000000000000000e+03
5.763716383200000000e+10 2.071900000000000000e+04
5.768363095200000000e+10 1.858199999999999272e+04
5.832147916000000000e+10 5.551800000000000000e+04
5.874510951200000000e+10 5.950000000000000000e+04
5.875868530400000000e+10 3.292100000000000000e+04
5.924491378400000000e+10 5.550600000000000000e+04
5.946895992800000000e+10 4.881700000000000000e+04
5.970404087200000000e+10 4.459300000000000000e+04
5.972416557600000000e+10 2.910900000000000728e+04
5.972421842400000000e+10 2.295000000000000000e+03
6.028660944800000000e+10 5.575800000000000000e+04
6.028669959200000000e+10 1.933700000000000000e+04
6.043573293600000000e+10 3.570100000000000000e+04
6.088508954400000000e+10 5.481700000000000000e+04
6.102433421600000000e+10 4.648600000000000000e+04
6.110394445600000000e+10 3.385600000000000000e+04
6.131223492000000000e+10 3.672500000000000000e+04
6.133495570400000000e+10 2.611200000000000000e+04
6.133503367200000000e+10 9.724000000000000000e+03
6.149441085600000000e+10 2.701600000000000000e+04
6.149751447200000000e+10 1.920900000000000000e+04
6.149758637600000000e+10 4.725999999999992724e+03
6.187511004000000000e+10 3.420700000000000000e+04
6.189358866400000000e+10 2.614800000000000000e+04
6.199497421600000000e+10 2.537600000000000000e+04
6.199502792800000000e+10 2.346000000000007276e+03
6.208747234400000000e+10 2.274299999999999272e+04
6.225184677600000000e+10 2.951500000000000000e+04
6.225309263200000000e+10 1.834700000000000728e+04
6.245048064800000000e+10 2.615900000000000000e+04
6.323459039200000000e+10 5.937700000000000000e+04
6.325299136800000000e+10 4.248700000000000000e+04
6.325304653600000000e+10 5.630999999999996362e+03
6.329048946400000000e+10 2.648199999999999272e+04
6.330015607200000000e+10 2.088200000000000000e+04
6.341747164000000000e+10 2.449600000000000000e+04
6.354695183200000000e+10 2.585000000000000000e+04
6.373943165600000000e+10 3.117499999999999272e+04
6.381426784800000000e+10 2.652000000000000000e+04
6.431241338400000000e+10 4.708900000000000000e+04
6.439418456800000000e+10 3.741300000000000000e+04
6.440713216800000000e+10 2.674400000000000000e+04
6.440718773600000000e+10 2.261000000000000000e+03
6.441928396000000000e+10 1.855699999999999272e+04
6.474754797600000000e+10 3.463200000000000000e+04
6.493609111200000000e+10 4.056000000000000000e+04
6.522474212000000000e+10 3.945200000000000000e+04
6.522484314400000000e+10 2.018300000000000000e+04
6.543564706400000000e+10 3.551099999999999272e+04
6.543570959200000000e+10 7.829000000000000000e+03
6.584733232800000000e+10 4.626700000000000000e+04
6.596714556000000000e+10 3.903900000000000000e+04
6.601357311200000000e+10 2.833200000000000000e+04
6.603401447200000000e+10 2.128100000000000000e+04
6.611175152800000000e+10 2.168500000000000000e+04
6.613785412000000000e+10 1.777599999999999272e+04
6.616868004000000000e+10 1.642199999999999272e+04
6.624830496800000000e+10 1.767399999999999636e+04
6.627760357600000000e+10 1.507600000000000364e+04
6.656623056800000000e+10 2.765700000000000000e+04
6.677485724000000000e+10 3.074900000000000000e+04
6.678982165600000000e+10 2.416900000000000000e+04
6.686567384800000000e+10 2.358800000000000000e+04
6.693477596000000000e+10 2.136800000000000000e+04
6.700781511200000000e+10 2.088000000000000000e+04
6.704039773600000000e+10 1.799100000000000728e+04
6.706947944800000000e+10 1.529600000000000364e+04
6.737433322400000000e+10 2.755700000000000000e+04
6.764522957600000000e+10 3.645200000000000000e+04
6.766034380000000000e+10 2.407700000000000000e+04
6.766040295200000000e+10 3.478000000000000000e+03
6.773728543200000000e+10 2.200900000000000000e+04
6.792887290400000000e+10 2.803600000000000000e+04
6.796339216800000000e+10 2.120300000000000000e+04
6.800620666400000000e+10 1.973100000000000000e+04
6.811885088800000000e+10 2.098400000000000000e+04
6.814155933600000000e+10 1.789099999999999272e+04
6.846965253600000000e+10 3.272900000000000000e+04
6.852914799200000000e+10 2.687200000000000000e+04
6.861528445600000000e+10 2.422400000000000000e+04
6.865232800800000000e+10 1.988600000000000000e+04
6.869441511200000000e+10 1.817100000000000364e+04
6.889023631200000000e+10 2.537000000000000000e+04
6.895245376800000000e+10 2.135200000000000728e+04
6.895253626400000000e+10 7.326999999999996362e+03
6.897933165600000000e+10 1.577300000000000364e+04
6.898384031200000000e+10 1.239500000000000000e+04
6.903606192800000000e+10 1.354900000000000000e+04
6.903620658400000000e+10 8.529000000000003638e+03
6.937872328800000000e+10 2.616100000000000000e+04
6.965925826400000000e+10 3.462400000000000000e+04
7.006538964000000000e+10 5.146600000000000000e+04
7.010910992800000000e+10 3.638700000000000000e+04
7.010919448800000000e+10 1.211800000000000000e+04
7.027283480800000000e+10 3.180699999999999272e+04
7.050050031200000000e+10 3.507100000000000000e+04
7.086413076000000000e+10 4.610500000000000000e+04
7.110823775200000000e+10 4.721200000000000000e+04
7.113261336800000000e+10 3.104900000000000000e+04
7.143496992800000000e+10 4.118600000000000000e+04
7.169824576800000000e+10 4.612700000000000000e+04
7.170525842400000000e+10 2.696700000000000000e+04
7.179026853600000000e+10 2.673500000000000000e+04
7.189013156000000000e+10 2.567599999999999272e+04
7.193320677600000000e+10 2.138300000000000000e+04
7.204517856800000000e+10 2.331300000000000000e+04
7.205449578400000000e+10 1.740000000000000728e+04
7.209450552800000000e+10 1.634699999999999636e+04
7.212824372000000000e+10 1.501300000000000364e+04
7.238437920800000000e+10 2.687400000000000000e+04
7.238746300000000000e+10 1.846600000000000000e+04
7.276325053600000000e+10 3.709200000000000000e+04
7.277905594400000000e+10 2.541800000000000000e+04
7.313401701600000000e+10 4.062700000000000000e+04
7.387007898400000000e+10 7.069600000000000000e+04
7.389324980000000000e+10 4.233000000000000000e+04
7.389335000800000000e+10 7.621000000000007276e+03
7.397015610400000000e+10 2.952700000000000000e+04
7.413437348000000000e+10 3.140800000000000000e+04
7.422996112800000000e+10 2.761500000000000000e+04
7.423062074400000000e+10 1.996000000000000000e+04
7.456163493600000000e+10 3.701700000000000000e+04
7.477589039200000000e+10 3.770900000000000000e+04
7.498712991200000000e+10 4.067100000000000000e+04
7.507929341600000000e+10 3.272300000000000000e+04
7.522462618400000000e+10 3.209800000000000000e+04
7.532310343200000000e+10 2.984900000000000000e+04
7.552369773600000000e+10 3.574800000000000000e+04
7.578265997600000000e+10 4.241600000000000000e+04
7.601089796000000000e+10 4.087700000000000000e+04
7.603593340000000000e+10 3.083400000000000000e+04
7.603599368800000000e+10 4.908999999999992724e+03
7.613433959200000000e+10 2.591700000000000000e+04
7.613794840800000000e+10 1.825300000000000728e+04
7.613804992800000000e+10 9.445000000000007276e+03
7.635644892000000000e+10 2.582700000000000000e+04
7.638956124000000000e+10 2.036100000000000000e+04
7.673112733600000000e+10 3.608400000000000000e+04
7.679143562400000000e+10 2.927400000000000000e+04
7.682221468000000000e+10 2.258400000000000000e+04
7.705404053600000000e+10 3.197600000000000728e+04
7.719352077600000000e+10 3.134700000000000000e+04
7.719391245600000000e+10 2.047799999999999272e+04
7.719410060000000000e+10 1.750499999999999636e+04
7.730574426400000000e+10 2.001500000000000000e+04
7.731629935200000000e+10 1.662500000000000364e+04
7.731848653600000000e+10 1.215100000000000364e+04
7.753909276000000000e+10 2.204499999999999272e+04
7.761111759200000000e+10 2.081600000000000000e+04
7.787718028000000000e+10 3.090100000000000000e+04
7.787728037600000000e+10 1.361400000000000728e+04
7.801443055200000000e+10 2.675600000000000000e+04
7.825318968800000000e+10 3.392700000000000000e+04
7.831466477600000000e+10 2.653800000000000000e+04
7.834049759200000000e+10 2.157700000000000000e+04
7.860002407200000000e+10 3.188199999999999272e+04
7.860007895200000000e+10 4.001000000000000000e+03
7.877973976800000000e+10 3.267300000000000728e+04
7.886143546400000000e+10 2.905600000000000000e+04
7.886150154400000000e+10 7.125000000000003638e+03
7.924287924000000000e+10 4.270400000000000000e+04
7.929421615200000000e+10 3.052999999999999272e+04
7.931993933600000000e+10 2.474800000000000000e+04
7.948504517600000000e+10 2.811300000000000000e+04
7.973592952800000000e+10 3.565400000000000728e+04
7.973598308000000000e+10 3.747999999999992724e+03
7.994801282400000000e+10 3.591600000000000000e+04
8.002061165600000000e+10 2.759800000000000000e+04
8.002066792800000000e+10 3.899999999999996362e+03
8.017580807200000000e+10 2.897700000000000000e+04
8.017602434400000000e+10 2.154600000000000000e+04
8.066165247200000000e+10 4.515200000000000000e+04
8.066176959200000000e+10 2.077699999999999272e+04
8.149634197600000000e+10 7.728000000000000000e+04
8.165901831200000000e+10 5.188200000000000000e+04
8.179000204000000000e+10 4.453000000000000000e+04
8.179006362400000000e+10 8.475000000000007276e+03
8.195978120800000000e+10 3.393800000000000000e+04
8.213677594400000000e+10 3.495900000000000728e+04
8.228534778400000000e+10 3.552899999999999272e+04
8.247634053600000000e+10 3.492300000000000728e+04
8.250677556000000000e+10 2.585600000000000000e+04
8.265319053600000000e+10 2.892000000000000000e+04
8.303867712800000000e+10 4.317700000000000000e+04
8.319946524000000000e+10 3.703800000000000000e+04
8.320593474400000000e+10 2.800200000000000000e+04
8.330132362400000000e+10 3.000800000000000000e+04
8.351228532000000000e+10 3.288400000000000728e+04
8.366084072800000000e+10 3.096900000000000000e+04
8.373099586400000000e+10 2.778100000000000000e+04
8.375943914400000000e+10 2.183500000000000000e+04
8.377826495200000000e+10 1.728399999999999272e+04
8.385473384800000000e+10 1.831300000000000000e+04
8.387906236000000000e+10 1.541599999999999272e+04
8.404794485600000000e+10 2.192300000000000000e+04
8.405802431200000000e+10 1.750400000000000364e+04
8.411756960800000000e+10 1.672600000000000000e+04
8.470225013600000000e+10 4.404300000000000000e+04
8.480263116000000000e+10 3.602600000000000000e+04
8.488662068000000000e+10 3.247400000000000000e+04
8.494116034400000000e+10 2.494900000000000728e+04
8.494126092000000000e+10 1.207200000000000728e+04
8.496870516000000000e+10 1.782700000000000000e+04
8.508802984800000000e+10 2.173400000000000000e+04
8.526361837600000000e+10 2.561000000000000000e+04
8.535462735200000000e+10 2.410400000000000000e+04
8.540197860000000000e+10 2.076800000000000000e+04
8.545541048800000000e+10 1.952600000000000000e+04
8.546494986400000000e+10 1.492200000000000364e+04
8.552581429600000000e+10 1.538399999999999636e+04
8.552595175200000000e+10 9.535000000000003638e+03
8.586921530400000000e+10 2.919300000000000000e+04
8.594045399200000000e+10 2.584200000000000000e+04
8.594322032800000000e+10 1.771199999999999272e+04
8.598768911200000000e+10 1.758000000000000364e+04
8.608034924000000000e+10 1.900800000000000000e+04
8.608930800800000000e+10 1.457800000000000728e+04
8.613927434400000000e+10 1.468499999999999636e+04
8.627920964000000000e+10 1.904100000000000000e+04
8.634261056800000000e+10 1.880000000000000000e+04
8.640094570400000000e+10 1.751300000000000000e+04
8.645324008800000000e+10 1.661000000000000000e+04
8.649818890400000000e+10 1.519300000000000000e+04
8.701920831200000000e+10 4.084800000000000000e+04
8.706725901600000000e+10 2.888200000000000000e+04
8.723035575200000000e+10 3.160200000000000000e+04
8.738596645600000000e+10 3.274999999999999272e+04
8.745763973600000000e+10 2.807200000000000000e+04
8.799680834400000000e+10 5.305900000000000000e+04
8.804074144800000000e+10 3.536700000000000000e+04
8.806168423200000000e+10 2.680900000000000000e+04
8.811058845600000000e+10 2.451200000000000000e+04
8.821459959200000000e+10 2.425000000000000000e+04
8.825907615200000000e+10 2.059400000000000000e+04
8.828995668000000000e+10 1.776700000000000000e+04
8.829017850400000000e+10 1.305600000000000000e+04
8.829552904800000000e+10 1.059800000000000000e+04
8.840578188000000000e+10 1.568700000000000728e+04
8.864645992800000000e+10 2.414799999999999272e+04
8.865110896800000000e+10 1.830299999999999272e+04
8.865336695200000000e+10 1.371899999999999272e+04
8.875926064800000000e+10 1.827400000000000728e+04
8.893803216800000000e+10 2.431200000000000000e+04
8.906506954400000000e+10 2.409400000000000000e+04
8.935977079200000000e+10 3.515800000000000000e+04
8.954305061600000000e+10 3.513299999999999272e+04
8.954323125600000000e+10 2.268299999999999272e+04
8.956976765600000000e+10 2.006400000000000000e+04
8.975914944800000000e+10 2.761900000000000000e+04
8.989137909600000000e+10 2.760100000000000000e+04
