# Timestamps in ns,Energies
2.061463200000000000e+07 3.528000000000000000e+04
2.126441680000000000e+08 3.839400000000000000e+04
2.352343760000000000e+08 2.717100000000000000e+04
2.437614000000000000e+08 1.971500000000000000e+04
3.902594480000000000e+08 2.583500000000000000e+04
3.904031760000000000e+08 1.526199999999999272e+04
1.012192152000000000e+09 4.964800000000000000e+04
1.183258104000000000e+09 4.613300000000000000e+04
1.418425320000000000e+09 4.307100000000000000e+04
1.418474184000000000e+09 3.391000000000007276e+03
1.701112392000000000e+09 5.393200000000000000e+04
1.885617560000000000e+09 4.461000000000000000e+04
1.923139672000000000e+09 2.984599999999999272e+04
1.923243976000000000e+09 1.097399999999999636e+04
2.103461816000000000e+09 2.948100000000000000e+04
2.189756200000000000e+09 2.520000000000000000e+04
2.200253304000000000e+09 2.004699999999999272e+04
2.597379336000000000e+09 3.951700000000000000e+04
3.114548632000000000e+09 6.366200000000000000e+04
3.114650296000000000e+09 2.406699999999999272e+04
3.177048136000000000e+09 3.220200000000000000e+04
3.278934424000000000e+09 2.904000000000000000e+04
3.739555992000000000e+09 4.855700000000000000e+04
3.830956664000000000e+09 3.654700000000000000e+04
3.831026552000000000e+09 2.892000000000007276e+03
4.559727656000000000e+09 7.082100000000000000e+04
4.692363864000000000e+09 5.022600000000000000e+04
4.773713784000000000e+09 3.592100000000000000e+04
5.546843192000000000e+09 6.916000000000000000e+04
5.992314312000000000e+09 6.323900000000000000e+04
5.993902696000000000e+09 3.762600000000000000e+04
6.037850984000000000e+09 3.222500000000000728e+04
6.365589816000000000e+09 4.482100000000000000e+04
6.483820008000000000e+09 3.684800000000000000e+04
6.747924040000000000e+09 4.348000000000000000e+04
6.904840872000000000e+09 4.026000000000000000e+04
6.904929240000000000e+09 1.524999999999999272e+04
6.914421368000000000e+09 2.123000000000000000e+04
6.914558120000000000e+09 1.274499999999999636e+04
6.954711608000000000e+09 1.668700000000000728e+04
7.011506888000000000e+09 1.662199999999999636e+04
7.271410200000000000e+09 2.781500000000000000e+04
7.345871112000000000e+09 2.473500000000000000e+04
7.359921080000000000e+09 1.824500000000000000e+04
7.606192952000000000e+09 2.844100000000000000e+04
7.630125048000000000e+09 2.176300000000000000e+04
7.948623720000000000e+09 3.551500000000000000e+04
8.017803192000000000e+09 2.865500000000000000e+04
8.205966824000000000e+09 3.313300000000000728e+04
8.363535144000000000e+09 3.305499999999999272e+04
8.515452792000000000e+09 3.401100000000000000e+04
8.954596376000000000e+09 4.919200000000000000e+04
8.964830856000000000e+09 2.920100000000000000e+04
9.077130440000000000e+09 2.917499999999999272e+04
9.199394152000000000e+09 3.015900000000000000e+04
9.247882968000000000e+09 2.394899999999999272e+04
9.513190936000000000e+09 3.510799999999999272e+04
9.513298408000000000e+09 1.533700000000000364e+04
9.611448840000000000e+09 2.537600000000000000e+04
9.701455656000000000e+09 2.484900000000000000e+04
9.701848536000000000e+09 1.656599999999999636e+04
9.923649288000000000e+09 2.664700000000000728e+04
1.003678828000000000e+10 2.694000000000000728e+04
1.004793549600000000e+10 1.973700000000000000e+04
1.040115484000000000e+10 3.348200000000000000e+04
1.052435850400000000e+10 3.311799999999999272e+04
1.073276112800000000e+10 3.541199999999999272e+04
1.112415386400000000e+10 4.998400000000000000e+04
1.113706072800000000e+10 3.159799999999999272e+04
1.113790244000000000e+10 1.991900000000000728e+04
1.137311242400000000e+10 3.333800000000000000e+04
1.141722442400000000e+10 2.470500000000000000e+04
1.143679164000000000e+10 1.946400000000000728e+04
1.148090460000000000e+10 1.854700000000000728e+04
1.161928660000000000e+10 2.162000000000000000e+04
1.161936474400000000e+10 6.900000000000000000e+03
1.166669823200000000e+10 1.736400000000000728e+04
1.188826264800000000e+10 2.723300000000000000e+04
1.190574797600000000e+10 1.924700000000000728e+04
1.197674676000000000e+10 1.992200000000000000e+04
1.197685468000000000e+10 1.055799999999999272e+04
1.199563480800000000e+10 1.368400000000000000e+04
1.213506954400000000e+10 1.848800000000000000e+04
1.242273680800000000e+10 3.283400000000000000e+04
1.259081861600000000e+10 3.256000000000000000e+04
1.259094925600000000e+10 1.704099999999999636e+04
1.281763583200000000e+10 3.178200000000000728e+04
1.291904882400000000e+10 2.839200000000000000e+04
1.297899648800000000e+10 2.468500000000000000e+04
1.332305624800000000e+10 3.806200000000000000e+04
1.369092496800000000e+10 4.895100000000000000e+04
1.369105672800000000e+10 2.423400000000000000e+04
1.369115396000000000e+10 7.109000000000003638e+03
1.369997180000000000e+10 1.909400000000000000e+04
1.372707802400000000e+10 1.840600000000000000e+04
1.384939074400000000e+10 2.138700000000000000e+04
1.395363146400000000e+10 2.310200000000000000e+04
1.395376210400000000e+10 1.215599999999999636e+04
1.403353151200000000e+10 1.873000000000000728e+04
1.415741442400000000e+10 2.153700000000000000e+04
1.421817404000000000e+10 1.896500000000000000e+04
1.425239421600000000e+10 1.702600000000000000e+04
1.436786188000000000e+10 2.008000000000000000e+04
1.459831981600000000e+10 2.708700000000000000e+04
1.459845423200000000e+10 1.647200000000000364e+04
1.463338151200000000e+10 1.861000000000000000e+04
1.489524122400000000e+10 3.038800000000000000e+04
1.496913016800000000e+10 2.551900000000000000e+04
1.500751844000000000e+10 2.104700000000000000e+04
1.540937866400000000e+10 3.970500000000000000e+04
1.542403365600000000e+10 2.738400000000000000e+04
1.542410180000000000e+10 7.443999999999992724e+03
1.592882850400000000e+10 4.755100000000000000e+04
1.600462376800000000e+10 3.674100000000000000e+04
1.618290244000000000e+10 3.572300000000000728e+04
1.622444504800000000e+10 2.767100000000000000e+04
1.673751103200000000e+10 4.900100000000000000e+04
1.673769591200000000e+10 2.844200000000000000e+04
1.691361130400000000e+10 3.702000000000000000e+04
1.693538309600000000e+10 2.560200000000000000e+04
1.724509980000000000e+10 3.884600000000000000e+04
1.724515327200000000e+10 4.983000000000007276e+03
1.744082330400000000e+10 3.695900000000000000e+04
1.749339525600000000e+10 2.793199999999999272e+04
1.781088349600000000e+10 4.099000000000000000e+04
1.830956138400000000e+10 5.545400000000000000e+04
1.830967300000000000e+10 1.497300000000000364e+04
1.865134698400000000e+10 4.800800000000000000e+04
1.885589343200000000e+10 4.579600000000000000e+04
1.886283471200000000e+10 2.827500000000000000e+04
1.915406546400000000e+10 4.080600000000000000e+04
1.917278229600000000e+10 2.660100000000000000e+04
1.943799749600000000e+10 3.805400000000000000e+04
1.945125716000000000e+10 2.515800000000000000e+04
1.953989458400000000e+10 2.543900000000000000e+04
1.955157456800000000e+10 2.005300000000000000e+04
1.964264618400000000e+10 2.066900000000000000e+04
1.969645607200000000e+10 1.876700000000000728e+04
1.983510052000000000e+10 2.282500000000000000e+04
1.989147655200000000e+10 1.974800000000000000e+04
1.989155887200000000e+10 7.498999999999992724e+03
1.994011272800000000e+10 1.651999999999999636e+04
2.039386709600000000e+10 3.719100000000000000e+04
2.039392037600000000e+10 4.841000000000003638e+03
2.043628429600000000e+10 2.682700000000000000e+04
2.063152871200000000e+10 3.085600000000000000e+04
2.123842367200000000e+10 5.501500000000000000e+04
2.123850272800000000e+10 1.344899999999999636e+04
2.155453143200000000e+10 5.570400000000000000e+04
2.161632024800000000e+10 3.517700000000000728e+04
2.192346311200000000e+10 4.576600000000000000e+04
2.231767976800000000e+10 5.114700000000000000e+04
2.237387124000000000e+10 3.430000000000000000e+04
2.237400898400000000e+10 2.066300000000000000e+04
2.241044464800000000e+10 2.306400000000000728e+04
2.258902948000000000e+10 2.745599999999999272e+04
2.258925080800000000e+10 2.104800000000000000e+04
2.270098557600000000e+10 2.310000000000000000e+04
2.294743186400000000e+10 3.288900000000000000e+04
2.334546124000000000e+10 4.983000000000000000e+04
2.335751733600000000e+10 2.941399999999999272e+04
2.348810176800000000e+10 3.160000000000000000e+04
2.377061581600000000e+10 3.585700000000000000e+04
2.377083452000000000e+10 2.206599999999999272e+04
2.378239464800000000e+10 1.957600000000000000e+04
2.378253496800000000e+10 1.240200000000000000e+04
2.398968741600000000e+10 2.674000000000000000e+04
2.411157362400000000e+10 2.584200000000000000e+04
2.423487682400000000e+10 2.785600000000000000e+04
2.435555738400000000e+10 2.779900000000000000e+04
2.470115584800000000e+10 3.895900000000000000e+04
2.504597495200000000e+10 4.489500000000000000e+04
2.513769988000000000e+10 3.771600000000000000e+04
2.593955909600000000e+10 6.648800000000000000e+04
2.593961780000000000e+10 1.409100000000000000e+04
2.596813586400000000e+10 3.643800000000000000e+04
2.606551232800000000e+10 3.208200000000000000e+04
2.621435618400000000e+10 3.182900000000000000e+04
2.621701720800000000e+10 2.433800000000000000e+04
2.638287784800000000e+10 2.770599999999999272e+04
2.639452456800000000e+10 2.149400000000000000e+04
2.653717608800000000e+10 2.616000000000000000e+04
2.676107224800000000e+10 3.141800000000000000e+04
2.688598944800000000e+10 3.058100000000000000e+04
2.694918165600000000e+10 2.725900000000000000e+04
2.694931189600000000e+10 1.450499999999999272e+04
2.727625895200000000e+10 3.383300000000000000e+04
2.727641029600000000e+10 2.009900000000000728e+04
2.743952448800000000e+10 2.946800000000000728e+04
2.759491170400000000e+10 3.022800000000000728e+04
2.769477007200000000e+10 2.864100000000000000e+04
2.792916096800000000e+10 3.372000000000000000e+04
2.818467119200000000e+10 3.933000000000000000e+04
2.841778495200000000e+10 3.944800000000000000e+04
2.841784285600000000e+10 8.573000000000003638e+03
2.841859365600000000e+10 2.498100000000000728e+04
2.841866301600000000e+10 4.985000000000003638e+03
2.853218461600000000e+10 2.488800000000000000e+04
2.853227677600000000e+10 1.007199999999999272e+04
2.862437197600000000e+10 2.168100000000000000e+04
2.867043775200000000e+10 1.902500000000000000e+04
2.926312932000000000e+10 5.299400000000000000e+04
2.935025064800000000e+10 3.522600000000000000e+04
2.935034293600000000e+10 1.067600000000000364e+04
2.938639146400000000e+10 2.434100000000000728e+04
2.948322666400000000e+10 2.416100000000000000e+04
2.952989594400000000e+10 2.104700000000000728e+04
2.968319687200000000e+10 2.504000000000000000e+04
2.971990485600000000e+10 2.091900000000000000e+04
2.975226322400000000e+10 1.777299999999999272e+04
2.993880728800000000e+10 2.377600000000000000e+04
2.993896349600000000e+10 1.985599999999999272e+04
3.028143021600000000e+10 3.366300000000000000e+04
3.047907372000000000e+10 3.417000000000000000e+04
3.049884037600000000e+10 2.543400000000000000e+04
3.067727824800000000e+10 3.111499999999999272e+04
3.077602506400000000e+10 2.774600000000000000e+04
3.077618904800000000e+10 1.364200000000000728e+04
3.106530818400000000e+10 3.510600000000000000e+04
3.106536010400000000e+10 2.826999999999992724e+03
3.118296676000000000e+10 2.820500000000000728e+04
3.135548474400000000e+10 3.273600000000000000e+04
3.145574551200000000e+10 2.810700000000000728e+04
3.156451517600000000e+10 2.714800000000000000e+04
3.156473072800000000e+10 1.462600000000000728e+04
3.159244584800000000e+10 1.694000000000000728e+04
3.204357728800000000e+10 4.153200000000000000e+04
3.245270021600000000e+10 4.911500000000000000e+04
3.271684685600000000e+10 4.343200000000000000e+04
3.271691796000000000e+10 1.385100000000000364e+04
3.303788920800000000e+10 4.755400000000000000e+04
3.344045180000000000e+10 5.479000000000000000e+04
3.344049808800000000e+10 2.424000000000007276e+03
3.350686189600000000e+10 3.786900000000000000e+04
3.383871740000000000e+10 4.454300000000000000e+04
3.386460340000000000e+10 3.058799999999999272e+04
3.407628458400000000e+10 3.524700000000000728e+04
3.427229132000000000e+10 3.903000000000000000e+04
3.434497871200000000e+10 3.000000000000000000e+04
3.434509893600000000e+10 3.300999999999996362e+03
3.444528783200000000e+10 2.515300000000000000e+04
3.460574976800000000e+10 2.813600000000000000e+04
3.467987818400000000e+10 2.472200000000000000e+04
3.534952522400000000e+10 5.313500000000000000e+04
3.538646684000000000e+10 3.716300000000000000e+04
3.538652983200000000e+10 8.301000000000003638e+03
3.549811861600000000e+10 2.963700000000000000e+04
3.555060704800000000e+10 2.592300000000000000e+04
3.555074642400000000e+10 1.494900000000000000e+04
3.596900501600000000e+10 4.125000000000000000e+04
3.602904685600000000e+10 3.034800000000000000e+04
3.614431698400000000e+10 2.832500000000000000e+04
3.614645917600000000e+10 2.091200000000000000e+04
3.638682996000000000e+10 3.197800000000000728e+04
3.644291186400000000e+10 2.569000000000000000e+04
3.645729898400000000e+10 1.907300000000000000e+04
3.672250544800000000e+10 3.321000000000000000e+04
3.672930855200000000e+10 2.123600000000000728e+04
3.679708216800000000e+10 2.120900000000000000e+04
3.735038631200000000e+10 4.909500000000000000e+04
3.735048340000000000e+10 1.903700000000000000e+04
3.764537392800000000e+10 4.375500000000000000e+04
3.775826488800000000e+10 3.687700000000000000e+04
3.780983978400000000e+10 2.697600000000000000e+04
3.788516684000000000e+10 2.496400000000000000e+04
3.806638549600000000e+10 3.014400000000000000e+04
3.813653044000000000e+10 2.624000000000000000e+04
3.825447956000000000e+10 2.559999999999999272e+04
3.831523178400000000e+10 2.421700000000000000e+04
3.831828005600000000e+10 1.547300000000000728e+04
3.832980642400000000e+10 1.344000000000000000e+04
3.839567458400000000e+10 1.566300000000000728e+04
3.847655530400000000e+10 1.643900000000000364e+04
3.893795536800000000e+10 3.608000000000000000e+04
3.925852448800000000e+10 4.455500000000000000e+04
3.927300605600000000e+10 3.033700000000000000e+04
3.970492647200000000e+10 4.601700000000000000e+04
3.971410231200000000e+10 3.265000000000000000e+04
3.994924381600000000e+10 3.691500000000000000e+04
4.015264277600000000e+10 3.720200000000000000e+04
4.018196114400000000e+10 3.080000000000000000e+04
4.020160119200000000e+10 2.263200000000000000e+04
4.026958501600000000e+10 2.117800000000000000e+04
4.080002885600000000e+10 4.362500000000000000e+04
4.089309527200000000e+10 3.409100000000000000e+04
4.089681973600000000e+10 2.473000000000000728e+04
4.109709255200000000e+10 3.383300000000000000e+04
4.111500044000000000e+10 2.349500000000000000e+04
4.117852760800000000e+10 2.148200000000000000e+04
4.134989152800000000e+10 2.680200000000000000e+04
4.138159780000000000e+10 2.134400000000000000e+04
4.151501655200000000e+10 2.354000000000000000e+04
4.187281772000000000e+10 3.984100000000000000e+04
4.212364925600000000e+10 4.308300000000000000e+04
4.222059104800000000e+10 3.369700000000000000e+04
4.225955436000000000e+10 2.695200000000000000e+04
4.240961660000000000e+10 2.968000000000000000e+04
4.265662932000000000e+10 3.487400000000000728e+04
4.278426834400000000e+10 3.225000000000000000e+04
4.293921912800000000e+10 3.276999999999999272e+04
4.309315780000000000e+10 3.336200000000000000e+04
4.309323042400000000e+10 9.436000000000000000e+03
4.318663610400000000e+10 2.589500000000000000e+04
4.328311698400000000e+10 2.622500000000000728e+04
4.342401652000000000e+10 2.746500000000000000e+04
4.342407104800000000e+10 1.985000000000007276e+03
4.357889258400000000e+10 2.820800000000000000e+04
4.381335735200000000e+10 3.549700000000000000e+04
4.392690168800000000e+10 3.105700000000000000e+04
4.430455898400000000e+10 4.639300000000000000e+04
4.430472416800000000e+10 2.724900000000000000e+04
4.430480687200000000e+10 9.970999999999996362e+03
4.482685205600000000e+10 4.892300000000000000e+04
4.516511735200000000e+10 4.939500000000000000e+04
4.522740696800000000e+10 3.497100000000000000e+04
4.526722685600000000e+10 2.992800000000000000e+04
4.527541656800000000e+10 2.055300000000000000e+04
4.540740140000000000e+10 2.482200000000000000e+04
4.542022252000000000e+10 1.929700000000000000e+04
4.550021957600000000e+10 2.064100000000000000e+04
4.551710554400000000e+10 1.594799999999999636e+04
4.561113607200000000e+10 1.865000000000000000e+04
4.562446284000000000e+10 1.401099999999999272e+04
4.568872220000000000e+10 1.526600000000000728e+04
4.569293919200000000e+10 1.184099999999999272e+04
4.569796056800000000e+10 9.595000000000000000e+03
4.598574208800000000e+10 2.309200000000000000e+04
4.623976226400000000e+10 2.930800000000000000e+04
4.663812524000000000e+10 4.517100000000000000e+04
4.667131261600000000e+10 3.324000000000000000e+04
4.667144322400000000e+10 1.720699999999999636e+04
4.679629349600000000e+10 2.556700000000000000e+04
4.679635388000000000e+10 4.712000000000003638e+03
4.720829781600000000e+10 4.540800000000000000e+04
4.759142069600000000e+10 5.359200000000000000e+04
4.769708188000000000e+10 4.063100000000000000e+04
4.776069256800000000e+10 3.185100000000000000e+04
4.781360074400000000e+10 2.501300000000000000e+04
4.816125304800000000e+10 4.045300000000000000e+04
4.843171516000000000e+10 4.442900000000000000e+04
4.844079700000000000e+10 2.696899999999999272e+04
4.861934050400000000e+10 3.231800000000000000e+04
4.907770788000000000e+10 4.766500000000000000e+04
4.907778122400000000e+10 1.737500000000000000e+04
4.907786368800000000e+10 9.548000000000000000e+03
4.970150818400000000e+10 6.043700000000000000e+04
4.970161093600000000e+10 2.431400000000000000e+04
4.986588804000000000e+10 3.761800000000000000e+04
4.986593890400000000e+10 3.899999999999996362e+03
5.004801930400000000e+10 3.727100000000000000e+04
5.024524317600000000e+10 3.539000000000000000e+04
5.031489578400000000e+10 3.129099999999999272e+04
5.035275736800000000e+10 2.371300000000000000e+04
5.049758964000000000e+10 2.759600000000000000e+04
5.054112778400000000e+10 2.287900000000000000e+04
5.085269175200000000e+10 3.478900000000000000e+04
5.116810416800000000e+10 4.226300000000000000e+04
5.116826306400000000e+10 2.521599999999999272e+04
5.142797256800000000e+10 3.600000000000000000e+04
5.142808917600000000e+10 1.862500000000000728e+04
5.142822336800000000e+10 1.285100000000000364e+04
5.158726332000000000e+10 2.646400000000000000e+04
5.164377607200000000e+10 2.359500000000000000e+04
5.172211813600000000e+10 2.241400000000000000e+04
5.192598708000000000e+10 2.810700000000000000e+04
5.194950832800000000e+10 2.194400000000000000e+04
5.258087684000000000e+10 4.920000000000000000e+04
5.258102890400000000e+10 2.739600000000000728e+04
5.278054592800000000e+10 3.542999999999999272e+04
5.292829399200000000e+10 3.830500000000000000e+04
5.297647556000000000e+10 2.784800000000000000e+04
5.306602124000000000e+10 2.712800000000000000e+04
5.317176775200000000e+10 2.769100000000000000e+04
5.327947608800000000e+10 2.607699999999999272e+04
5.335075885600000000e+10 2.288900000000000000e+04
5.354205863200000000e+10 2.808600000000000728e+04
5.354214244000000000e+10 1.058399999999999636e+04
5.386147770400000000e+10 3.557900000000000728e+04
5.448441178400000000e+10 6.117600000000000000e+04
5.462804240800000000e+10 4.515100000000000000e+04
5.466730576800000000e+10 3.376300000000000000e+04
5.482306173600000000e+10 3.183100000000000000e+04
5.493717866400000000e+10 2.921400000000000000e+04
5.504013592800000000e+10 2.699200000000000000e+04
5.526311812000000000e+10 3.250599999999999272e+04
5.528159482400000000e+10 2.680800000000000000e+04
5.528822316000000000e+10 1.804000000000000000e+04
5.558512764000000000e+10 3.241300000000000000e+04
5.583816344800000000e+10 3.620700000000000728e+04
5.600533314400000000e+10 3.503200000000000000e+04
5.603564085600000000e+10 2.702900000000000000e+04
5.609810391200000000e+10 2.485600000000000000e+04
5.631171399200000000e+10 3.136400000000000000e+04
5.669727085600000000e+10 4.695000000000000000e+04
5.669735256800000000e+10 1.526399999999999636e+04
5.674007431200000000e+10 2.674200000000000000e+04
5.674014879200000000e+10 8.198999999999992724e+03
5.676031114400000000e+10 1.806500000000000000e+04
5.699936548000000000e+10 2.913700000000000000e+04
5.701661836000000000e+10 2.329499999999999272e+04
5.717261376800000000e+10 2.560800000000000000e+04
5.721307272800000000e+10 2.193600000000000000e+04
5.735234597600000000e+10 2.442000000000000000e+04
5.738848791200000000e+10 2.024000000000000000e+04
5.738857421600000000e+10 7.529000000000003638e+03
5.775935490400000000e+10 3.568900000000000000e+04
5.783143903200000000e+10 2.952200000000000000e+04
5.788693416800000000e+10 2.507200000000000000e+04
5.800155247200000000e+10 2.582800000000000728e+04
5.803480237600000000e+10 2.091200000000000000e+04
5.838993180000000000e+10 3.559700000000000000e+04
5.839109524000000000e+10 2.439400000000000728e+04
5.854182896800000000e+10 2.903800000000000000e+04
5.875392255200000000e+10 3.281200000000000000e+04
5.880105612000000000e+10 2.553100000000000000e+04
5.915744274400000000e+10 3.871900000000000000e+04
5.952497016800000000e+10 5.191200000000000000e+04
5.952505450400000000e+10 1.731200000000000000e+04
5.959423527200000000e+10 3.105900000000000000e+04
5.976526290400000000e+10 3.126300000000000000e+04
6.030186544800000000e+10 5.651700000000000000e+04
6.052589684000000000e+10 4.745500000000000000e+04
6.052598328800000000e+10 2.181200000000000728e+04
6.114623773600000000e+10 5.905600000000000000e+04
6.116308719200000000e+10 3.750000000000000000e+04
6.116314663200000000e+10 8.030000000000003638e+03
6.120879517600000000e+10 2.634699999999999272e+04
6.126201671200000000e+10 2.344800000000000000e+04
6.126210666400000000e+10 9.357999999999992724e+03
6.132600119200000000e+10 1.944000000000000000e+04
6.142069404000000000e+10 2.057300000000000000e+04
6.183775680800000000e+10 4.100200000000000000e+04
6.212155236000000000e+10 4.211400000000000000e+04
6.238648088800000000e+10 4.598700000000000000e+04
6.238657578400000000e+10 1.862400000000000000e+04
6.249458824800000000e+10 3.063600000000000000e+04
6.255202244000000000e+10 2.598600000000000000e+04
6.256437575200000000e+10 1.977800000000000000e+04
6.286540061600000000e+10 3.528499999999999272e+04
6.301552436000000000e+10 3.338700000000000000e+04
6.305444645600000000e+10 2.469500000000000000e+04
6.330988652000000000e+10 3.426300000000000000e+04
6.350200312800000000e+10 3.563100000000000000e+04
6.353923983200000000e+10 2.721200000000000000e+04
6.373039186400000000e+10 3.081000000000000000e+04
6.388192810400000000e+10 3.224000000000000000e+04
6.388198138400000000e+10 3.230999999999996362e+03
6.418989748000000000e+10 3.943100000000000000e+04
6.418996282400000000e+10 9.616000000000007276e+03
6.448521287200000000e+10 3.881500000000000000e+04
6.455065746400000000e+10 3.498300000000000000e+04
6.455071466400000000e+10 5.734000000000003638e+03
6.488124885600000000e+10 4.063800000000000000e+04
6.488131276000000000e+10 3.091000000000000000e+03
6.564591480800000000e+10 6.805500000000000000e+04
6.564602602400000000e+10 2.727099999999999272e+04
6.564608637600000000e+10 4.918999999999996362e+03
6.572128658400000000e+10 3.194200000000000728e+04
6.572136925600000000e+10 1.149999999999999636e+04
6.583370024800000000e+10 2.712899999999999272e+04
6.601225053600000000e+10 3.172200000000000000e+04
6.609841287200000000e+10 2.885600000000000000e+04
6.614380301600000000e+10 2.440900000000000000e+04
6.688447610400000000e+10 5.964700000000000000e+04
6.700578495200000000e+10 4.471100000000000000e+04
6.700585010400000000e+10 1.132699999999999272e+04
6.701475701600000000e+10 2.441100000000000000e+04
6.713677167200000000e+10 2.760500000000000000e+04
6.730907636000000000e+10 3.087900000000000000e+04
6.738325551200000000e+10 2.809600000000000000e+04
6.743287471200000000e+10 2.268400000000000000e+04
6.749509373600000000e+10 2.113000000000000000e+04
6.762875024800000000e+10 2.459800000000000000e+04
6.778299586400000000e+10 2.795700000000000000e+04
6.778618700000000000e+10 1.893900000000000000e+04
6.778629538400000000e+10 8.974000000000000000e+03
6.816495752800000000e+10 3.537700000000000728e+04
6.823905768800000000e+10 2.905700000000000000e+04
6.850937340000000000e+10 3.639700000000000000e+04
6.850945906400000000e+10 1.386300000000000728e+04
6.921418557600000000e+10 6.069100000000000000e+04
6.948953210400000000e+10 5.094300000000000000e+04
6.948960244000000000e+10 1.511999999999999636e+04
6.948970130400000000e+10 1.162599999999999636e+04
6.964035272800000000e+10 3.289400000000000728e+04
7.024934327200000000e+10 5.844100000000000000e+04
7.028540069600000000e+10 3.759100000000000000e+04
7.034115354400000000e+10 3.014300000000000000e+04
7.037432872800000000e+10 2.368200000000000000e+04
7.049398863200000000e+10 2.680100000000000000e+04
7.055557810400000000e+10 2.327300000000000728e+04
7.060395303200000000e+10 2.163000000000000728e+04
7.081393701600000000e+10 2.813700000000000000e+04
7.082446407200000000e+10 2.046599999999999272e+04
7.108108378400000000e+10 3.040700000000000000e+04
7.156945716000000000e+10 5.346700000000000000e+04
7.176923324000000000e+10 4.311600000000000000e+04
7.183281455200000000e+10 3.464000000000000000e+04
7.194161972000000000e+10 3.005099999999999272e+04
7.223911405600000000e+10 4.249200000000000000e+04
7.240973231200000000e+10 3.831900000000000000e+04
7.248536180000000000e+10 3.074599999999999272e+04
7.268238208800000000e+10 3.267899999999999272e+04
7.268243914400000000e+10 5.951999999999992724e+03
7.294787154400000000e+10 3.798300000000000000e+04
7.316094684000000000e+10 3.876400000000000000e+04
7.317870541600000000e+10 2.840500000000000000e+04
7.322213176800000000e+10 2.368200000000000000e+04
7.333521328800000000e+10 2.520000000000000000e+04
7.359372991200000000e+10 3.290199999999999272e+04
7.362087544800000000e+10 2.442700000000000000e+04
7.383833797600000000e+10 3.203200000000000000e+04
7.421565687200000000e+10 4.389900000000000000e+04
7.430508556000000000e+10 3.498800000000000728e+04
7.506050887200000000e+10 6.178400000000000000e+04
7.507400476000000000e+10 3.698000000000000000e+04
7.507409706400000000e+10 1.504799999999999636e+04
7.518538903200000000e+10 3.304200000000000000e+04
7.524535036000000000e+10 2.649400000000000000e+04
7.534726412000000000e+10 2.841800000000000000e+04
7.574212756000000000e+10 4.549200000000000000e+04
7.596802124000000000e+10 4.404000000000000000e+04
7.618596498400000000e+10 4.234300000000000000e+04
7.618602324000000000e+10 7.319000000000003638e+03
7.623343522400000000e+10 2.805900000000000000e+04
7.636952290400000000e+10 2.889099999999999272e+04
7.677674298400000000e+10 4.461900000000000000e+04
7.688192599200000000e+10 3.629300000000000000e+04
7.718697610400000000e+10 4.529800000000000000e+04
7.721490044000000000e+10 3.277500000000000000e+04
7.724922186400000000e+10 2.512900000000000000e+04
7.733239338400000000e+10 2.248000000000000000e+04
7.758872860000000000e+10 3.169300000000000000e+04
7.771213820000000000e+10 3.123500000000000000e+04
7.772877661600000000e+10 2.168000000000000000e+04
7.778838584800000000e+10 2.065300000000000000e+04
7.785850021600000000e+10 1.976200000000000000e+04
7.785850464800000000e+10 7.178000000000007276e+03
7.788486344800000000e+10 1.688899999999999636e+04
7.828404773600000000e+10 3.938400000000000000e+04
7.829500418400000000e+10 2.482300000000000000e+04
7.840156088800000000e+10 2.648000000000000000e+04
7.849179725600000000e+10 2.409700000000000000e+04
7.882312893600000000e+10 3.792100000000000000e+04
7.882325544800000000e+10 2.022300000000000000e+04
7.882772236000000000e+10 1.983000000000000000e+04
7.891223276000000000e+10 2.144900000000000000e+04
7.891232621600000000e+10 6.224000000000003638e+03
7.900454597600000000e+10 1.943200000000000728e+04
7.916563021600000000e+10 2.477200000000000000e+04
7.921828925600000000e+10 2.145700000000000000e+04
7.930687980000000000e+10 2.093700000000000000e+04
7.952365733600000000e+10 2.848900000000000000e+04
7.956351578400000000e+10 2.328000000000000000e+04
7.984815573600000000e+10 3.443600000000000000e+04
7.984821546400000000e+10 6.039999999999996362e+03
7.988138229600000000e+10 2.332800000000000000e+04
8.016820994400000000e+10 3.526400000000000000e+04
8.016841336800000000e+10 2.283200000000000728e+04
8.025304898400000000e+10 2.388800000000000000e+04
8.041660679200000000e+10 2.866700000000000000e+04
8.048818908000000000e+10 2.482600000000000000e+04
8.052267316000000000e+10 1.978700000000000000e+04
8.081636200800000000e+10 3.412100000000000728e+04
8.081644156000000000e+10 1.148000000000000728e+04
8.081657332000000000e+10 1.097500000000000728e+04
8.087553956000000000e+10 1.968700000000000000e+04
8.154718284000000000e+10 5.071600000000000000e+04
8.170117676000000000e+10 4.143600000000000000e+04
8.180317796000000000e+10 3.659400000000000000e+04
8.182466821600000000e+10 2.609599999999999272e+04
8.227827663200000000e+10 5.212600000000000000e+04
8.234749314400000000e+10 3.947900000000000000e+04
8.256064370400000000e+10 3.847400000000000000e+04
8.256087253600000000e+10 2.684300000000000000e+04
8.277567077600000000e+10 3.155300000000000000e+04
8.288998810400000000e+10 3.008100000000000000e+04
8.301380453600000000e+10 2.863200000000000000e+04
8.315021852000000000e+10 2.935000000000000000e+04
8.327036959200000000e+10 2.824799999999999272e+04
8.364404660000000000e+10 3.952500000000000000e+04
8.366243932000000000e+10 2.762400000000000000e+04
8.387110588000000000e+10 3.567099999999999272e+04
8.454048596000000000e+10 6.596600000000000000e+04
8.456940394400000000e+10 3.970000000000000000e+04
8.460163368800000000e+10 2.793600000000000000e+04
8.481574311200000000e+10 3.398099999999999272e+04
8.499138068000000000e+10 3.548900000000000000e+04
8.514510575200000000e+10 3.331300000000000000e+04
8.514521079200000000e+10 1.689300000000000364e+04
8.519182232800000000e+10 2.173600000000000000e+04
8.611350431200000000e+10 6.989800000000000000e+04
8.611356386400000000e+10 1.511100000000000728e+04
8.621106338400000000e+10 4.222800000000000000e+04
8.621111847200000000e+10 5.880000000000000000e+03
8.632792284000000000e+10 3.558900000000000728e+04
8.649098682400000000e+10 3.308100000000000000e+04
8.651651834400000000e+10 2.486400000000000000e+04
8.651666116000000000e+10 1.220300000000000728e+04
8.657026232800000000e+10 1.798299999999999636e+04
8.673006791200000000e+10 2.423200000000000000e+04
8.692861280800000000e+10 3.083300000000000000e+04
8.712197255200000000e+10 3.107799999999999272e+04
8.779962940000000000e+10 6.088900000000000000e+04
8.807687541600000000e+10 5.603800000000000000e+04
8.823566551200000000e+10 4.260700000000000000e+04
8.823572972000000000e+10 2.455000000000000000e+03
8.839710024800000000e+10 3.505900000000000000e+04
8.839716240800000000e+10 8.277999999999996362e+03
8.847635826400000000e+10 2.768700000000000000e+04
8.863378279200000000e+10 2.954600000000000000e+04
8.865706671200000000e+10 2.296000000000000000e+04
8.878457704800000000e+10 2.464900000000000000e+04
8.906394066400000000e+10 3.301600000000000000e+04
8.952710872800000000e+10 4.842400000000000000e+04
8.956845180000000000e+10 3.405500000000000000e+04
8.964903821600000000e+10 3.181899999999999272e+04
8.974513732000000000e+10 2.808000000000000000e+04
8.974519820000000000e+10 5.193000000000003638e+03
8.975270912800000000e+10 1.908200000000000000e+04
8.977799378400000000e+10 1.661600000000000000e+04
8.977814725600000000e+10 1.045899999999999636e+04
8.977824351200000000e+10 2.974999999999996362e+03
8.981637530400000000e+10 1.239099999999999636e+04
