# Timestamps in ns,Energies
3.175788240000000000e+08 8.610000000000000000e+04
3.176595760000000000e+08 1.861399999999999272e+04
5.009069680000000000e+08 4.883300000000000000e+04
9.862003120000000000e+08 6.048200000000000000e+04
1.151839448000000000e+09 4.660900000000000000e+04
1.242634488000000000e+09 3.598500000000000000e+04
1.293193912000000000e+09 2.916500000000000000e+04
1.494455000000000000e+09 3.351699999999999272e+04
2.213085576000000000e+09 6.317700000000000000e+04
2.781983832000000000e+09 6.358400000000000000e+04
3.217150984000000000e+09 6.270700000000000000e+04
3.406294056000000000e+09 5.204000000000000000e+04
3.406348856000000000e+09 7.797000000000000000e+03
3.534252552000000000e+09 3.559900000000000000e+04
4.063679288000000000e+09 5.604200000000000000e+04
4.109596872000000000e+09 3.663200000000000000e+04
4.427851336000000000e+09 4.802300000000000000e+04
4.948417528000000000e+09 6.028000000000000000e+04
5.281220920000000000e+09 5.416500000000000000e+04
5.408421864000000000e+09 4.007300000000000000e+04
5.666839320000000000e+09 4.608000000000000000e+04
6.019359656000000000e+09 4.764800000000000000e+04
6.268002984000000000e+09 5.042500000000000000e+04
6.708693752000000000e+09 5.725900000000000000e+04
7.006105688000000000e+09 5.022800000000000000e+04
7.873210072000000000e+09 7.840400000000000000e+04
9.303832856000000000e+09 9.808900000000000000e+04
9.568361784000000000e+09 7.368100000000000000e+04
9.811286088000000000e+09 5.140700000000000000e+04
9.811350920000000000e+09 1.463900000000000728e+04
1.004253040800000000e+10 4.436200000000000000e+04
1.004260530400000000e+10 1.334500000000000364e+04
1.071217325600000000e+10 6.278800000000000000e+04
1.071223509600000000e+10 1.439099999999999636e+04
1.071223970400000000e+10 5.879000000000007276e+03
1.071230482400000000e+10 7.269000000000007276e+03
1.081960874400000000e+10 3.239800000000000000e+04
1.105781095200000000e+10 3.824800000000000000e+04
1.121429416800000000e+10 3.839100000000000000e+04
1.158554656800000000e+10 4.539200000000000000e+04
1.158560202400000000e+10 8.633000000000000000e+03
1.158566556000000000e+10 2.396999999999996362e+03
1.184071093600000000e+10 3.854500000000000000e+04
1.200553442400000000e+10 3.819200000000000000e+04
1.202062244000000000e+10 2.705000000000000000e+04
1.236866160800000000e+10 4.214500000000000000e+04
1.264838959200000000e+10 4.218400000000000000e+04
1.264861020000000000e+10 2.604499999999999272e+04
1.323916951200000000e+10 5.691400000000000000e+04
1.326380325600000000e+10 3.701200000000000000e+04
1.335124869600000000e+10 3.358400000000000000e+04
1.425559493600000000e+10 7.011600000000000000e+04
1.493323544800000000e+10 7.272100000000000000e+04
1.527190856800000000e+10 6.545500000000000000e+04
1.527197943200000000e+10 9.513000000000003638e+03
1.528683388000000000e+10 3.164900000000000000e+04
1.575899535200000000e+10 5.712200000000000000e+04
1.777511584800000000e+10 9.963400000000000000e+04
1.793810372000000000e+10 6.178600000000000000e+04
1.854082122400000000e+10 7.009900000000000000e+04
1.854095258400000000e+10 2.106200000000000728e+04
1.931865800800000000e+10 7.007300000000000000e+04
1.931870280800000000e+10 1.497000000000000000e+03
1.954698189600000000e+10 5.256800000000000000e+04
1.959802132000000000e+10 4.137400000000000000e+04
1.982303330400000000e+10 4.006300000000000000e+04
2.012716674400000000e+10 4.432300000000000000e+04
2.072590640800000000e+10 5.941600000000000000e+04
2.082136290400000000e+10 4.484800000000000000e+04
2.094641847200000000e+10 3.985800000000000000e+04
2.097235224800000000e+10 2.920900000000000000e+04
2.119173708000000000e+10 3.468800000000000728e+04
2.141735282400000000e+10 3.916000000000000000e+04
2.141747384800000000e+10 2.088800000000000728e+04
2.169900301600000000e+10 3.625300000000000000e+04
2.184718680800000000e+10 3.715900000000000000e+04
2.195388877600000000e+10 3.142900000000000000e+04
2.202566317600000000e+10 2.912100000000000000e+04
2.437620104800000000e+10 9.447800000000000000e+04
2.495289810400000000e+10 7.374700000000000000e+04
2.515043023200000000e+10 5.289700000000000000e+04
2.515050274400000000e+10 1.596599999999999272e+04
2.515057860000000000e+10 8.384000000000003638e+03
2.520755287200000000e+10 2.865800000000000000e+04
2.531226541600000000e+10 2.986300000000000000e+04
2.535857552800000000e+10 2.279899999999999272e+04
2.560803260000000000e+10 3.316000000000000000e+04
2.616329404000000000e+10 5.479600000000000000e+04
2.624391223200000000e+10 4.245500000000000000e+04
2.624413287200000000e+10 2.766000000000000000e+04
2.720561597600000000e+10 7.315200000000000000e+04
2.752216613600000000e+10 5.732800000000000000e+04
2.763817797600000000e+10 4.353700000000000000e+04
2.763827472800000000e+10 6.217000000000000000e+03
2.764938904800000000e+10 2.495400000000000000e+04
2.848126156000000000e+10 6.493400000000000000e+04
2.863678253600000000e+10 4.932400000000000000e+04
2.912087919200000000e+10 6.513000000000000000e+04
2.954303980000000000e+10 6.900400000000000000e+04
2.955748906400000000e+10 3.208100000000000000e+04
2.955758642400000000e+10 1.635199999999999636e+04
2.972149596000000000e+10 3.249300000000000000e+04
2.997224479200000000e+10 3.733700000000000000e+04
3.039269210400000000e+10 5.183900000000000000e+04
3.059748546400000000e+10 4.316000000000000000e+04
3.124948970400000000e+10 6.625200000000000000e+04
3.262639780000000000e+10 8.674400000000001455e+04
3.267539341600000000e+10 5.200000000000000000e+04
3.267547407200000000e+10 2.197799999999999272e+04
3.270467458400000000e+10 2.880000000000000728e+04
3.302256109600000000e+10 4.142400000000000000e+04
3.328655637600000000e+10 4.523300000000000000e+04
3.445639629600000000e+10 8.001900000000000000e+04
3.447246636000000000e+10 4.481900000000000000e+04
3.480971631200000000e+10 5.678300000000000000e+04
3.509320021600000000e+10 5.392100000000000000e+04
3.553894594400000000e+10 5.662400000000000000e+04
3.570248272800000000e+10 4.755400000000000000e+04
3.618971610400000000e+10 5.347200000000000000e+04
3.633543143200000000e+10 5.181300000000000000e+04
3.726208452000000000e+10 7.956200000000000000e+04
3.742420615200000000e+10 5.245900000000000000e+04
3.764572568800000000e+10 4.933000000000000000e+04
3.785013805600000000e+10 4.494300000000000000e+04
3.849234383200000000e+10 7.310700000000000000e+04
3.884142588000000000e+10 6.237600000000000000e+04
3.930216381600000000e+10 6.268800000000000000e+04
3.940979167200000000e+10 4.621700000000000000e+04
3.947731319200000000e+10 3.515000000000000000e+04
3.952117327200000000e+10 2.594199999999999272e+04
3.982658359200000000e+10 3.830400000000000000e+04
4.012606394400000000e+10 4.877800000000000000e+04
4.014481461600000000e+10 2.897000000000000000e+04
4.068094668000000000e+10 5.894400000000000000e+04
4.068101200800000000e+10 1.464300000000000728e+04
4.068115319200000000e+10 1.522099999999999636e+04
4.118039941600000000e+10 4.999400000000000000e+04
4.141336661600000000e+10 4.842600000000000000e+04
4.141907474400000000e+10 2.861900000000000000e+04
4.174205133600000000e+10 4.344800000000000000e+04
4.174213456800000000e+10 1.494499999999999636e+04
4.235443954400000000e+10 5.448900000000000000e+04
4.248722741600000000e+10 4.562600000000000000e+04
4.264890216800000000e+10 4.888600000000000000e+04
4.267800469600000000e+10 2.999600000000000000e+04
4.276113572000000000e+10 2.674800000000000000e+04
4.281260012000000000e+10 2.277700000000000000e+04
4.359979336800000000e+10 6.699200000000000000e+04
4.376962125600000000e+10 5.287000000000000000e+04
4.445692589600000000e+10 7.237700000000000000e+04
4.445701724000000000e+10 2.553599999999999272e+04
4.479503197600000000e+10 5.156800000000000000e+04
4.479510064800000000e+10 1.358100000000000728e+04
4.506185962400000000e+10 4.384200000000000000e+04
4.506192450400000000e+10 1.229899999999999272e+04
4.513841842400000000e+10 3.076099999999999272e+04
4.513848365600000000e+10 7.103000000000007276e+03
4.610906010400000000e+10 6.876200000000000000e+04
4.629911957600000000e+10 5.185900000000000000e+04
4.629918594400000000e+10 1.333000000000000000e+04
4.692143820000000000e+10 6.373100000000000000e+04
4.692150061600000000e+10 1.610900000000000364e+04
4.700290810400000000e+10 3.696900000000000000e+04
4.758808079200000000e+10 5.620000000000000000e+04
4.789122972000000000e+10 5.756600000000000000e+04
4.810229714400000000e+10 4.572200000000000000e+04
4.836653796000000000e+10 4.794600000000000000e+04
4.847303749600000000e+10 3.528900000000000000e+04
4.898898572000000000e+10 5.172400000000000000e+04
4.930998852000000000e+10 5.147600000000000000e+04
4.944552948000000000e+10 4.024400000000000000e+04
4.961158871200000000e+10 4.325600000000000000e+04
5.054184740000000000e+10 7.552800000000000000e+04
5.068150740000000000e+10 5.059400000000000000e+04
5.076374972000000000e+10 3.931700000000000000e+04
5.223167463200000000e+10 8.496600000000000000e+04
5.227234572000000000e+10 5.169500000000000000e+04
5.289572412000000000e+10 6.673600000000000000e+04
5.322852095200000000e+10 5.872900000000000000e+04
5.360892868000000000e+10 5.629600000000000000e+04
5.360897804000000000e+10 6.680000000000003638e+03
5.391457653600000000e+10 5.185300000000000000e+04
5.439080778400000000e+10 6.420900000000000000e+04
5.454652226400000000e+10 4.694300000000000000e+04
5.517647556000000000e+10 7.008900000000000000e+04
5.517660741600000000e+10 1.983700000000000000e+04
5.527599786400000000e+10 3.660200000000000000e+04
5.587094503200000000e+10 5.860800000000000000e+04
5.637668820000000000e+10 6.213100000000000000e+04
5.740721853600000000e+10 8.472100000000000000e+04
5.796542280800000000e+10 7.287500000000000000e+04
5.818434644000000000e+10 5.589800000000000000e+04
5.828885173600000000e+10 3.900300000000000000e+04
5.967392404000000000e+10 9.322400000000000000e+04
5.967397306400000000e+10 1.051499999999999272e+04
6.143380527200000000e+10 1.070990000000000000e+05
6.158639519200000000e+10 5.887500000000000000e+04
6.198560920800000000e+10 6.723700000000000000e+04
6.269626696800000000e+10 8.566200000000000000e+04
6.272000140000000000e+10 4.059300000000000000e+04
6.317352976800000000e+10 6.174300000000000000e+04
6.322141002400000000e+10 3.696500000000000000e+04
6.377255624800000000e+10 5.796800000000000000e+04
6.379616860000000000e+10 3.890100000000000000e+04
6.407596685600000000e+10 4.565700000000000000e+04
6.461127506400000000e+10 6.326500000000000000e+04
6.488319421600000000e+10 5.015500000000000000e+04
6.543145973600000000e+10 6.838500000000000000e+04
6.565220426400000000e+10 5.215900000000000000e+04
6.657224069600000000e+10 7.991300000000000000e+04
6.657228704800000000e+10 6.345000000000003638e+03
6.657243746400000000e+10 2.894700000000000000e+04
6.663260420000000000e+10 3.266900000000000000e+04
6.663266152800000000e+10 6.541999999999996362e+03
6.721870152800000000e+10 5.733300000000000000e+04
6.732227327200000000e+10 3.969300000000000000e+04
6.740045540000000000e+10 3.415900000000000000e+04
6.783726856800000000e+10 4.742400000000000000e+04
6.796303413600000000e+10 4.423200000000000000e+04
6.865579260000000000e+10 6.118600000000000000e+04
6.895464173600000000e+10 6.044000000000000000e+04
6.903476631200000000e+10 4.043900000000000000e+04
6.908301184800000000e+10 3.056600000000000000e+04
7.070425698400000000e+10 8.448800000000000000e+04
7.097287456800000000e+10 6.788300000000000000e+04
7.187507621600000000e+10 9.236800000000000000e+04
7.305307215200000000e+10 9.788800000000000000e+04
7.305335277600000000e+10 4.897400000000000000e+04
7.310931703200000000e+10 3.732900000000000000e+04
7.384033965600000000e+10 6.700600000000000000e+04
7.536699669600000000e+10 9.248300000000000000e+04
7.590067112800000000e+10 8.340300000000000000e+04
7.633622101600000000e+10 6.198300000000000000e+04
7.633626535200000000e+10 2.594999999999996362e+03
7.667804151200000000e+10 6.100000000000000000e+04
7.680451359200000000e+10 4.448900000000000000e+04
7.693648704800000000e+10 3.586299999999999272e+04
7.781965020000000000e+10 7.684199999999998545e+04
7.788278948000000000e+10 4.877900000000000000e+04
7.788286236000000000e+10 1.411800000000000364e+04
7.836529226400000000e+10 5.256700000000000000e+04
7.885417316000000000e+10 5.954100000000000000e+04
7.935750416800000000e+10 5.968300000000000000e+04
7.939948901600000000e+10 4.282900000000000000e+04
7.980703269600000000e+10 4.995500000000000000e+04
7.997678984800000000e+10 4.834100000000000000e+04
8.034674277600000000e+10 4.855200000000000000e+04
8.109787340000000000e+10 7.590800000000000000e+04
8.130233884000000000e+10 5.178400000000000000e+04
8.147348085600000000e+10 4.403400000000000000e+04
8.160108327200000000e+10 4.176800000000000000e+04
8.294520636000000000e+10 8.160800000000000000e+04
8.326013325600000000e+10 6.028900000000000000e+04
8.359796064800000000e+10 5.547400000000000000e+04
8.359801220000000000e+10 7.228000000000007276e+03
8.371077765600000000e+10 3.899000000000000000e+04
8.563154322400000000e+10 1.051930000000000000e+05
8.563160628000000000e+10 2.074100000000000000e+04
8.608997780000000000e+10 6.787100000000000000e+04
8.625732170400000000e+10 4.868000000000000000e+04
8.673967674400000000e+10 6.291600000000000000e+04
8.729648477600000000e+10 7.378600000000000000e+04
8.734252296800000000e+10 4.224000000000000000e+04
8.746845576800000000e+10 3.753100000000000000e+04
8.793009191200000000e+10 5.289900000000000000e+04
8.793015060000000000e+10 1.098499999999999272e+04
8.826929458400000000e+10 4.660100000000000000e+04
8.834250319200000000e+10 3.573600000000000728e+04
8.840988032800000000e+10 3.232700000000000728e+04
8.841007509600000000e+10 2.265800000000000000e+04
8.938763359200000000e+10 7.284000000000000000e+04
