# Timestamps in ns,Energies
2.984686800000000000e+08 6.556400000000000000e+04
3.619408720000000000e+08 3.871900000000000000e+04
5.044201840000000000e+08 3.705900000000000000e+04
8.752268240000000000e+08 4.593500000000000000e+04
1.441944712000000000e+09 6.707300000000000000e+04
1.743709672000000000e+09 5.680200000000000000e+04
2.176459592000000000e+09 6.694300000000000000e+04
2.176595704000000000e+09 2.877199999999999272e+04
4.324205384000000000e+09 1.010850000000000000e+05
4.611423624000000000e+09 7.411300000000000000e+04
5.653833784000000000e+09 7.843300000000000000e+04
5.653895304000000000e+09 1.868700000000000000e+04
5.654043432000000000e+09 2.286100000000000000e+04
6.079152136000000000e+09 5.516200000000000000e+04
6.079211576000000000e+09 1.078200000000000728e+04
6.651120872000000000e+09 6.391900000000000000e+04
6.716779432000000000e+09 4.301600000000000000e+04
6.716858824000000000e+09 1.412100000000000000e+04
6.750587576000000000e+09 2.581600000000000000e+04
8.015946760000000000e+09 9.200800000000000000e+04
8.302978856000000000e+09 6.169700000000000000e+04
8.340285624000000000e+09 3.961300000000000000e+04
8.598224584000000000e+09 4.179400000000000000e+04
8.726157336000000000e+09 3.823300000000000000e+04
8.821863352000000000e+09 3.122600000000000000e+04
8.822068536000000000e+09 3.185600000000000000e+04
9.059718424000000000e+09 3.135600000000000000e+04
9.507923336000000000e+09 5.277400000000000000e+04
9.715140616000000000e+09 4.789600000000000000e+04
9.761998824000000000e+09 3.375500000000000728e+04
9.762070648000000000e+09 9.070999999999992724e+03
1.001241511200000000e+10 3.713300000000000000e+04
1.017821799200000000e+10 3.504100000000000000e+04
1.035992036000000000e+10 3.507000000000000000e+04
1.035998058400000000e+10 7.176000000000003638e+03
1.067003400800000000e+10 4.123900000000000000e+04
1.074826589600000000e+10 3.136800000000000000e+04
1.088233900000000000e+10 3.281300000000000000e+04
1.094344924000000000e+10 2.667299999999999272e+04
1.149401104800000000e+10 4.799800000000000000e+04
1.171334917600000000e+10 4.342300000000000000e+04
1.182141469600000000e+10 3.629400000000000000e+04
1.204423480800000000e+10 4.043900000000000000e+04
1.205377538400000000e+10 2.620700000000000000e+04
1.292215919200000000e+10 6.316200000000000000e+04
1.359016375200000000e+10 7.620500000000000000e+04
1.359024956000000000e+10 2.381399999999999272e+04
1.449383997600000000e+10 8.112800000000000000e+04
1.457312184800000000e+10 4.968000000000000000e+04
1.457322093600000000e+10 2.395400000000000000e+04
1.461028820000000000e+10 2.866600000000000000e+04
1.470594114400000000e+10 2.777500000000000000e+04
1.599549887200000000e+10 8.430200000000000000e+04
1.621876871200000000e+10 5.703700000000000000e+04
1.621885117600000000e+10 1.586899999999999636e+04
1.621894692000000000e+10 1.155500000000000728e+04
1.733416989600000000e+10 7.602700000000000000e+04
1.811084437600000000e+10 7.964800000000000000e+04
1.856368522400000000e+10 7.160200000000000000e+04
1.934666322400000000e+10 7.642100000000000000e+04
1.936472119200000000e+10 4.521900000000000000e+04
1.973521338400000000e+10 5.140000000000000000e+04
2.061323448800000000e+10 7.466000000000000000e+04
2.061335221600000000e+10 3.263899999999999272e+04
2.072402162400000000e+10 4.733900000000000000e+04
2.079059125600000000e+10 3.386500000000000000e+04
2.081769188000000000e+10 2.504100000000000000e+04
2.089960778400000000e+10 2.598600000000000000e+04
2.120542824800000000e+10 3.590200000000000000e+04
2.144965962400000000e+10 3.942300000000000000e+04
2.220138178400000000e+10 6.584000000000000000e+04
2.242739172000000000e+10 5.614300000000000000e+04
2.247061116000000000e+10 3.528000000000000000e+04
2.273364047200000000e+10 4.151500000000000000e+04
2.273369621600000000e+10 7.612000000000003638e+03
2.289384844000000000e+10 3.503100000000000000e+04
2.289393853600000000e+10 9.711999999999992724e+03
2.349814224800000000e+10 5.508200000000000000e+04
2.377002349600000000e+10 4.782100000000000000e+04
2.394788220000000000e+10 4.244000000000000000e+04
2.411178479200000000e+10 3.848200000000000000e+04
2.430997400800000000e+10 4.190100000000000000e+04
2.436493695200000000e+10 3.072900000000000728e+04
2.468209015200000000e+10 4.124500000000000000e+04
2.549987448800000000e+10 6.510000000000000000e+04
2.563162344800000000e+10 4.696300000000000000e+04
2.573860831200000000e+10 4.113700000000000000e+04
2.615057236000000000e+10 5.004800000000000000e+04
2.623750642400000000e+10 3.853700000000000000e+04
2.623756144800000000e+10 5.844000000000007276e+03
2.676913664800000000e+10 5.676100000000000000e+04
2.739360461600000000e+10 6.848800000000000000e+04
2.767665322400000000e+10 5.664400000000000000e+04
2.768131116000000000e+10 3.316999999999999272e+04
2.771516808800000000e+10 2.737100000000000000e+04
2.811646901600000000e+10 4.650100000000000000e+04
2.828877524000000000e+10 4.024000000000000000e+04
2.895975509600000000e+10 6.166400000000000000e+04
2.920481338400000000e+10 5.639200000000000000e+04
2.968046485600000000e+10 5.556800000000000000e+04
3.022278368800000000e+10 6.048100000000000000e+04
3.050955680800000000e+10 5.389000000000000000e+04
3.095818794400000000e+10 5.923600000000000000e+04
3.159327480800000000e+10 7.188000000000000000e+04
3.165464543200000000e+10 5.033700000000000000e+04
3.166937519200000000e+10 3.167799999999999272e+04
3.166942594400000000e+10 2.427999999999992724e+03
3.176683247200000000e+10 2.848000000000000000e+04
3.191833125600000000e+10 3.086700000000000728e+04
3.201956109600000000e+10 2.782500000000000000e+04
3.201964805600000000e+10 1.081899999999999636e+04
3.221037364000000000e+10 2.946000000000000000e+04
3.242908698400000000e+10 3.641400000000000000e+04
3.244550084000000000e+10 2.399400000000000000e+04
3.275960276000000000e+10 4.109300000000000000e+04
3.348242732000000000e+10 5.962400000000000000e+04
3.357359664800000000e+10 4.461500000000000000e+04
3.384964772000000000e+10 4.885800000000000000e+04
3.411621178400000000e+10 4.526400000000000000e+04
3.413314455200000000e+10 2.908800000000000728e+04
3.450787218400000000e+10 4.633500000000000000e+04
3.471245727200000000e+10 4.117600000000000000e+04
3.494172282400000000e+10 4.606900000000000000e+04
3.597654432800000000e+10 7.338400000000000000e+04
3.602849700000000000e+10 4.762700000000000000e+04
3.605368938400000000e+10 3.435999999999999272e+04
3.647440861600000000e+10 4.958800000000000000e+04
3.652931159200000000e+10 3.669300000000000000e+04
3.893521164000000000e+10 9.337600000000002910e+04
3.911506164000000000e+10 5.982400000000000000e+04
4.047214610400000000e+10 9.400500000000000000e+04
4.084927536800000000e+10 6.699200000000000000e+04
4.125935999200000000e+10 6.429800000000000000e+04
4.156173424800000000e+10 5.782600000000000000e+04
4.183504413600000000e+10 4.993900000000000000e+04
4.189121525600000000e+10 3.588800000000000000e+04
4.202189572000000000e+10 3.264000000000000728e+04
4.205179253600000000e+10 2.818600000000000000e+04
4.241725792800000000e+10 3.922400000000000000e+04
4.252000760800000000e+10 3.257700000000000000e+04
4.252733188000000000e+10 2.484700000000000000e+04
4.265633671200000000e+10 2.577600000000000000e+04
4.339605178400000000e+10 5.868700000000000000e+04
4.339605719200000000e+10 6.393000000000000000e+03
4.341866132000000000e+10 3.839000000000000000e+04
4.412642247200000000e+10 6.104200000000000000e+04
4.432454404000000000e+10 4.817800000000000000e+04
4.462239624800000000e+10 5.216900000000000000e+04
4.482660207200000000e+10 4.354400000000000000e+04
4.529352519200000000e+10 5.285800000000000000e+04
4.587955212000000000e+10 6.692200000000000000e+04
4.587962381600000000e+10 2.000700000000000000e+04
4.587968080800000000e+10 2.458000000000003638e+03
4.623061583200000000e+10 5.388600000000000000e+04
4.629648437600000000e+10 3.844200000000000000e+04
4.651056349600000000e+10 4.332100000000000000e+04
4.658639223200000000e+10 3.142799999999999272e+04
4.671530469600000000e+10 3.170700000000000000e+04
4.673902824800000000e+10 2.384200000000000000e+04
4.756110884000000000e+10 6.945600000000000000e+04
4.867757533600000000e+10 7.897600000000000000e+04
4.899492680800000000e+10 5.941000000000000000e+04
4.939950948000000000e+10 6.352000000000000000e+04
5.001035488800000000e+10 7.070600000000000000e+04
5.011265957600000000e+10 4.476000000000000000e+04
5.078584098400000000e+10 6.587300000000000000e+04
5.213122378400000000e+10 1.008870000000000000e+05
5.321898519200000000e+10 9.425900000000000000e+04
5.321903298400000000e+10 8.950000000000007276e+03
5.321915048800000000e+10 2.561900000000000728e+04
5.321921631200000000e+10 7.374999999999992724e+03
5.402541917600000000e+10 7.075800000000000000e+04
5.406033703200000000e+10 4.855200000000000000e+04
5.443874989600000000e+10 5.235200000000000000e+04
5.455319556000000000e+10 3.905800000000000000e+04
5.515084565600000000e+10 5.979400000000000000e+04
5.560305840800000000e+10 6.273000000000000000e+04
5.579813429600000000e+10 5.288400000000000000e+04
5.611963932000000000e+10 5.298800000000000000e+04
5.633067736800000000e+10 4.393100000000000000e+04
5.659957298400000000e+10 4.789600000000000000e+04
5.726657740000000000e+10 6.967400000000000000e+04
5.741764037600000000e+10 4.603900000000000000e+04
5.796623575200000000e+10 6.381600000000000000e+04
5.844659690400000000e+10 6.054100000000000000e+04
5.924267450400000000e+10 8.498600000000000000e+04
5.980439112800000000e+10 8.115700000000000000e+04
5.980446021600000000e+10 6.159999999999927240e+02
6.019476924000000000e+10 5.879500000000000000e+04
6.023591776800000000e+10 4.145800000000000000e+04
6.046128548000000000e+10 4.026600000000000000e+04
6.075100464800000000e+10 4.658500000000000000e+04
6.093721008800000000e+10 4.167900000000000000e+04
6.093726149600000000e+10 4.824000000000000000e+03
6.105869101600000000e+10 3.375600000000000000e+04
6.156620095200000000e+10 5.022800000000000000e+04
6.174233408800000000e+10 4.360000000000000000e+04
6.234223378400000000e+10 6.420300000000000000e+04
6.246500976800000000e+10 4.287800000000000000e+04
6.307290472800000000e+10 6.494400000000000000e+04
6.311962032800000000e+10 4.633000000000000000e+04
6.388484431200000000e+10 6.539400000000000000e+04
6.393523727200000000e+10 4.048200000000000000e+04
6.412994004000000000e+10 4.333900000000000000e+04
6.425478136800000000e+10 3.834600000000000000e+04
6.446460196000000000e+10 3.712300000000000000e+04
6.483817860000000000e+10 4.512100000000000000e+04
6.491555581600000000e+10 3.602500000000000000e+04
6.520590703200000000e+10 4.196700000000000000e+04
6.546078208800000000e+10 4.146100000000000000e+04
6.548373224800000000e+10 3.167000000000000000e+04
6.635585956000000000e+10 6.704800000000000000e+04
6.643907140000000000e+10 4.592900000000000000e+04
6.712900031200000000e+10 6.416100000000000000e+04
6.722176015200000000e+10 4.381100000000000000e+04
6.735851340000000000e+10 3.886900000000000000e+04
6.757361015200000000e+10 4.066600000000000000e+04
6.765628592800000000e+10 3.313000000000000000e+04
6.797989436000000000e+10 4.673300000000000000e+04
6.815043061600000000e+10 3.765600000000000000e+04
6.833690530400000000e+10 3.956300000000000000e+04
6.846210885600000000e+10 3.303800000000000728e+04
6.848756136800000000e+10 2.681000000000000000e+04
6.887823608800000000e+10 4.268500000000000000e+04
6.887829432800000000e+10 8.305999999999996362e+03
6.998802756000000000e+10 7.883900000000000000e+04
7.004037716000000000e+10 4.458300000000000000e+04
7.059863922400000000e+10 5.848000000000000000e+04
7.098116210400000000e+10 6.728200000000000000e+04
7.098129357600000000e+10 2.466500000000000000e+04
7.109508572000000000e+10 3.426400000000000728e+04
7.114687466400000000e+10 2.867600000000000728e+04
7.136284908000000000e+10 3.715300000000000000e+04
7.147514444000000000e+10 2.982400000000000000e+04
7.214140591200000000e+10 5.844100000000000000e+04
7.238591512800000000e+10 5.028400000000000000e+04
7.309379253600000000e+10 6.854900000000000000e+04
7.503302516000000000e+10 1.097550000000000000e+05
7.542376288800000000e+10 6.836100000000000000e+04
7.542380602400000000e+10 1.912999999999996362e+03
7.553856575200000000e+10 4.513800000000000000e+04
7.557259599200000000e+10 3.234600000000000000e+04
7.678366999200000000e+10 7.907200000000000000e+04
7.705731128800000000e+10 6.594400000000000000e+04
7.705736639200000000e+10 1.070200000000000728e+04
7.705737060000000000e+10 5.528000000000000000e+03
7.725343960800000000e+10 4.866500000000000000e+04
7.729263258400000000e+10 3.346500000000000000e+04
7.734461050400000000e+10 2.615200000000000728e+04
7.794205519200000000e+10 5.179700000000000000e+04
7.802611036000000000e+10 3.772100000000000000e+04
7.806419263200000000e+10 3.056400000000000000e+04
7.858158412000000000e+10 5.308100000000000000e+04
7.877344796000000000e+10 4.194400000000000000e+04
7.948460805600000000e+10 6.625600000000000000e+04
7.948465208800000000e+10 2.156999999999992724e+03
7.950505013600000000e+10 3.750600000000000000e+04
7.990700861600000000e+10 5.327300000000000000e+04
8.012058596000000000e+10 4.642600000000000000e+04
8.022530426400000000e+10 3.838600000000000000e+04
8.025472026400000000e+10 2.731500000000000000e+04
8.047547895200000000e+10 3.437000000000000728e+04
8.051073106400000000e+10 2.535000000000000000e+04
8.051078880800000000e+10 3.884000000000007276e+03
8.060621272800000000e+10 2.426199999999999272e+04
8.060630672800000000e+10 9.815000000000003638e+03
8.115814373600000000e+10 4.850500000000000000e+04
8.242612077600000000e+10 8.248800000000000000e+04
8.242617972000000000e+10 1.634000000000000000e+04
8.384861719200000000e+10 9.010400000000000000e+04
8.400741372000000000e+10 5.588800000000000000e+04
8.444316092000000000e+10 6.193200000000000000e+04
8.446273114400000000e+10 4.275300000000000000e+04
8.446280594400000000e+10 1.169600000000000000e+04
8.484887536800000000e+10 4.713800000000000000e+04
8.551856743200000000e+10 6.590500000000000000e+04
8.610211308000000000e+10 7.437700000000000000e+04
8.612161188000000000e+10 4.063600000000000000e+04
8.670050252000000000e+10 6.172900000000000000e+04
8.711216908000000000e+10 5.681800000000000000e+04
8.711221412000000000e+10 3.086000000000000000e+03
8.733662256800000000e+10 4.759800000000000000e+04
8.784343250400000000e+10 6.036200000000000000e+04
8.784467927200000000e+10 3.781800000000000000e+04
8.784477178400000000e+10 1.555300000000000000e+04
8.785353175200000000e+10 2.158700000000000000e+04
8.859033940000000000e+10 6.244500000000000000e+04
8.920415247200000000e+10 6.312100000000000000e+04
8.920420052000000000e+10 7.221000000000003638e+03
8.957338992800000000e+10 6.415700000000000000e+04
8.962775066400000000e+10 4.089500000000000000e+04
8.977747597600000000e+10 3.727200000000000000e+04
