# Timestamps in ns,Energies
9.682676880000000000e+08 7.559700000000000000e+04
1.071986056000000000e+09 5.067900000000000000e+04
1.629872008000000000e+09 6.143300000000000000e+04
1.885650328000000000e+09 4.792200000000000000e+04
1.885760488000000000e+09 2.409900000000000000e+04
2.838406072000000000e+09 6.723300000000000000e+04
2.838452280000000000e+09 6.168999999999992724e+03
3.712405208000000000e+09 7.549700000000000000e+04
4.165739544000000000e+09 6.048000000000000000e+04
5.335945816000000000e+09 7.849300000000000000e+04
5.759058712000000000e+09 6.399200000000000000e+04
6.238572920000000000e+09 6.223400000000000000e+04
6.711158616000000000e+09 6.453700000000000000e+04
6.711245640000000000e+09 2.156400000000000728e+04
6.953340104000000000e+09 4.359300000000000000e+04
7.152055336000000000e+09 4.436000000000000000e+04
7.166376328000000000e+09 2.964800000000000000e+04
7.279164904000000000e+09 3.001399999999999272e+04
7.442112568000000000e+09 3.143800000000000728e+04
8.199180824000000000e+09 5.505700000000000000e+04
8.616273832000000000e+09 5.937600000000000000e+04
8.623749208000000000e+09 3.663800000000000000e+04
9.084913576000000000e+09 4.889600000000000000e+04
9.084959224000000000e+09 2.757999999999992724e+03
9.282947464000000000e+09 4.042800000000000000e+04
1.084497087200000000e+10 7.664200000000000000e+04
1.095891772000000000e+10 5.841600000000000000e+04
1.212857140000000000e+10 7.577700000000000000e+04
1.257163002400000000e+10 6.213000000000000000e+04
1.316940616800000000e+10 7.834900000000000000e+04
1.386091413600000000e+10 6.927500000000000000e+04
1.395692925600000000e+10 4.664100000000000000e+04
1.409729605600000000e+10 4.230000000000000000e+04
1.420937250400000000e+10 3.735200000000000000e+04
1.479998492000000000e+10 5.231300000000000000e+04
1.480002967200000000e+10 1.580000000000000000e+03
1.480018980000000000e+10 2.926700000000000000e+04
1.480027282400000000e+10 1.140500000000000728e+04
1.529171392800000000e+10 4.692800000000000000e+04
1.544657860000000000e+10 4.432000000000000000e+04
1.576110250400000000e+10 4.648000000000000000e+04
1.576119391200000000e+10 1.251300000000000728e+04
1.580075743200000000e+10 2.708499999999999272e+04
1.614240343200000000e+10 4.296900000000000000e+04
1.617612088800000000e+10 2.993699999999999272e+04
1.624003117600000000e+10 2.703600000000000728e+04
1.628511453600000000e+10 2.264800000000000000e+04
1.683007749600000000e+10 4.508900000000000000e+04
1.699723084000000000e+10 3.729600000000000000e+04
1.729202426400000000e+10 4.728500000000000000e+04
1.904035032800000000e+10 8.728100000000000000e+04
1.965944456800000000e+10 7.047200000000000000e+04
1.965949836000000000e+10 1.164000000000000000e+04
2.007712196000000000e+10 6.520000000000000000e+04
2.112931658400000000e+10 7.127200000000000000e+04
2.112937045600000000e+10 1.359500000000000728e+04
2.147311679200000000e+10 5.885200000000000000e+04
2.192585564000000000e+10 5.448100000000000000e+04
2.192597391200000000e+10 9.627000000000007276e+03
2.250571669600000000e+10 6.591400000000000000e+04
2.276246218400000000e+10 5.328200000000000000e+04
2.343281023200000000e+10 5.983800000000000000e+04
2.343286260000000000e+10 9.189999999999996362e+03
2.359441247200000000e+10 4.302700000000000000e+04
2.381172896800000000e+10 4.083100000000000000e+04
2.400257332000000000e+10 4.489600000000000000e+04
2.439150852000000000e+10 5.033700000000000000e+04
2.439158688800000000e+10 1.781600000000000364e+04
2.493149130400000000e+10 5.588300000000000000e+04
2.493799188000000000e+10 3.248100000000000000e+04
2.542456820000000000e+10 4.866700000000000000e+04
2.542468850400000000e+10 2.574099999999999272e+04
2.545247064800000000e+10 2.809299999999999272e+04
2.674912442400000000e+10 7.135600000000000000e+04
2.715449999200000000e+10 5.756400000000000000e+04
2.715456149600000000e+10 1.372700000000000364e+04
2.715463751200000000e+10 9.457999999999996362e+03
2.715464277600000000e+10 4.389999999999992724e+03
2.783480858400000000e+10 6.459100000000000000e+04
2.807317954400000000e+10 5.115200000000000000e+04
2.825480823200000000e+10 5.209000000000000000e+04
2.825487444000000000e+10 1.060900000000000364e+04
2.872947807200000000e+10 5.176800000000000000e+04
3.026832140000000000e+10 8.350500000000000000e+04
3.063518847200000000e+10 6.164100000000000000e+04
3.095326341600000000e+10 5.183200000000000000e+04
3.166263330400000000e+10 6.123500000000000000e+04
3.179407608800000000e+10 4.893100000000000000e+04
3.190985946400000000e+10 3.877400000000000000e+04
3.315308917600000000e+10 7.163400000000000000e+04
3.320446247200000000e+10 4.444100000000000000e+04
3.379210616800000000e+10 6.041900000000000000e+04
3.391835016800000000e+10 4.737700000000000000e+04
3.394969445600000000e+10 3.435399999999999272e+04
3.394978823200000000e+10 1.344399999999999272e+04
3.409862692000000000e+10 3.012500000000000000e+04
3.431130964000000000e+10 3.412800000000000000e+04
3.504546220000000000e+10 5.548400000000000000e+04
3.517783616800000000e+10 4.901100000000000000e+04
3.622374589600000000e+10 6.654400000000000000e+04
3.633845621600000000e+10 4.935200000000000000e+04
3.673443332000000000e+10 5.199400000000000000e+04
3.724328104800000000e+10 5.975400000000000000e+04
3.737585911200000000e+10 4.549000000000000000e+04
3.842831058400000000e+10 6.996900000000000000e+04
4.032209439200000000e+10 8.753900000000000000e+04
4.049243647200000000e+10 5.517800000000000000e+04
4.100956335200000000e+10 5.714200000000000000e+04
4.165237141600000000e+10 6.294400000000000000e+04
4.183613413600000000e+10 5.561400000000000000e+04
4.582331365600000000e+10 8.895200000000000000e+04
4.722873103200000000e+10 8.310000000000000000e+04
4.727285421600000000e+10 5.694800000000000000e+04
4.727291300000000000e+10 1.019799999999999636e+04
4.887165506400000000e+10 8.082100000000000000e+04
4.902207903200000000e+10 6.064800000000000000e+04
4.925045951200000000e+10 4.635100000000000000e+04
5.003579311200000000e+10 7.475300000000001455e+04
5.007849512800000000e+10 4.672800000000000000e+04
5.050975202400000000e+10 6.104700000000000000e+04
5.061933111200000000e+10 4.068900000000000000e+04
5.160723970400000000e+10 7.660699999999998545e+04
5.176456176800000000e+10 5.545300000000000000e+04
5.207159101600000000e+10 4.600000000000000000e+04
5.401468042400000000e+10 9.508899999999997090e+04
5.445599832800000000e+10 6.314000000000000000e+04
5.603027284000000000e+10 8.829800000000000000e+04
5.603040287200000000e+10 2.917900000000000000e+04
5.620059629600000000e+10 4.977500000000000000e+04
5.758738436000000000e+10 8.182700000000000000e+04
5.861894474400000000e+10 7.948500000000000000e+04
5.954884404000000000e+10 7.234500000000000000e+04
5.967206272800000000e+10 5.237600000000000000e+04
6.002394464800000000e+10 5.244000000000000000e+04
6.138504916000000000e+10 8.157900000000000000e+04
6.140816898400000000e+10 4.256500000000000000e+04
6.179064770400000000e+10 4.992200000000000000e+04
6.189562812000000000e+10 4.135600000000000000e+04
6.364810996000000000e+10 9.218500000000000000e+04
6.406695168800000000e+10 7.567200000000000000e+04
6.552914234400000000e+10 8.992000000000000000e+04
6.681629952800000000e+10 8.934900000000000000e+04
6.746069975200000000e+10 7.027400000000000000e+04
6.746076912800000000e+10 1.942699999999999272e+04
6.759405668000000000e+10 4.568800000000000000e+04
6.759410514400000000e+10 3.030999999999992724e+03
6.759416924000000000e+10 5.601000000000007276e+03
6.807987744800000000e+10 5.174500000000000000e+04
6.839637447200000000e+10 4.709700000000000000e+04
6.839643962400000000e+10 1.197199999999999636e+04
7.012477077600000000e+10 8.006200000000000000e+04
7.088395519200000000e+10 7.210200000000000000e+04
7.088400466400000000e+10 9.883000000000003638e+03
7.096181229600000000e+10 4.393400000000000000e+04
7.096189832800000000e+10 2.056499999999999272e+04
7.170592954400000000e+10 6.148000000000000000e+04
7.170606783200000000e+10 3.101100000000000728e+04
7.194064648800000000e+10 4.208100000000000000e+04
7.287129576800000000e+10 6.689400000000000000e+04
7.287135437600000000e+10 1.357799999999999272e+04
7.338515340000000000e+10 6.781900000000000000e+04
7.338520221600000000e+10 6.234999999999996362e+03
7.450446325600000000e+10 7.613600000000000000e+04
7.460880562400000000e+10 4.665500000000000000e+04
7.491470794400000000e+10 5.411400000000000000e+04
7.516100108000000000e+10 4.791200000000000000e+04
7.542854589600000000e+10 4.317700000000000000e+04
7.577589712800000000e+10 4.593800000000000000e+04
7.628250573600000000e+10 5.615300000000000000e+04
7.666395496800000000e+10 5.571400000000000000e+04
7.666403527200000000e+10 1.856200000000000000e+04
7.712229828000000000e+10 5.778000000000000000e+04
7.828498816800000000e+10 8.498199999999998545e+04
7.828505312800000000e+10 9.174000000000007276e+03
7.874745151200000000e+10 5.352900000000000000e+04
7.921979301600000000e+10 5.857700000000000000e+04
7.961214066400000000e+10 5.616800000000000000e+04
7.984684954400000000e+10 5.431900000000000000e+04
8.070119760800000000e+10 6.822000000000000000e+04
8.078918823200000000e+10 5.604700000000000000e+04
8.092557976800000000e+10 4.199100000000000000e+04
8.103558944800000000e+10 3.860600000000000000e+04
8.113215954400000000e+10 3.152600000000000000e+04
8.117258127200000000e+10 2.571000000000000000e+04
8.160226876000000000e+10 4.051200000000000000e+04
8.199912084000000000e+10 4.776300000000000000e+04
8.217592373600000000e+10 4.396200000000000000e+04
8.217597431200000000e+10 4.311999999999996362e+03
8.233048247200000000e+10 3.427300000000000728e+04
8.255967818400000000e+10 3.901000000000000000e+04
8.316243223200000000e+10 5.744400000000000000e+04
8.319028832800000000e+10 3.972300000000000000e+04
8.346106872800000000e+10 4.255300000000000000e+04
8.384727055200000000e+10 5.325600000000000000e+04
8.537619632800000000e+10 8.316300000000000000e+04
8.539032266400000000e+10 4.454200000000000000e+04
8.539043157600000000e+10 2.445999999999999272e+04
8.539043584800000000e+10 7.365000000000007276e+03
8.586166226400000000e+10 4.844100000000000000e+04
8.630364735200000000e+10 5.214800000000000000e+04
8.630893232800000000e+10 3.642400000000000000e+04
8.677890992800000000e+10 4.728900000000000000e+04
8.795981061600000000e+10 7.608000000000000000e+04
8.795989815200000000e+10 2.757300000000000000e+04
8.797762412000000000e+10 3.830900000000000000e+04
8.841165749600000000e+10 4.987100000000000000e+04
8.858474717600000000e+10 4.758300000000000000e+04
8.858483493600000000e+10 1.538700000000000000e+04
8.954082767200000000e+10 6.400400000000000000e+04
8.954088240800000000e+10 1.258599999999999272e+04
