# Timestamps in ns,Energies
4.736538160000000000e+08 6.560800000000000000e+04
1.046984888000000000e+09 6.812500000000000000e+04
1.246495208000000000e+09 5.109800000000000000e+04
1.246565720000000000e+09 1.670599999999999272e+04
2.336481528000000000e+09 6.815800000000000000e+04
2.382617192000000000e+09 5.741300000000000000e+04
2.566848744000000000e+09 4.259300000000000000e+04
2.730154616000000000e+09 3.836800000000000000e+04
2.834286936000000000e+09 3.203599999999999272e+04
4.108216920000000000e+09 7.182200000000000000e+04
4.194074232000000000e+09 4.949700000000000000e+04
4.850125592000000000e+09 6.173000000000000000e+04
5.140518008000000000e+09 5.980000000000000000e+04
6.137544280000000000e+09 7.366600000000000000e+04
6.197153864000000000e+09 4.602700000000000000e+04
6.464715992000000000e+09 4.962600000000000000e+04
6.846220968000000000e+09 5.357300000000000000e+04
7.200529400000000000e+09 5.243300000000000000e+04
7.323115448000000000e+09 4.245200000000000000e+04
7.647902456000000000e+09 4.817800000000000000e+04
7.647985368000000000e+09 1.646500000000000000e+04
8.252093992000000000e+09 5.292000000000000000e+04
8.461670808000000000e+09 4.751800000000000000e+04
8.527113368000000000e+09 3.556600000000000000e+04
9.029661528000000000e+09 5.336700000000000000e+04
9.029720408000000000e+09 1.110300000000000728e+04
9.409804776000000000e+09 4.711400000000000000e+04
9.415314392000000000e+09 3.428899999999999272e+04
9.542887192000000000e+09 3.394100000000000000e+04
1.033211965600000000e+10 5.753800000000000000e+04
1.053642330400000000e+10 5.252400000000000000e+04
1.053650576800000000e+10 1.797099999999999272e+04
1.120988034400000000e+10 5.774600000000000000e+04
1.144328258400000000e+10 5.063200000000000000e+04
1.148873928800000000e+10 3.680700000000000000e+04
1.184762349600000000e+10 4.361800000000000000e+04
1.206284863200000000e+10 4.345200000000000000e+04
1.206291149600000000e+10 9.596000000000003638e+03
1.276807608800000000e+10 6.280100000000000000e+04
1.285976391200000000e+10 4.397000000000000000e+04
1.336605440800000000e+10 5.072300000000000000e+04
1.383573261600000000e+10 5.776300000000000000e+04
1.437852866400000000e+10 7.209800000000000000e+04
1.441154280800000000e+10 3.852800000000000000e+04
1.444876084000000000e+10 3.034900000000000000e+04
1.450055416800000000e+10 2.905600000000000000e+04
1.513663621600000000e+10 4.879700000000000000e+04
1.533230178400000000e+10 4.433200000000000000e+04
1.581106824800000000e+10 5.160300000000000000e+04
1.599771108000000000e+10 4.406400000000000000e+04
1.649915839200000000e+10 5.802600000000000000e+04
1.698345501600000000e+10 6.395500000000000000e+04
1.722974712800000000e+10 4.998700000000000000e+04
1.735354106400000000e+10 4.158400000000000000e+04
1.765410410400000000e+10 4.515300000000000000e+04
1.806915901600000000e+10 5.540000000000000000e+04
1.808312314400000000e+10 3.374400000000000000e+04
1.880916887200000000e+10 6.057000000000000000e+04
1.880924295200000000e+10 1.212200000000000000e+04
1.882877103200000000e+10 3.431400000000000728e+04
1.945201845600000000e+10 5.331800000000000000e+04
1.987280210400000000e+10 5.455600000000000000e+04
2.019025391200000000e+10 5.209000000000000000e+04
2.050545623200000000e+10 5.003600000000000000e+04
2.079190880800000000e+10 4.690900000000000000e+04
2.083280864800000000e+10 3.594700000000000000e+04
2.099320567200000000e+10 3.276500000000000000e+04
2.156883471200000000e+10 5.261800000000000000e+04
2.180508820000000000e+10 4.368800000000000000e+04
2.197646165600000000e+10 4.683700000000000000e+04
2.257699496800000000e+10 5.416800000000000000e+04
2.286794375200000000e+10 5.009400000000000000e+04
2.290425600800000000e+10 3.669800000000000000e+04
2.296519552800000000e+10 3.198600000000000000e+04
2.296524826400000000e+10 2.840999999999992724e+03
2.305074416800000000e+10 2.579400000000000000e+04
2.311202512800000000e+10 2.339699999999999272e+04
2.366891679200000000e+10 4.581900000000000000e+04
2.407683452000000000e+10 5.396700000000000000e+04
2.414984692000000000e+10 3.657700000000000000e+04
2.461201032800000000e+10 5.150500000000000000e+04
2.470768680800000000e+10 3.793000000000000000e+04
2.470773687200000000e+10 2.387999999999992724e+03
2.524562770400000000e+10 5.053100000000000000e+04
2.590691496800000000e+10 6.209700000000000000e+04
2.653728968800000000e+10 6.177800000000000000e+04
2.653998362400000000e+10 3.828000000000000000e+04
2.654004520800000000e+10 9.189000000000000000e+03
2.654145428000000000e+10 2.220200000000000000e+04
2.671533472800000000e+10 3.231800000000000000e+04
2.703982837600000000e+10 3.913900000000000000e+04
2.713967082400000000e+10 3.334500000000000000e+04
2.720647936800000000e+10 2.946899999999999272e+04
2.795672888800000000e+10 5.573600000000000000e+04
2.828386743200000000e+10 5.688600000000000000e+04
2.828396284000000000e+10 2.206300000000000728e+04
2.881033648800000000e+10 5.457800000000000000e+04
2.920764623200000000e+10 5.769600000000000000e+04
2.924676797600000000e+10 4.175900000000000000e+04
2.963752911200000000e+10 4.720400000000000000e+04
2.989042764000000000e+10 4.365300000000000000e+04
3.019357549600000000e+10 4.888900000000000000e+04
3.068120976800000000e+10 6.014500000000000000e+04
3.068328829600000000e+10 3.549299999999999272e+04
3.068484464800000000e+10 2.472300000000000000e+04
3.092292450400000000e+10 3.349000000000000000e+04
3.120370277600000000e+10 4.086600000000000000e+04
3.135401879200000000e+10 3.575700000000000000e+04
3.185024468000000000e+10 5.227600000000000000e+04
3.240986730400000000e+10 5.955600000000000000e+04
3.270999999200000000e+10 5.182700000000000000e+04
3.316678644000000000e+10 5.678900000000000000e+04
3.333287848800000000e+10 4.846700000000000000e+04
3.335998991200000000e+10 3.169700000000000000e+04
3.345701887200000000e+10 2.974699999999999272e+04
3.444134186400000000e+10 6.781700000000000000e+04
3.444139256800000000e+10 8.656000000000000000e+03
3.454921903200000000e+10 4.579300000000000000e+04
3.529190564000000000e+10 6.106300000000000000e+04
3.613505220000000000e+10 7.378100000000000000e+04
3.665265388000000000e+10 7.140300000000000000e+04
3.665277148000000000e+10 3.046300000000000000e+04
3.777642775200000000e+10 8.141599999999998545e+04
3.819917831200000000e+10 6.038600000000000000e+04
3.908371069600000000e+10 7.639200000000000000e+04
3.911169733600000000e+10 4.600200000000000000e+04
3.914668157600000000e+10 3.272000000000000000e+04
4.002207837600000000e+10 6.829300000000000000e+04
4.002214815200000000e+10 2.173000000000000000e+04
4.079184439200000000e+10 7.234000000000000000e+04
4.079190168800000000e+10 1.426000000000000000e+04
4.117628376800000000e+10 5.113600000000000000e+04
4.126995202400000000e+10 4.026300000000000000e+04
4.155065610400000000e+10 4.172800000000000000e+04
4.202789738400000000e+10 5.004300000000000000e+04
4.238181882400000000e+10 5.585500000000000000e+04
4.334370207200000000e+10 7.068900000000000000e+04
4.334379877600000000e+10 2.692599999999999272e+04
4.383453928800000000e+10 5.666600000000000000e+04
4.383458255200000000e+10 1.352999999999996362e+03
4.393476514400000000e+10 3.970800000000000000e+04
4.399857367200000000e+10 3.291500000000000000e+04
4.429213242400000000e+10 4.208000000000000000e+04
4.536367760800000000e+10 7.445600000000000000e+04
4.592540252000000000e+10 7.056300000000000000e+04
4.608985927200000000e+10 5.263100000000000000e+04
4.610249637600000000e+10 3.520000000000000728e+04
4.648477783200000000e+10 4.365100000000000000e+04
4.796469437600000000e+10 8.727200000000000000e+04
4.797727340000000000e+10 4.567200000000000000e+04
4.806553127200000000e+10 3.862600000000000000e+04
4.825650666400000000e+10 3.784300000000000000e+04
4.931182855200000000e+10 7.503399999999998545e+04
4.962959364000000000e+10 5.786500000000000000e+04
4.965887517600000000e+10 3.845600000000000000e+04
4.965895868000000000e+10 1.631900000000000364e+04
5.011519316000000000e+10 4.932000000000000000e+04
5.042146357600000000e+10 4.829700000000000000e+04
5.047219151200000000e+10 3.682000000000000000e+04
5.058483325600000000e+10 3.307400000000000000e+04
5.171224671200000000e+10 7.184800000000000000e+04
5.192380690400000000e+10 5.151700000000000000e+04
5.224196301600000000e+10 5.326200000000000000e+04
5.228088196000000000e+10 3.575500000000000000e+04
5.238633160800000000e+10 3.295000000000000000e+04
5.281877940000000000e+10 5.381600000000000000e+04
5.285266295200000000e+10 3.359199999999999272e+04
5.292001901600000000e+10 2.840400000000000728e+04
5.294011351200000000e+10 2.127600000000000000e+04
5.350037900000000000e+10 4.538900000000000000e+04
5.379726968800000000e+10 4.910500000000000000e+04
5.379732093600000000e+10 6.143000000000007276e+03
5.398060092000000000e+10 3.923900000000000000e+04
5.408237464800000000e+10 3.413200000000000000e+04
5.460197330400000000e+10 5.303200000000000000e+04
5.460203023200000000e+10 9.503999999999992724e+03
5.482824501600000000e+10 4.021600000000000000e+04
5.497553837600000000e+10 3.702700000000000000e+04
5.505808383200000000e+10 3.342100000000000000e+04
5.511003680800000000e+10 2.603900000000000000e+04
5.543798100000000000e+10 3.695900000000000000e+04
5.592241703200000000e+10 4.714900000000000000e+04
5.615866989600000000e+10 4.658100000000000000e+04
5.615874928800000000e+10 1.509100000000000000e+04
5.631101306400000000e+10 3.605399999999999272e+04
5.636114653600000000e+10 2.852999999999999272e+04
5.702641045600000000e+10 6.130600000000000000e+04
5.732103090400000000e+10 4.734300000000000000e+04
5.746832293600000000e+10 3.826500000000000000e+04
5.755942888800000000e+10 3.789100000000000000e+04
5.766380218400000000e+10 3.103300000000000728e+04
5.817429591200000000e+10 4.785500000000000000e+04
5.844215066400000000e+10 4.700400000000000000e+04
5.862164653600000000e+10 4.001000000000000000e+04
5.879163847200000000e+10 3.658900000000000000e+04
5.889593770400000000e+10 3.503300000000000000e+04
5.913064986400000000e+10 3.644400000000000000e+04
5.974648360800000000e+10 5.700900000000000000e+04
6.029268170400000000e+10 6.100800000000000000e+04
6.049263584800000000e+10 4.813800000000000000e+04
6.057019426400000000e+10 4.021400000000000000e+04
6.081835386400000000e+10 4.111100000000000000e+04
6.081847429600000000e+10 1.893100000000000000e+04
6.104503679200000000e+10 3.614399999999999272e+04
6.134263325600000000e+10 4.467100000000000000e+04
6.140021016800000000e+10 3.272900000000000000e+04
6.181668839200000000e+10 4.827600000000000000e+04
6.202921349600000000e+10 3.959500000000000000e+04
6.256272432800000000e+10 6.085400000000000000e+04
6.256282152800000000e+10 2.239400000000000000e+04
6.301907788000000000e+10 5.330500000000000000e+04
6.301918021600000000e+10 1.691800000000000728e+04
6.347430916000000000e+10 5.629400000000000000e+04
6.384912048800000000e+10 5.431400000000000000e+04
6.390712944800000000e+10 3.954900000000000000e+04
6.445226309600000000e+10 5.681500000000000000e+04
6.445232231200000000e+10 1.221999999999999636e+04
6.472039848800000000e+10 4.306600000000000000e+04
6.586054976800000000e+10 8.687100000000000000e+04
6.615418952800000000e+10 6.021600000000000000e+04
6.615423527200000000e+10 1.358999999999992724e+03
6.649579146400000000e+10 5.222300000000000000e+04
6.787035370400000000e+10 8.203100000000000000e+04
6.858038184800000000e+10 7.868300000000000000e+04
6.873240148000000000e+10 5.764800000000000000e+04
6.938972552800000000e+10 6.736800000000000000e+04
7.140233887200000000e+10 9.472100000000000000e+04
7.140238024800000000e+10 2.603999999999996362e+03
7.217992852000000000e+10 8.539100000000000000e+04
7.283598776800000000e+10 7.620600000000000000e+04
7.283607952800000000e+10 2.711500000000000000e+04
7.315338205600000000e+10 5.371600000000000000e+04
7.443503434400000000e+10 7.975200000000000000e+04
7.486219589600000000e+10 6.134800000000000000e+04
7.490082069600000000e+10 4.765500000000000000e+04
7.498008816800000000e+10 3.479899999999999272e+04
7.545467276000000000e+10 4.924500000000000000e+04
7.551442356000000000e+10 3.721800000000000000e+04
7.558145354400000000e+10 3.050999999999999272e+04
7.566080944800000000e+10 2.735700000000000000e+04
7.591335517600000000e+10 3.665200000000000000e+04
7.591360037600000000e+10 2.613200000000000000e+04
7.594185917600000000e+10 2.138500000000000000e+04
7.611772284000000000e+10 2.453000000000000000e+04
7.641192351200000000e+10 3.468200000000000000e+04
7.648579956000000000e+10 2.881400000000000728e+04
7.680093847200000000e+10 3.705600000000000000e+04
7.680103271200000000e+10 1.507299999999999636e+04
7.681183655200000000e+10 2.313800000000000000e+04
7.694279498400000000e+10 2.660800000000000000e+04
7.764168008800000000e+10 5.012600000000000000e+04
7.790109704800000000e+10 4.672500000000000000e+04
7.840766965600000000e+10 5.797800000000000000e+04
7.842539524000000000e+10 3.859400000000000000e+04
7.860923191200000000e+10 3.653800000000000000e+04
7.939010584800000000e+10 5.950900000000000000e+04
7.995032404000000000e+10 6.655300000000000000e+04
8.031624912800000000e+10 5.697700000000000000e+04
8.060713386400000000e+10 5.311400000000000000e+04
8.063136992800000000e+10 3.771300000000000000e+04
8.063143986400000000e+10 1.076100000000000728e+04
8.081382378400000000e+10 3.201600000000000000e+04
8.160863698400000000e+10 5.952300000000000000e+04
8.160868607200000000e+10 6.828999999999996362e+03
8.168998492000000000e+10 3.793900000000000000e+04
8.172840040800000000e+10 2.974700000000000000e+04
8.202299999200000000e+10 3.858400000000000000e+04
8.253485943200000000e+10 5.033800000000000000e+04
8.325294786400000000e+10 6.381700000000000000e+04
8.338843208800000000e+10 4.966900000000000000e+04
8.384318887200000000e+10 5.192900000000000000e+04
8.421296240800000000e+10 5.401000000000000000e+04
8.432348735200000000e+10 4.793400000000000000e+04
8.445089391200000000e+10 3.445700000000000000e+04
8.463991736800000000e+10 3.464000000000000000e+04
8.465450223200000000e+10 2.605400000000000000e+04
8.469334868000000000e+10 2.269600000000000728e+04
8.486719802400000000e+10 2.785600000000000728e+04
8.486725197600000000e+10 2.252999999999992724e+03
8.493436090400000000e+10 2.331000000000000000e+04
8.503566996000000000e+10 2.310300000000000000e+04
8.513226927200000000e+10 2.368000000000000000e+04
8.526853132000000000e+10 2.406700000000000000e+04
8.561098068000000000e+10 3.785600000000000000e+04
8.577383045600000000e+10 3.507200000000000000e+04
8.592093485600000000e+10 3.485700000000000000e+04
8.679385932000000000e+10 6.356900000000000000e+04
8.700884871200000000e+10 5.244300000000000000e+04
8.737897375200000000e+10 4.913700000000000000e+04
8.744200887200000000e+10 3.812800000000000000e+04
8.744211834400000000e+10 8.744999999999996362e+03
8.828566069600000000e+10 6.009700000000000000e+04
8.835846261600000000e+10 4.451900000000000000e+04
8.862803188000000000e+10 4.167800000000000000e+04
8.891943669600000000e+10 4.793600000000000000e+04
8.970175525600000000e+10 7.092600000000000000e+04
8.992313007200000000e+10 4.914400000000000000e+04
