# Timestamps in ns,Energies
2.322026960000000000e+08 5.523800000000000000e+04
2.642681840000000000e+08 3.266500000000000000e+04
2.643235920000000000e+08 4.629000000000007276e+03
1.283757400000000000e+09 7.281000000000000000e+04
1.962020152000000000e+09 7.360000000000000000e+04
2.522999176000000000e+09 6.928300000000000000e+04
2.552457032000000000e+09 4.276100000000000000e+04
2.876562024000000000e+09 5.065100000000000000e+04
3.111258904000000000e+09 4.535000000000000000e+04
3.389260328000000000e+09 4.911900000000000000e+04
3.389326584000000000e+09 1.296899999999999272e+04
3.389436888000000000e+09 1.204000000000000000e+04
3.655789336000000000e+09 4.113000000000000000e+04
4.566348760000000000e+09 7.196100000000000000e+04
4.660833288000000000e+09 5.178600000000000000e+04
4.780110664000000000e+09 3.817600000000000000e+04
5.023920264000000000e+09 4.234100000000000000e+04
5.336071752000000000e+09 4.595200000000000000e+04
5.336164152000000000e+09 1.874300000000000000e+04
5.412754232000000000e+09 3.427200000000000000e+04
5.649171192000000000e+09 3.870300000000000000e+04
6.337756952000000000e+09 6.582400000000000000e+04
6.368347480000000000e+09 4.062800000000000000e+04
6.735347816000000000e+09 4.813900000000000000e+04
6.735408600000000000e+09 1.131200000000000000e+04
7.317466616000000000e+09 6.315900000000000000e+04
7.634683496000000000e+09 5.487400000000000000e+04
7.634735192000000000e+09 6.192999999999996362e+03
7.954687736000000000e+09 5.132100000000000000e+04
8.064406344000000000e+09 4.117600000000000000e+04
8.423021960000000000e+09 5.018500000000000000e+04
8.640266088000000000e+09 4.548800000000000000e+04
8.800633944000000000e+09 3.903700000000000000e+04
9.136351304000000000e+09 4.531200000000000000e+04
9.136429304000000000e+09 1.455000000000000728e+04
9.161592488000000000e+09 2.645100000000000000e+04
9.695356600000000000e+09 5.344900000000000000e+04
9.885853048000000000e+09 4.578300000000000000e+04
1.016709445600000000e+10 4.575500000000000000e+04
1.016714384800000000e+10 1.693000000000003638e+03
1.048605760800000000e+10 4.688700000000000000e+04
1.048613013600000000e+10 1.643399999999999272e+04
1.156405152800000000e+10 7.960900000000000000e+04
1.157318389600000000e+10 4.371400000000000000e+04
1.157827848800000000e+10 2.812200000000000000e+04
1.166479669600000000e+10 2.825099999999999272e+04
1.184246178400000000e+10 3.293600000000000000e+04
1.188745247200000000e+10 2.619100000000000000e+04
1.199738180000000000e+10 2.721800000000000000e+04
1.208789010400000000e+10 2.571400000000000000e+04
1.212202584800000000e+10 2.071400000000000000e+04
1.316004383200000000e+10 6.503600000000000000e+04
1.338011860000000000e+10 5.581800000000000000e+04
1.421750759200000000e+10 8.820900000000000000e+04
1.421757589600000000e+10 1.945400000000000728e+04
1.448502493600000000e+10 4.920100000000000000e+04
1.550116901600000000e+10 7.801400000000000000e+04
1.574286541600000000e+10 6.555300000000000000e+04
1.593796495200000000e+10 5.015200000000000000e+04
1.608755740000000000e+10 3.907600000000000000e+04
1.617031896800000000e+10 3.520300000000000000e+04
1.685550837600000000e+10 6.012900000000000000e+04
1.686949567200000000e+10 3.594400000000000000e+04
1.686957512800000000e+10 1.540899999999999272e+04
1.705470421600000000e+10 3.344299999999999272e+04
1.705477332000000000e+10 9.144000000000007276e+03
1.709758018400000000e+10 2.353000000000000000e+04
1.719595890400000000e+10 2.608100000000000000e+04
1.789231061600000000e+10 5.436100000000000000e+04
1.858625658400000000e+10 7.198500000000000000e+04
1.900180380000000000e+10 6.685600000000000000e+04
1.910232658400000000e+10 4.715100000000000000e+04
1.954052740000000000e+10 5.358500000000000000e+04
2.008954757600000000e+10 6.862600000000000000e+04
2.008955327200000000e+10 5.893000000000000000e+03
2.031559039200000000e+10 4.969800000000000000e+04
2.037338386400000000e+10 3.718300000000000000e+04
2.037350461600000000e+10 2.092500000000000728e+04
2.053530357600000000e+10 3.050000000000000000e+04
2.094818706400000000e+10 4.495800000000000000e+04
2.094825162400000000e+10 1.069100000000000000e+04
2.123981248800000000e+10 4.974400000000000000e+04
2.125200580000000000e+10 2.924000000000000000e+04
2.156303325600000000e+10 4.344000000000000000e+04
2.171143343200000000e+10 3.429100000000000728e+04
2.252299405600000000e+10 7.897600000000000000e+04
2.273092786400000000e+10 4.901600000000000000e+04
2.332203146400000000e+10 7.782399999999998545e+04
2.353932479200000000e+10 5.415100000000000000e+04
2.391818180000000000e+10 5.941000000000000000e+04
2.408161151200000000e+10 5.127500000000000000e+04
2.440221935200000000e+10 4.598700000000000000e+04
2.470340266400000000e+10 5.245200000000000000e+04
2.477692671200000000e+10 3.679900000000000000e+04
2.500043832800000000e+10 3.968000000000000000e+04
2.515733309600000000e+10 3.500400000000000000e+04
2.537029346400000000e+10 3.844800000000000000e+04
2.555121223200000000e+10 3.855900000000000000e+04
2.565560844000000000e+10 3.123500000000000728e+04
2.567522890400000000e+10 2.459200000000000000e+04
2.569918940000000000e+10 1.980600000000000000e+04
2.586159756000000000e+10 2.682200000000000000e+04
2.629131996000000000e+10 4.350400000000000000e+04
2.629138295200000000e+10 9.225000000000007276e+03
2.636805831200000000e+10 3.183700000000000000e+04
2.715975871200000000e+10 7.202400000000000000e+04
2.715981554400000000e+10 1.075900000000000000e+04
2.737362173600000000e+10 5.155000000000000000e+04
2.746286215200000000e+10 3.573899999999999272e+04
2.746295396000000000e+10 1.632799999999999636e+04
2.746303698400000000e+10 7.060000000000003638e+03
2.753900840800000000e+10 2.505600000000000000e+04
2.819976279200000000e+10 5.510700000000000000e+04
2.872721896800000000e+10 6.723400000000000000e+04
2.875883888800000000e+10 4.340900000000000000e+04
2.991152560800000000e+10 7.893700000000000000e+04
3.006878570400000000e+10 5.236100000000000000e+04
3.050265812000000000e+10 6.359100000000000000e+04
3.063939159200000000e+10 4.269100000000000000e+04
3.076431223200000000e+10 3.834400000000000000e+04
3.083081216800000000e+10 3.184000000000000000e+04
3.089233082400000000e+10 2.769100000000000000e+04
3.090494452000000000e+10 1.925500000000000728e+04
3.198402597600000000e+10 7.328800000000000000e+04
3.221817808800000000e+10 6.239800000000000000e+04
3.232832127200000000e+10 4.144900000000000000e+04
3.287768423200000000e+10 5.885400000000000000e+04
3.293399400800000000e+10 3.762800000000000000e+04
3.301973866400000000e+10 3.306499999999999272e+04
3.301980082400000000e+10 6.832000000000003638e+03
3.342697397600000000e+10 4.807900000000000000e+04
3.406030564000000000e+10 6.942500000000000000e+04
3.415199663200000000e+10 4.588600000000000000e+04
3.415272613600000000e+10 2.951400000000000000e+04
3.419703656800000000e+10 2.709600000000000000e+04
3.484320620000000000e+10 6.124000000000000000e+04
3.621201794400000000e+10 1.029600000000000000e+05
3.621209072800000000e+10 1.413000000000000364e+04
3.641293471200000000e+10 5.225700000000000000e+04
3.653525967200000000e+10 3.984700000000000000e+04
3.708850589600000000e+10 6.285100000000000000e+04
3.711007847200000000e+10 3.958900000000000000e+04
3.762037034400000000e+10 5.323600000000000000e+04
3.762042212000000000e+10 7.438000000000000000e+03
3.786166509600000000e+10 4.666900000000000000e+04
3.881406786400000000e+10 8.470000000000000000e+04
3.890094738400000000e+10 5.352800000000000000e+04
4.015409536800000000e+10 8.014600000000000000e+04
4.021224780000000000e+10 5.344800000000000000e+04
4.025269312800000000e+10 3.960700000000000000e+04
4.051566914400000000e+10 4.566200000000000000e+04
4.085744508000000000e+10 5.022100000000000000e+04
4.105151821600000000e+10 4.240300000000000000e+04
4.109000972000000000e+10 3.238799999999999272e+04
4.140636002400000000e+10 4.227100000000000000e+04
4.162176520800000000e+10 4.127000000000000000e+04
4.225341767200000000e+10 6.248100000000000000e+04
4.242613818400000000e+10 5.215100000000000000e+04
4.266061612000000000e+10 5.124700000000000000e+04
4.280918250400000000e+10 4.174600000000000000e+04
4.311877471200000000e+10 4.542600000000000000e+04
4.311890082400000000e+10 2.134800000000000000e+04
4.438405312800000000e+10 8.039200000000000000e+04
4.446735261600000000e+10 5.231900000000000000e+04
4.561585615200000000e+10 8.384300000000000000e+04
4.581573093600000000e+10 5.514600000000000000e+04
4.609737936800000000e+10 5.272200000000000000e+04
4.650435741600000000e+10 5.597300000000000000e+04
4.723698327200000000e+10 7.746600000000000000e+04
4.723702978400000000e+10 4.964999999999992724e+03
4.740781676000000000e+10 4.736400000000000000e+04
4.742347061600000000e+10 3.065399999999999272e+04
4.746017266400000000e+10 2.469499999999999272e+04
4.784382717600000000e+10 4.217100000000000000e+04
4.784807799200000000e+10 2.742300000000000728e+04
4.909758848800000000e+10 8.313200000000000000e+04
4.921670960800000000e+10 5.538100000000000000e+04
4.921676125600000000e+10 6.171999999999996362e+03
4.966378546400000000e+10 5.401600000000000000e+04
5.015587284000000000e+10 6.546600000000000000e+04
5.096627818400000000e+10 7.670800000000000000e+04
5.300521023200000000e+10 1.028040000000000000e+05
5.391246060000000000e+10 8.920800000000000000e+04
5.445093256800000000e+10 7.455500000000000000e+04
5.530565248800000000e+10 7.737700000000000000e+04
5.601480408800000000e+10 9.367200000000000000e+04
5.654087740000000000e+10 6.745600000000000000e+04
5.664775909600000000e+10 4.840000000000000000e+04
5.709989413600000000e+10 5.644800000000000000e+04
5.710741741600000000e+10 3.690400000000000000e+04
5.868931591200000000e+10 9.369700000000000000e+04
5.881663530400000000e+10 5.512700000000000000e+04
5.910584020000000000e+10 5.195200000000000000e+04
6.028410519200000000e+10 8.130000000000000000e+04
6.028415354400000000e+10 7.843999999999992724e+03
6.029108178400000000e+10 3.938900000000000000e+04
6.109985404000000000e+10 8.088999999999998545e+04
6.113188439200000000e+10 4.600000000000000000e+04
6.119745184800000000e+10 3.676400000000000000e+04
6.125731319200000000e+10 2.860800000000000000e+04
6.170363181600000000e+10 4.839400000000000000e+04
6.182245936800000000e+10 3.883300000000000000e+04
6.239719613600000000e+10 6.545800000000000000e+04
6.239725924000000000e+10 1.488200000000000728e+04
6.250933412000000000e+10 3.726700000000000000e+04
6.255508820000000000e+10 3.136000000000000000e+04
6.276257725600000000e+10 3.256200000000000000e+04
6.280026272800000000e+10 2.549500000000000000e+04
6.286730106400000000e+10 2.355800000000000728e+04
6.346395768800000000e+10 5.338500000000000000e+04
6.431294589600000000e+10 7.615300000000000000e+04
6.431300136800000000e+10 1.367400000000000364e+04
6.465248756000000000e+10 5.571200000000000000e+04
6.469949296800000000e+10 3.882100000000000000e+04
6.489508959200000000e+10 4.106300000000000000e+04
6.489517159200000000e+10 1.406700000000000000e+04
6.524534884000000000e+10 4.844300000000000000e+04
6.588445533600000000e+10 7.087300000000000000e+04
6.597583290400000000e+10 4.472000000000000000e+04
6.627738005600000000e+10 4.713300000000000000e+04
6.629372496800000000e+10 3.204900000000000000e+04
6.640189308000000000e+10 2.982900000000000000e+04
6.659320736800000000e+10 3.236100000000000000e+04
6.668093802400000000e+10 3.026500000000000000e+04
6.784304392800000000e+10 7.832900000000000000e+04
6.809788263200000000e+10 5.530400000000000000e+04
6.820235258400000000e+10 4.072000000000000000e+04
6.878393975200000000e+10 6.082400000000000000e+04
6.883361948000000000e+10 4.151300000000000000e+04
6.968317319200000000e+10 7.142800000000000000e+04
6.968322159200000000e+10 7.479999999999996362e+03
7.024761591200000000e+10 6.797800000000000000e+04
7.063560509600000000e+10 5.945600000000000000e+04
7.102461629600000000e+10 6.035100000000000000e+04
7.102475583200000000e+10 2.237000000000000000e+04
7.117851624800000000e+10 4.097500000000000000e+04
7.174618189600000000e+10 6.633200000000000000e+04
7.181281848800000000e+10 3.806700000000000000e+04
7.189696306400000000e+10 3.263800000000000000e+04
7.229759568800000000e+10 5.104800000000000000e+04
7.229771468000000000e+10 2.853800000000000000e+04
7.252390532000000000e+10 3.574599999999999272e+04
7.276639440800000000e+10 4.342700000000000000e+04
7.295459752800000000e+10 3.797500000000000000e+04
7.300260516000000000e+10 2.953200000000000000e+04
7.327589253600000000e+10 3.697800000000000000e+04
7.329816812000000000e+10 2.664400000000000000e+04
7.445824536800000000e+10 7.737800000000000000e+04
7.445832220000000000e+10 2.250900000000000000e+04
7.452932898400000000e+10 3.789300000000000000e+04
7.491274588000000000e+10 5.019900000000000000e+04
7.500705968800000000e+10 3.812600000000000000e+04
7.520629685600000000e+10 3.698500000000000000e+04
7.550700663200000000e+10 4.446400000000000000e+04
7.550707901600000000e+10 1.321700000000000364e+04
7.590727042400000000e+10 4.946400000000000000e+04
7.593011036000000000e+10 3.333799999999999272e+04
7.596454591200000000e+10 2.591200000000000000e+04
7.649122567200000000e+10 5.043400000000000000e+04
7.649129436000000000e+10 1.276200000000000364e+04
7.665666090400000000e+10 4.039100000000000000e+04
7.679159005600000000e+10 3.227900000000000000e+04
7.705678148000000000e+10 3.987100000000000000e+04
7.767286764000000000e+10 6.125700000000000000e+04
7.767292461600000000e+10 1.114799999999999636e+04
7.808990952800000000e+10 6.072800000000000000e+04
7.813750327200000000e+10 3.903900000000000000e+04
7.845419930400000000e+10 4.276000000000000000e+04
7.847517959200000000e+10 3.107300000000000000e+04
7.874491093600000000e+10 4.096100000000000000e+04
7.878180634400000000e+10 2.800799999999999272e+04
7.886642916000000000e+10 2.729000000000000000e+04
7.891532309600000000e+10 2.448100000000000000e+04
7.930739648800000000e+10 4.229100000000000000e+04
7.965207090400000000e+10 4.773700000000000000e+04
8.052808452000000000e+10 8.000900000000001455e+04
8.063778351200000000e+10 5.689300000000000000e+04
8.063787088800000000e+10 1.807999999999999272e+04
8.089320802400000000e+10 4.551000000000000000e+04
8.089331754400000000e+10 2.225000000000000000e+04
8.098386882400000000e+10 2.833200000000000000e+04
8.142994042400000000e+10 4.504000000000000000e+04
8.171122324000000000e+10 5.262500000000000000e+04
8.195921645600000000e+10 4.733500000000000000e+04
8.195937941600000000e+10 2.651000000000000000e+04
8.200811997600000000e+10 2.584800000000000000e+04
8.306662653600000000e+10 7.135200000000000000e+04
8.340810453600000000e+10 5.880000000000000000e+04
8.340816098400000000e+10 1.213799999999999636e+04
8.345670885600000000e+10 3.411200000000000000e+04
8.384675696800000000e+10 4.820800000000000000e+04
8.422617215200000000e+10 5.530300000000000000e+04
8.470175732000000000e+10 5.782700000000000000e+04
8.480909007200000000e+10 4.753400000000000000e+04
8.494749036000000000e+10 3.785600000000000000e+04
8.497432319200000000e+10 2.866400000000000000e+04
8.527845444000000000e+10 3.791100000000000000e+04
8.576918076000000000e+10 5.549600000000000000e+04
8.591438032800000000e+10 4.195500000000000000e+04
8.611698855200000000e+10 4.780700000000000000e+04
8.625577824800000000e+10 3.747900000000000000e+04
8.625585029600000000e+10 1.055300000000000000e+04
8.753168300000000000e+10 7.754500000000000000e+04
8.757805466400000000e+10 5.223700000000000000e+04
8.757815549600000000e+10 2.003800000000000000e+04
8.782685565600000000e+10 4.140900000000000000e+04
8.808920650400000000e+10 4.272800000000000000e+04
8.825147632800000000e+10 4.135100000000000000e+04
8.850536976800000000e+10 4.142500000000000000e+04
8.877931072800000000e+10 4.552900000000000000e+04
8.907159044000000000e+10 5.342100000000000000e+04
8.939322991200000000e+10 5.703900000000000000e+04
8.986282509600000000e+10 6.529100000000000000e+04
8.986289964000000000e+10 1.858200000000000000e+04
8.991595989600000000e+10 3.401900000000000000e+04
8.991603583200000000e+10 1.022900000000000000e+04
