# Timestamps in ns,Energies
6.165425520000000000e+08 8.460200000000000000e+04
1.438947336000000000e+09 7.848900000000000000e+04
1.439136328000000000e+09 4.209800000000000000e+04
2.190564680000000000e+09 7.361900000000000000e+04
2.190617672000000000e+09 1.175600000000000000e+04
2.381953368000000000e+09 4.733900000000000000e+04
2.382047384000000000e+09 2.636600000000000000e+04
2.995268904000000000e+09 5.869000000000000000e+04
3.402452440000000000e+09 6.233400000000000000e+04
4.162790152000000000e+09 7.505600000000000000e+04
4.162957864000000000e+09 3.658200000000000000e+04
4.163016792000000000e+09 4.602000000000003638e+03
4.774493992000000000e+09 7.125500000000000000e+04
5.324711576000000000e+09 6.584800000000000000e+04
5.449857784000000000e+09 5.149500000000000000e+04
6.106403864000000000e+09 6.418500000000000000e+04
6.106525672000000000e+09 1.824099999999999272e+04
6.106594072000000000e+09 7.899999999999992724e+03
6.609705928000000000e+09 5.956000000000000000e+04
7.023030408000000000e+09 6.422400000000000000e+04
7.364068744000000000e+09 5.847300000000000000e+04
7.894131240000000000e+09 6.080200000000000000e+04
8.690317192000000000e+09 8.344600000000000000e+04
8.690386648000000000e+09 2.097000000000000000e+04
9.394643048000000000e+09 7.136000000000000000e+04
9.754286888000000000e+09 6.753800000000000000e+04
9.862708520000000000e+09 4.093500000000000000e+04
1.108889640800000000e+10 8.655300000000000000e+04
1.134117592800000000e+10 5.664300000000000000e+04
1.146826135200000000e+10 4.689600000000000000e+04
1.146838946400000000e+10 2.516000000000000728e+04
1.325967111200000000e+10 9.112000000000000000e+04
1.325973778400000000e+10 1.393699999999999272e+04
1.363403546400000000e+10 6.988800000000000000e+04
1.410012359200000000e+10 6.056600000000000000e+04
1.460757712800000000e+10 7.006600000000000000e+04
1.467168839200000000e+10 4.807300000000000000e+04
1.526620504800000000e+10 6.146600000000000000e+04
1.580122226400000000e+10 6.601300000000000000e+04
1.605486028000000000e+10 5.875600000000000000e+04
1.781162338400000000e+10 1.061280000000000000e+05
1.813705413600000000e+10 6.450600000000000000e+04
1.852690732000000000e+10 6.902700000000000000e+04
1.922169695200000000e+10 6.951300000000000000e+04
2.031821647200000000e+10 8.695200000000000000e+04
2.045597064800000000e+10 5.570600000000000000e+04
2.060972392800000000e+10 4.993000000000000000e+04
2.088778250400000000e+10 5.057100000000000000e+04
2.167806445600000000e+10 7.050700000000000000e+04
2.179744264800000000e+10 4.905900000000000000e+04
2.179757999200000000e+10 1.637100000000000364e+04
2.230633165600000000e+10 5.298600000000000000e+04
2.230638719200000000e+10 8.922000000000000000e+03
2.319661714400000000e+10 8.011400000000000000e+04
2.340518522400000000e+10 6.001700000000000000e+04
2.390204672800000000e+10 6.021700000000000000e+04
2.476248199200000000e+10 8.711700000000000000e+04
2.616615784800000000e+10 1.021289999999999709e+05
2.616620228000000000e+10 6.162000000000000000e+03
2.628007386400000000e+10 5.752000000000000000e+04
2.654090285600000000e+10 5.271900000000000000e+04
2.654104757600000000e+10 2.568500000000000000e+04
2.719150407200000000e+10 5.835300000000000000e+04
2.804224295200000000e+10 7.461100000000000000e+04
2.836659548000000000e+10 6.009500000000000000e+04
2.903500666400000000e+10 6.896000000000000000e+04
2.903513588000000000e+10 3.560200000000000000e+04
2.914906527200000000e+10 3.742400000000000000e+04
2.993119967200000000e+10 6.543200000000000000e+04
3.125078962400000000e+10 9.458400000000000000e+04
3.127511631200000000e+10 4.749900000000000000e+04
3.185478564000000000e+10 6.655200000000000000e+04
3.185484308000000000e+10 1.130499999999999272e+04
3.193424568800000000e+10 3.723000000000000000e+04
3.218682768800000000e+10 4.139500000000000000e+04
3.218683271200000000e+10 7.348000000000000000e+03
3.293452372000000000e+10 7.214600000000000000e+04
3.303435016800000000e+10 4.496700000000000000e+04
3.394913308000000000e+10 7.629100000000000000e+04
3.452610642400000000e+10 8.118500000000001455e+04
3.461775492000000000e+10 4.833300000000000000e+04
3.514506973600000000e+10 6.248300000000000000e+04
3.514511556000000000e+10 3.824000000000000000e+03
3.562954578400000000e+10 6.332800000000000000e+04
3.629633548000000000e+10 7.137600000000000000e+04
3.637763575200000000e+10 4.719600000000000000e+04
3.682999615200000000e+10 5.739500000000000000e+04
3.683006140000000000e+10 1.359299999999999636e+04
3.683012287200000000e+10 2.287000000000007276e+03
3.703557749600000000e+10 3.962800000000000000e+04
3.737324972000000000e+10 4.724900000000000000e+04
3.737333636000000000e+10 1.761800000000000364e+04
3.744510197600000000e+10 2.947000000000000000e+04
3.784377218400000000e+10 4.577600000000000000e+04
3.784386956000000000e+10 1.293400000000000000e+04
3.808812984800000000e+10 3.763100000000000000e+04
3.830718797600000000e+10 3.888300000000000000e+04
3.847516730400000000e+10 3.752200000000000000e+04
3.937424706400000000e+10 7.624799999999998545e+04
3.957582552800000000e+10 5.335100000000000000e+04
4.035146098400000000e+10 7.455400000000000000e+04
4.062177130400000000e+10 6.106600000000000000e+04
4.062182384800000000e+10 8.896000000000000000e+03
4.180306880800000000e+10 8.321400000000000000e+04
4.192616948000000000e+10 5.332800000000000000e+04
4.272662669600000000e+10 8.133100000000001455e+04
4.299960992800000000e+10 5.584300000000000000e+04
4.332697354400000000e+10 5.811300000000000000e+04
4.353084624800000000e+10 4.751200000000000000e+04
4.412002359200000000e+10 6.023200000000000000e+04
4.441934954400000000e+10 5.214900000000000000e+04
4.634068164000000000e+10 9.494500000000000000e+04
4.757003698400000000e+10 8.817700000000000000e+04
4.783350888800000000e+10 7.532700000000000000e+04
4.807819124000000000e+10 5.780800000000000000e+04
4.898337580000000000e+10 7.681600000000000000e+04
4.919716391200000000e+10 5.628400000000000000e+04
4.932388818400000000e+10 4.523800000000000000e+04
4.977648108000000000e+10 5.494600000000000000e+04
4.983734325600000000e+10 3.812600000000000000e+04
4.985230623200000000e+10 2.751300000000000000e+04
5.051975431200000000e+10 5.756300000000000000e+04
5.090433530400000000e+10 6.306000000000000000e+04
5.166935357600000000e+10 8.300099999999998545e+04
5.284855533600000000e+10 8.366500000000000000e+04
5.288448986400000000e+10 4.802800000000000000e+04
5.332849741600000000e+10 5.824100000000000000e+04
5.344847786400000000e+10 4.435700000000000000e+04
5.449211620000000000e+10 8.227200000000000000e+04
5.449218428000000000e+10 2.316500000000000000e+04
5.555610952800000000e+10 9.036800000000000000e+04
5.557050095200000000e+10 4.222800000000000000e+04
5.591011456800000000e+10 5.065100000000000000e+04
5.746541888800000000e+10 9.672700000000000000e+04
5.810472876000000000e+10 7.661900000000000000e+04
5.819409114400000000e+10 5.313600000000000000e+04
5.819416356000000000e+10 1.709400000000000000e+04
5.882819828000000000e+10 7.041300000000000000e+04
6.040872256800000000e+10 1.068970000000000000e+05
6.215276653600000000e+10 1.128720000000000000e+05
6.215280946400000000e+10 3.649999999999992724e+03
6.217052712800000000e+10 4.500100000000000000e+04
6.312963832800000000e+10 8.532100000000000000e+04
6.434770572000000000e+10 9.615200000000000000e+04
6.434774826400000000e+10 2.079999999999996362e+03
6.462203778400000000e+10 6.522600000000000000e+04
6.494399772000000000e+10 6.155300000000000000e+04
6.737533744800000000e+10 9.654400000000001455e+04
6.828787663200000000e+10 8.544100000000000000e+04
6.833150490400000000e+10 5.054100000000000000e+04
6.842103228000000000e+10 3.601800000000000000e+04
6.851364845600000000e+10 3.322499999999999272e+04
6.871965812000000000e+10 3.758700000000000000e+04
6.924423076000000000e+10 5.245700000000000000e+04
6.941760140000000000e+10 4.626400000000000000e+04
6.941766580000000000e+10 1.874999999999992724e+03
6.976991392800000000e+10 5.207900000000000000e+04
6.981070348000000000e+10 3.464200000000000000e+04
7.065477512800000000e+10 7.004000000000000000e+04
7.065490340000000000e+10 1.145700000000000364e+04
7.132496306400000000e+10 6.701800000000000000e+04
7.194008701600000000e+10 7.298600000000000000e+04
7.218010036000000000e+10 5.894600000000000000e+04
7.344955640800000000e+10 8.293300000000000000e+04
7.392480442400000000e+10 6.784800000000000000e+04
7.392485714400000000e+10 1.048800000000000364e+04
7.392500496800000000e+10 2.245000000000000000e+04
7.392508380000000000e+10 1.173899999999999636e+04
7.444204168800000000e+10 6.068700000000000000e+04
7.455776887200000000e+10 4.424900000000000000e+04
7.464162844000000000e+10 3.269300000000000000e+04
7.464176272800000000e+10 1.826700000000000000e+04
7.518946464800000000e+10 4.916100000000000000e+04
7.605591722400000000e+10 7.096000000000000000e+04
7.605596804000000000e+10 1.010000000000000728e+04
7.634584264800000000e+10 5.785900000000000000e+04
7.643340517600000000e+10 3.962100000000000000e+04
7.656076784800000000e+10 3.801300000000000000e+04
7.703076226400000000e+10 5.452900000000000000e+04
7.703080764000000000e+10 1.771999999999996362e+03
7.770834084000000000e+10 6.793700000000000000e+04
7.776917836000000000e+10 4.094800000000000000e+04
7.883054823200000000e+10 8.620800000000000000e+04
7.890788893600000000e+10 5.169600000000000000e+04
7.890794420000000000e+10 8.151000000000007276e+03
7.892556504800000000e+10 2.992100000000000728e+04
7.917829370400000000e+10 3.625399999999999272e+04
7.965107607200000000e+10 5.820100000000000000e+04
8.061574776800000000e+10 7.703600000000000000e+04
8.174942279200000000e+10 9.157300000000000000e+04
8.274947416800000000e+10 8.213600000000000000e+04
8.274948040800000000e+10 5.270000000000000000e+03
8.324458767200000000e+10 7.371400000000000000e+04
8.372326759200000000e+10 6.778600000000000000e+04
8.388724111200000000e+10 4.947500000000000000e+04
8.450390567200000000e+10 6.423300000000000000e+04
8.492922951200000000e+10 6.364800000000000000e+04
8.502669127200000000e+10 4.467800000000000000e+04
8.508152354400000000e+10 3.300600000000000000e+04
8.587643452000000000e+10 7.094800000000000000e+04
8.609262660000000000e+10 5.515200000000000000e+04
8.681641082400000000e+10 7.883000000000001455e+04
8.694128605600000000e+10 4.948800000000000000e+04
8.694133375200000000e+10 3.709999999999992724e+03
8.700110607200000000e+10 3.314300000000000000e+04
8.800535298400000000e+10 8.398500000000001455e+04
8.838347453600000000e+10 6.564200000000000000e+04
8.858048063200000000e+10 5.701900000000000000e+04
8.954628549600000000e+10 7.660900000000000000e+04
8.968366533600000000e+10 6.163400000000000000e+04
8.991102128800000000e+10 4.870300000000000000e+04
8.991111575200000000e+10 1.961700000000000728e+04
