# Timestamps in ns,Energies
2.829137840000000000e+08 7.230700000000000000e+04
1.022942424000000000e+09 8.468000000000000000e+04
1.470296616000000000e+09 7.200100000000000000e+04
1.571337544000000000e+09 4.810700000000000000e+04
1.767916168000000000e+09 4.976700000000000000e+04
1.767979400000000000e+09 1.591999999999996362e+03
1.861839112000000000e+09 3.324000000000000000e+04
1.861914040000000000e+09 9.697000000000007276e+03
3.955539784000000000e+09 9.342400000000000000e+04
4.053642648000000000e+09 6.394600000000000000e+04
4.640295608000000000e+09 7.387900000000001455e+04
5.064466952000000000e+09 7.254300000000000000e+04
5.732971208000000000e+09 6.991400000000000000e+04
6.268618024000000000e+09 7.106400000000000000e+04
6.311352072000000000e+09 3.941300000000000000e+04
6.730640504000000000e+09 6.208800000000000000e+04
6.860744488000000000e+09 4.155900000000000000e+04
6.860869640000000000e+09 1.834800000000000000e+04
6.942902584000000000e+09 2.690599999999999272e+04
6.943045896000000000e+09 1.359900000000000000e+04
8.143465800000000000e+09 7.278400000000000000e+04
8.775329480000000000e+09 8.592800000000000000e+04
8.788145736000000000e+09 3.981300000000000000e+04
8.788263992000000000e+09 2.165800000000000000e+04
9.431120840000000000e+09 6.239300000000000000e+04
9.431199880000000000e+09 1.988900000000000728e+04
1.047204594400000000e+10 7.918000000000000000e+04
1.056454541600000000e+10 5.520100000000000000e+04
1.216788319200000000e+10 9.947200000000000000e+04
1.216797200800000000e+10 3.030600000000000728e+04
1.216813495200000000e+10 2.686100000000000728e+04
1.239582469600000000e+10 4.164000000000000000e+04
1.254660000800000000e+10 4.203400000000000000e+04
1.271784072800000000e+10 3.685200000000000000e+04
1.361357829600000000e+10 8.061800000000000000e+04
1.398301319200000000e+10 6.088100000000000000e+04
1.400695532000000000e+10 4.688400000000000000e+04
1.477278132000000000e+10 6.868800000000000000e+04
1.519080503200000000e+10 6.050000000000000000e+04
1.604887751200000000e+10 7.684900000000000000e+04
1.633612968800000000e+10 6.034200000000000000e+04
1.633624528800000000e+10 3.315800000000000000e+04
1.676584252000000000e+10 5.738400000000000000e+04
2.160509869600000000e+10 1.060980000000000000e+05
2.685751192800000000e+10 1.068970000000000000e+05
2.685756783200000000e+10 1.843200000000000000e+04
2.827667548000000000e+10 9.509000000000000000e+04
2.827674162400000000e+10 1.093200000000000728e+04
2.827681140000000000e+10 9.899000000000003638e+03
2.827691706400000000e+10 1.377299999999999636e+04
2.875656248800000000e+10 6.103300000000000000e+04
2.900578453600000000e+10 5.056000000000000000e+04
2.900586463200000000e+10 1.751899999999999272e+04
2.968656144800000000e+10 6.416000000000000000e+04
3.140796250400000000e+10 9.532100000000000000e+04
3.192241503200000000e+10 7.160000000000000000e+04
3.314492772000000000e+10 9.019200000000000000e+04
3.314501290400000000e+10 3.041700000000000000e+04
3.381105136800000000e+10 6.823600000000000000e+04
3.381109965600000000e+10 6.989000000000000000e+03
3.381117944800000000e+10 1.453300000000000728e+04
3.428247959200000000e+10 5.820800000000000000e+04
3.485639189600000000e+10 6.299200000000000000e+04
3.545719146400000000e+10 6.679200000000000000e+04
3.564760533600000000e+10 5.461600000000000000e+04
3.574270663200000000e+10 4.339800000000000000e+04
3.597536229600000000e+10 4.308900000000000000e+04
3.605988080800000000e+10 3.289000000000000728e+04
3.607023743200000000e+10 2.475700000000000000e+04
3.607035584800000000e+10 1.257800000000000000e+04
3.697340140000000000e+10 6.144300000000000000e+04
3.775488452000000000e+10 8.491800000000000000e+04
3.787381303200000000e+10 5.164700000000000000e+04
3.819656560800000000e+10 5.114400000000000000e+04
3.893822943200000000e+10 7.307200000000000000e+04
3.972279706400000000e+10 8.007300000000000000e+04
4.003008252000000000e+10 5.993900000000000000e+04
4.088569133600000000e+10 8.057600000000000000e+04
4.088569743200000000e+10 5.311999999999996362e+03
4.158265336800000000e+10 8.097100000000000000e+04
4.305785765600000000e+10 1.055440000000000000e+05
4.305790906400000000e+10 1.206099999999999636e+04
4.305806383200000000e+10 2.493400000000000000e+04
4.441456354400000000e+10 1.005300000000000000e+05
4.467491482400000000e+10 6.573600000000000000e+04
4.537097554400000000e+10 7.366600000000000000e+04
4.559767749600000000e+10 5.444200000000000000e+04
4.559784055200000000e+10 3.568300000000000728e+04
4.625469234400000000e+10 6.596900000000000000e+04
4.637426407200000000e+10 4.734400000000000000e+04
4.689024469600000000e+10 5.830700000000000000e+04
4.758139180000000000e+10 7.274100000000000000e+04
4.885973751200000000e+10 9.089800000000000000e+04
4.937802408800000000e+10 8.143200000000000000e+04
4.956850220000000000e+10 5.686400000000000000e+04
4.956859042400000000e+10 1.908700000000000728e+04
5.011146975200000000e+10 6.200100000000000000e+04
5.223099272800000000e+10 1.088590000000000000e+05
5.343368932000000000e+10 8.896100000000000000e+04
5.343375210400000000e+10 2.171099999999999272e+04
5.345417258400000000e+10 3.943500000000000000e+04
5.345611714400000000e+10 2.609600000000000000e+04
5.350931892000000000e+10 2.573700000000000000e+04
5.350937943200000000e+10 4.074999999999992724e+03
5.360003711200000000e+10 2.390100000000000000e+04
5.378192524000000000e+10 2.844699999999999272e+04
5.521264487200000000e+10 9.569300000000001455e+04
5.609808898400000000e+10 8.165600000000000000e+04
5.609814837600000000e+10 1.684300000000000364e+04
5.732798709600000000e+10 8.870700000000000000e+04
5.741142037600000000e+10 5.702100000000000000e+04
5.785032018400000000e+10 6.784000000000000000e+04
5.785041308000000000e+10 2.432600000000000000e+04
5.785050631200000000e+10 4.127999999999996362e+03
5.844898122400000000e+10 5.762400000000000000e+04
5.896695554400000000e+10 6.249000000000000000e+04
5.896700053600000000e+10 2.732999999999992724e+03
5.910778103200000000e+10 4.780700000000000000e+04
6.012898626400000000e+10 7.725800000000000000e+04
6.125549100000000000e+10 1.048160000000000291e+05
6.143404711200000000e+10 5.554100000000000000e+04
6.189977436000000000e+10 6.378100000000000000e+04
6.292281468000000000e+10 9.341700000000000000e+04
6.292306700000000000e+10 4.741800000000000000e+04
6.292314295200000000e+10 1.282400000000000364e+04
6.292323276000000000e+10 7.636000000000007276e+03
6.530009463200000000e+10 1.025710000000000000e+05
6.530014135200000000e+10 8.536999999999996362e+03
6.728461007200000000e+10 1.004740000000000000e+05
6.747426719200000000e+10 6.321100000000000000e+04
6.837609338400000000e+10 8.378400000000000000e+04
6.911593410400000000e+10 7.903600000000000000e+04
6.942735573600000000e+10 6.318600000000000000e+04
7.116067415200000000e+10 9.388100000000000000e+04
7.139357314400000000e+10 6.105000000000000000e+04
7.140582066400000000e+10 3.943500000000000000e+04
7.140593381600000000e+10 2.121900000000000000e+04
7.150828879200000000e+10 3.160799999999999272e+04
7.176599002400000000e+10 3.871500000000000000e+04
7.179511618400000000e+10 3.296000000000000728e+04
7.374742556000000000e+10 9.672800000000000000e+04
7.442401541600000000e+10 8.273300000000000000e+04
7.514096829600000000e+10 8.699100000000000000e+04
7.640935533600000000e+10 8.932100000000000000e+04
7.640941464800000000e+10 1.722299999999999272e+04
7.779317428000000000e+10 9.113700000000000000e+04
7.781705842400000000e+10 4.917800000000000000e+04
7.801285141600000000e+10 4.718600000000000000e+04
7.842800362400000000e+10 6.225700000000000000e+04
7.842805351200000000e+10 5.160000000000007276e+03
7.957869093600000000e+10 8.205800000000000000e+04
7.957884272800000000e+10 2.822499999999999272e+04
7.971965932000000000e+10 4.306200000000000000e+04
7.971975269600000000e+10 1.764800000000000000e+04
8.038378140000000000e+10 6.016600000000000000e+04
8.054777506400000000e+10 4.752900000000000000e+04
8.086632484000000000e+10 4.880700000000000000e+04
8.086642860000000000e+10 1.702200000000000000e+04
8.253352674400000000e+10 9.175300000000000000e+04
8.343392823200000000e+10 8.797700000000000000e+04
8.374839239200000000e+10 6.666400000000000000e+04
8.452845543200000000e+10 8.615400000000000000e+04
8.528082760800000000e+10 7.668800000000000000e+04
8.660105936800000000e+10 8.938800000000000000e+04
8.731947850400000000e+10 9.294400000000000000e+04
8.834286647200000000e+10 8.578400000000000000e+04
8.834298759200000000e+10 4.081500000000000000e+04
8.834307314400000000e+10 4.354000000000007276e+03
8.854707581600000000e+10 5.328800000000000000e+04
