# Timestamps in ns,Energies
8.478882400000000000e+07 2.588899999999999272e+04
9.754712800000000000e+07 1.972600000000000000e+04
2.729960240000000000e+08 2.552000000000000000e+04
3.544523280000000000e+08 2.341400000000000000e+04
6.387062480000000000e+08 3.280000000000000000e+04
6.927067920000000000e+08 2.767200000000000000e+04
6.940467920000000000e+08 1.794700000000000728e+04
8.801888080000000000e+08 2.520000000000000000e+04
1.871708696000000000e+09 7.260700000000000000e+04
2.248523944000000000e+09 5.995900000000000000e+04
2.358468232000000000e+09 4.177500000000000000e+04
2.637628552000000000e+09 4.980700000000000000e+04
2.753049272000000000e+09 3.976900000000000000e+04
2.757711096000000000e+09 2.536200000000000000e+04
2.916690056000000000e+09 3.300400000000000000e+04
2.950383032000000000e+09 2.364500000000000000e+04
3.008111112000000000e+09 2.214300000000000728e+04
3.026295400000000000e+09 1.681400000000000364e+04
3.026473912000000000e+09 1.192700000000000728e+04
3.051370264000000000e+09 1.247000000000000000e+04
3.127023544000000000e+09 1.453499999999999272e+04
3.231660568000000000e+09 1.743100000000000364e+04
3.287893528000000000e+09 1.641799999999999272e+04
3.368738952000000000e+09 1.710600000000000364e+04
3.471711512000000000e+09 1.880000000000000000e+04
3.502444968000000000e+09 1.550399999999999636e+04
3.555827048000000000e+09 1.548100000000000728e+04
3.577813912000000000e+09 1.303500000000000728e+04
3.819973080000000000e+09 2.303200000000000000e+04
3.848510840000000000e+09 1.915300000000000000e+04
4.565512968000000000e+09 5.791400000000000000e+04
4.842443128000000000e+09 4.880000000000000000e+04
4.946092408000000000e+09 4.179600000000000000e+04
5.198331336000000000e+09 4.434700000000000000e+04
5.287276232000000000e+09 3.262500000000000728e+04
5.387998008000000000e+09 3.213600000000000000e+04
5.407817576000000000e+09 2.424000000000000000e+04
5.554455976000000000e+09 2.617800000000000000e+04
5.672926168000000000e+09 2.727300000000000000e+04
5.747537032000000000e+09 2.566900000000000000e+04
5.808576264000000000e+09 2.200000000000000000e+04
5.815186920000000000e+09 1.615399999999999636e+04
5.915354760000000000e+09 1.912000000000000000e+04
5.921094056000000000e+09 1.437900000000000728e+04
6.007597928000000000e+09 1.664799999999999272e+04
6.093699192000000000e+09 1.808700000000000728e+04
6.112653208000000000e+09 1.462399999999999636e+04
6.160185000000000000e+09 1.440100000000000364e+04
6.308001016000000000e+09 1.973600000000000000e+04
6.395130392000000000e+09 1.992500000000000728e+04
6.490466632000000000e+09 1.975500000000000728e+04
6.607600504000000000e+09 2.247500000000000728e+04
6.628915400000000000e+09 1.745099999999999272e+04
7.018929560000000000e+09 3.788400000000000000e+04
7.076004552000000000e+09 2.801300000000000000e+04
7.423060328000000000e+09 4.416100000000000000e+04
7.423163736000000000e+09 1.282499999999999272e+04
7.688476504000000000e+09 3.829600000000000000e+04
7.783913432000000000e+09 3.207300000000000000e+04
7.798528024000000000e+09 2.397600000000000000e+04
7.872130664000000000e+09 2.336800000000000000e+04
8.136988200000000000e+09 3.423600000000000000e+04
8.294690984000000000e+09 3.528600000000000728e+04
8.304699816000000000e+09 2.204400000000000728e+04
8.516593112000000000e+09 3.099300000000000000e+04
8.662710184000000000e+09 3.080900000000000000e+04
8.918561272000000000e+09 3.715100000000000000e+04
8.999066552000000000e+09 3.421100000000000000e+04
9.074714792000000000e+09 2.642300000000000000e+04
9.130148008000000000e+09 2.327600000000000728e+04
9.148631288000000000e+09 1.774299999999999636e+04
9.148695416000000000e+09 2.861999999999992724e+03
9.362977816000000000e+09 2.490400000000000000e+04
9.363141256000000000e+09 1.914000000000000000e+04
9.611725816000000000e+09 2.985600000000000000e+04
9.611804584000000000e+09 1.018800000000000000e+04
9.734179480000000000e+09 2.582400000000000000e+04
9.778943288000000000e+09 2.232200000000000000e+04
9.843768488000000000e+09 2.038700000000000000e+04
9.852734520000000000e+09 1.520099999999999636e+04
1.008833311200000000e+10 2.583600000000000000e+04
1.027742264800000000e+10 2.929000000000000000e+04
1.035834831200000000e+10 2.656200000000000000e+04
1.075627957600000000e+10 4.373000000000000000e+04
1.086837210400000000e+10 3.592799999999999272e+04
1.087365394400000000e+10 2.220400000000000000e+04
1.107622036000000000e+10 3.156000000000000000e+04
1.124928279200000000e+10 3.275500000000000000e+04
1.128797279200000000e+10 2.437800000000000000e+04
1.132639381600000000e+10 2.104100000000000000e+04
1.155521005600000000e+10 3.129500000000000000e+04
1.158330237600000000e+10 2.312900000000000000e+04
1.170355351200000000e+10 2.456400000000000000e+04
1.189286175200000000e+10 3.057100000000000000e+04
1.190117408800000000e+10 2.307200000000000728e+04
1.200097354400000000e+10 2.250400000000000000e+04
1.225218736800000000e+10 3.313900000000000000e+04
1.248675728800000000e+10 3.435299999999999272e+04
1.253816418400000000e+10 2.755800000000000728e+04
1.271612248800000000e+10 3.295200000000000000e+04
1.274736892000000000e+10 2.394300000000000000e+04
1.274744205600000000e+10 6.817999999999996362e+03
1.280959338400000000e+10 2.056000000000000000e+04
1.296685679200000000e+10 2.627800000000000000e+04
1.296693860000000000e+10 8.708999999999996362e+03
1.314513711200000000e+10 2.570600000000000000e+04
1.315082493600000000e+10 1.907000000000000728e+04
1.318970440800000000e+10 1.736100000000000728e+04
1.318993700000000000e+10 1.329000000000000728e+04
1.319312252000000000e+10 1.037100000000000364e+04
1.319338344800000000e+10 7.430000000000007276e+03
1.332605412000000000e+10 1.508199999999999636e+04
1.355378215200000000e+10 2.304200000000000000e+04
1.357578026400000000e+10 1.816100000000000000e+04
1.393102212000000000e+10 3.342399999999999272e+04
1.393107703200000000e+10 4.767000000000007276e+03
1.393116884000000000e+10 7.505000000000003638e+03
1.393124036000000000e+10 2.673000000000000000e+03
1.402397047200000000e+10 2.304699999999999272e+04
1.406975946400000000e+10 2.019500000000000000e+04
1.408964162400000000e+10 1.679700000000000728e+04
1.413766264800000000e+10 1.625600000000000000e+04
1.429843269600000000e+10 2.138000000000000000e+04
1.430868436000000000e+10 1.608800000000000000e+04
1.434015764000000000e+10 1.468399999999999272e+04
1.457566101600000000e+10 2.456000000000000000e+04
1.466471740000000000e+10 2.343000000000000000e+04
1.498014416800000000e+10 3.422100000000000728e+04
1.498023060000000000e+10 1.324500000000000000e+04
1.498037804000000000e+10 1.179600000000000364e+04
1.508224855200000000e+10 2.456199999999999272e+04
1.516982708000000000e+10 2.344000000000000000e+04
1.536506476000000000e+10 2.888600000000000000e+04
1.542780804000000000e+10 2.574900000000000000e+04
1.552946895200000000e+10 2.441000000000000000e+04
1.575643868000000000e+10 3.043100000000000000e+04
1.619009184800000000e+10 4.989500000000000000e+04
1.620102983200000000e+10 3.263200000000000000e+04
1.620109336800000000e+10 6.879000000000000000e+03
1.673712240800000000e+10 5.423300000000000000e+04
1.673721615200000000e+10 2.077699999999999272e+04
1.680862716000000000e+10 3.178100000000000000e+04
1.691548909600000000e+10 3.128800000000000000e+04
1.699773042400000000e+10 2.605100000000000000e+04
1.733404020000000000e+10 3.999900000000000000e+04
1.745290247200000000e+10 3.303900000000000000e+04
1.745306512800000000e+10 2.191200000000000000e+04
1.762257820000000000e+10 3.127400000000000000e+04
1.785158394400000000e+10 3.565700000000000000e+04
1.803549759200000000e+10 3.636500000000000000e+04
1.824319250400000000e+10 3.586000000000000000e+04
1.837696071200000000e+10 3.575699999999999272e+04
1.837706279200000000e+10 6.898999999999992724e+03
1.877583031200000000e+10 4.359000000000000000e+04
1.884854064800000000e+10 3.237800000000000000e+04
1.897123268000000000e+10 3.141199999999999272e+04
1.907749752800000000e+10 3.127300000000000000e+04
1.941969805600000000e+10 4.062400000000000000e+04
1.944281568800000000e+10 2.883200000000000000e+04
1.974245810400000000e+10 4.376800000000000000e+04
1.976806223200000000e+10 2.725700000000000000e+04
2.020986621600000000e+10 5.013500000000000000e+04
2.020999344800000000e+10 2.297099999999999272e+04
2.030201005600000000e+10 2.934299999999999272e+04
2.041442394400000000e+10 2.856600000000000000e+04
2.041447722400000000e+10 2.305000000000003638e+03
2.047476700000000000e+10 2.368300000000000728e+04
2.048881335200000000e+10 1.840600000000000000e+04
2.070770796000000000e+10 2.636000000000000000e+04
2.074942189600000000e+10 2.280900000000000000e+04
2.090314056800000000e+10 2.632300000000000000e+04
2.123651095200000000e+10 4.187500000000000000e+04
2.126188367200000000e+10 2.695100000000000000e+04
2.147253061600000000e+10 3.098400000000000000e+04
2.152211549600000000e+10 2.888200000000000000e+04
2.156899519200000000e+10 2.202800000000000000e+04
2.164491253600000000e+10 2.217000000000000000e+04
2.197325690400000000e+10 3.602900000000000000e+04
2.221695924000000000e+10 4.093100000000000000e+04
2.226997138400000000e+10 2.807200000000000000e+04
2.231735688800000000e+10 2.530500000000000000e+04
2.237163183200000000e+10 2.166400000000000000e+04
2.238248490400000000e+10 1.686400000000000364e+04
2.269233621600000000e+10 3.242600000000000000e+04
2.270211189600000000e+10 2.165800000000000000e+04
2.279437600800000000e+10 2.326300000000000000e+04
2.293162930400000000e+10 2.413400000000000000e+04
2.297631226400000000e+10 2.157000000000000000e+04
2.360362871200000000e+10 4.985000000000000000e+04
2.360368668000000000e+10 9.660999999999992724e+03
2.362414204000000000e+10 3.112300000000000000e+04
2.375534736800000000e+10 3.163500000000000000e+04
2.378131168800000000e+10 2.358800000000000000e+04
2.389517168800000000e+10 2.595700000000000000e+04
2.396647271200000000e+10 2.342600000000000728e+04
2.428604996000000000e+10 3.713200000000000000e+04
2.457575525600000000e+10 3.994300000000000000e+04
2.467583480800000000e+10 3.578400000000000728e+04
2.469759508000000000e+10 2.504900000000000000e+04
2.471054274400000000e+10 1.980400000000000000e+04
2.476606445600000000e+10 1.907100000000000000e+04
2.481555615200000000e+10 1.783899999999999636e+04
2.518681106400000000e+10 3.527900000000000000e+04
2.528392756000000000e+10 3.056899999999999272e+04
2.528472439200000000e+10 2.088800000000000000e+04
2.540403594400000000e+10 2.658900000000000000e+04
2.581000890400000000e+10 4.155600000000000000e+04
2.664169396000000000e+10 6.671300000000000000e+04
2.665896026400000000e+10 4.087500000000000000e+04
2.673761844000000000e+10 3.416000000000000000e+04
2.681064000800000000e+10 3.008400000000000000e+04
2.692284725600000000e+10 2.866500000000000000e+04
2.692292208800000000e+10 8.545999999999992724e+03
2.695734933600000000e+10 2.051900000000000000e+04
2.704154829600000000e+10 2.086900000000000000e+04
2.709843844000000000e+10 1.965700000000000728e+04
2.737591767200000000e+10 3.032699999999999272e+04
2.755112127200000000e+10 3.406400000000000000e+04
2.767491055200000000e+10 3.160000000000000000e+04
2.787839944800000000e+10 3.416299999999999272e+04
2.790119407200000000e+10 2.453600000000000000e+04
2.790128604000000000e+10 1.033899999999999272e+04
2.791397386400000000e+10 1.665400000000000364e+04
2.802482346400000000e+10 2.120700000000000000e+04
2.817253959200000000e+10 2.320100000000000000e+04
2.822517485600000000e+10 2.052000000000000000e+04
2.836061784800000000e+10 2.261300000000000000e+04
2.846202298400000000e+10 2.344700000000000000e+04
2.858180800800000000e+10 2.533800000000000000e+04
2.869022130400000000e+10 2.484800000000000000e+04
2.887633303200000000e+10 2.984200000000000000e+04
2.914510432800000000e+10 3.695900000000000000e+04
2.931587912800000000e+10 3.569900000000000000e+04
2.972135861600000000e+10 4.928000000000000000e+04
2.979175460000000000e+10 3.593400000000000000e+04
2.999299922400000000e+10 3.861400000000000000e+04
3.012392736800000000e+10 3.544700000000000728e+04
3.023250143200000000e+10 3.053099999999999272e+04
3.040587815200000000e+10 3.354200000000000728e+04
3.047102996000000000e+10 2.616000000000000000e+04
3.049455984800000000e+10 2.128300000000000000e+04
3.066393944800000000e+10 2.576800000000000000e+04
3.072769309600000000e+10 2.394300000000000728e+04
3.077946392800000000e+10 2.093600000000000728e+04
3.086979872800000000e+10 2.152200000000000728e+04
3.090916212000000000e+10 1.811299999999999272e+04
3.126167884000000000e+10 3.480800000000000000e+04
3.130290122400000000e+10 2.626800000000000000e+04
3.131484256800000000e+10 1.911500000000000728e+04
3.140699608800000000e+10 2.104000000000000000e+04
3.156184778400000000e+10 2.605900000000000000e+04
3.230847944800000000e+10 6.389400000000000000e+04
3.254529724000000000e+10 5.209100000000000000e+04
3.268604792800000000e+10 4.616200000000000000e+04
3.282613146400000000e+10 3.495300000000000000e+04
3.294483061600000000e+10 3.292700000000000728e+04
3.295413519200000000e+10 2.288900000000000000e+04
3.329918455200000000e+10 3.927000000000000000e+04
3.333465746400000000e+10 2.823800000000000000e+04
3.348795952800000000e+10 3.068000000000000000e+04
3.353933234400000000e+10 2.557600000000000000e+04
3.389913826400000000e+10 4.171900000000000000e+04
3.389938916000000000e+10 2.963500000000000728e+04
3.389955744800000000e+10 2.149200000000000000e+04
3.396385388000000000e+10 1.993000000000000000e+04
3.398857389600000000e+10 1.727300000000000728e+04
3.404933191200000000e+10 1.651900000000000728e+04
3.413502448800000000e+10 1.847299999999999272e+04
3.416914336800000000e+10 1.586900000000000000e+04
3.427171642400000000e+10 1.863299999999999272e+04
3.427183125600000000e+10 9.491999999999996362e+03
3.428216608800000000e+10 1.243699999999999272e+04
3.452205727200000000e+10 2.253900000000000000e+04
3.452213930400000000e+10 7.807999999999992724e+03
3.456011456800000000e+10 1.682100000000000364e+04
3.458478624800000000e+10 1.474999999999999272e+04
3.463518962400000000e+10 1.452100000000000364e+04
3.480027047200000000e+10 2.031600000000000728e+04
3.485942671200000000e+10 1.857699999999999272e+04
3.513194717600000000e+10 2.977600000000000000e+04
3.547600695200000000e+10 4.091100000000000000e+04
3.578387266400000000e+10 4.645500000000000000e+04
3.608669104800000000e+10 4.890200000000000000e+04
3.645270605600000000e+10 5.204700000000000000e+04
3.645277074400000000e+10 1.254200000000000364e+04
3.645445845600000000e+10 2.880800000000000000e+04
3.652981208800000000e+10 2.683500000000000000e+04
3.661632245600000000e+10 2.432900000000000000e+04
3.682945010400000000e+10 3.103000000000000000e+04
3.706949093600000000e+10 3.523900000000000000e+04
3.710892856800000000e+10 2.784000000000000000e+04
3.726943197600000000e+10 3.128900000000000000e+04
3.726991775200000000e+10 2.077700000000000000e+04
3.731931077600000000e+10 2.024200000000000728e+04
3.751238124000000000e+10 2.799900000000000000e+04
3.785090189600000000e+10 3.922400000000000000e+04
3.786257093600000000e+10 2.743300000000000728e+04
3.786276300000000000e+10 1.774399999999999272e+04
3.786292399200000000e+10 1.164499999999999272e+04
3.789300564000000000e+10 1.537600000000000728e+04
3.800195140000000000e+10 1.846400000000000000e+04
3.806726520800000000e+10 1.722199999999999272e+04
3.820009125600000000e+10 2.166000000000000728e+04
3.832315202400000000e+10 2.334500000000000000e+04
3.835876277600000000e+10 1.867000000000000000e+04
3.847932749600000000e+10 2.167600000000000000e+04
3.847945666400000000e+10 1.232100000000000000e+04
3.851690344800000000e+10 1.547299999999999636e+04
3.859409914400000000e+10 1.651100000000000364e+04
3.859417336800000000e+10 4.064999999999996362e+03
3.876040581600000000e+10 2.117799999999999272e+04
3.883799632800000000e+10 2.040000000000000000e+04
3.920614679200000000e+10 3.582000000000000000e+04
3.933160946400000000e+10 3.458000000000000000e+04
3.963527664800000000e+10 3.892400000000000000e+04
3.963545818400000000e+10 1.797600000000000000e+04
3.971975226400000000e+10 2.652600000000000000e+04
3.975034258400000000e+10 2.080800000000000000e+04
3.994710928800000000e+10 2.895800000000000000e+04
4.008735415200000000e+10 2.873300000000000728e+04
4.025736927200000000e+10 3.087200000000000000e+04
4.046420989600000000e+10 3.298000000000000728e+04
4.050309413600000000e+10 2.488800000000000000e+04
4.050744895200000000e+10 1.854500000000000000e+04
4.052672765600000000e+10 1.582200000000000000e+04
4.059801130400000000e+10 1.759700000000000728e+04
4.073902781600000000e+10 2.085700000000000000e+04
4.077512354400000000e+10 1.861400000000000000e+04
4.082812488800000000e+10 1.681500000000000000e+04
4.094307285600000000e+10 1.997800000000000000e+04
4.094323559200000000e+10 1.265800000000000000e+04
4.104193938400000000e+10 1.862400000000000728e+04
4.104204119200000000e+10 9.224000000000000000e+03
4.107655248800000000e+10 1.377500000000000364e+04
4.124967676000000000e+10 2.061100000000000728e+04
4.134123799200000000e+10 2.037700000000000000e+04
4.140084837600000000e+10 1.903299999999999272e+04
4.179852316000000000e+10 3.570600000000000000e+04
4.179862624800000000e+10 1.662500000000000364e+04
4.208361103200000000e+10 4.265400000000000000e+04
4.210572759200000000e+10 2.744000000000000000e+04
4.221980138400000000e+10 2.837600000000000000e+04
4.224756117600000000e+10 2.178100000000000728e+04
4.260016068000000000e+10 3.700200000000000000e+04
4.277418647200000000e+10 3.923500000000000000e+04
4.301193765600000000e+10 3.813500000000000000e+04
4.364330834400000000e+10 5.858500000000000000e+04
4.373978055200000000e+10 4.296800000000000000e+04
4.374750775200000000e+10 2.841600000000000000e+04
4.379554935200000000e+10 2.568400000000000000e+04
4.381458887200000000e+10 2.030000000000000000e+04
4.385056485600000000e+10 1.758399999999999636e+04
4.391456048800000000e+10 1.870400000000000000e+04
4.395350884000000000e+10 1.607499999999999272e+04
4.419644167200000000e+10 2.617200000000000000e+04
4.432208919200000000e+10 2.704000000000000000e+04
4.443934706400000000e+10 2.560300000000000000e+04
4.472508196000000000e+10 3.616600000000000000e+04
4.477688156000000000e+10 2.864000000000000000e+04
4.493935178400000000e+10 2.976200000000000000e+04
4.496081522400000000e+10 2.305100000000000000e+04
4.509713381600000000e+10 2.586000000000000000e+04
4.574997061600000000e+10 5.693800000000000000e+04
4.575937796000000000e+10 3.484600000000000728e+04
4.582418527200000000e+10 3.158500000000000000e+04
4.585770800800000000e+10 2.314700000000000728e+04
4.589514997600000000e+10 1.896000000000000000e+04
4.599784759200000000e+10 2.140600000000000000e+04
4.622628453600000000e+10 3.126200000000000000e+04
4.633627202400000000e+10 2.648000000000000000e+04
4.633635661600000000e+10 1.184700000000000000e+04
4.655461639200000000e+10 2.895899999999999272e+04
4.658151989600000000e+10 2.289000000000000000e+04
4.658158583200000000e+10 4.816999999999992724e+03
4.670617733600000000e+10 2.312900000000000000e+04
4.707083509600000000e+10 4.201600000000000000e+04
4.710032760800000000e+10 2.793800000000000000e+04
4.738374476000000000e+10 3.753000000000000000e+04
4.738384058400000000e+10 1.538699999999999272e+04
4.747696383200000000e+10 2.732400000000000000e+04
4.747706712800000000e+10 1.293899999999999636e+04
4.763855431200000000e+10 2.504600000000000000e+04
4.767754690400000000e+10 2.182500000000000728e+04
4.767805340000000000e+10 1.512799999999999272e+04
4.777834466400000000e+10 1.880600000000000000e+04
4.790177074400000000e+10 2.202500000000000000e+04
4.814130496800000000e+10 3.014799999999999272e+04
4.821743888800000000e+10 2.520100000000000000e+04
4.821751181600000000e+10 7.546000000000003638e+03
4.822964928800000000e+10 1.742300000000000364e+04
4.823188580000000000e+10 1.301599999999999636e+04
4.879333464800000000e+10 4.288600000000000000e+04
4.879338301600000000e+10 2.629999999999996362e+03
4.888073932000000000e+10 3.263900000000000000e+04
4.891175087200000000e+10 2.636700000000000728e+04
4.892222116000000000e+10 1.860600000000000000e+04
4.894015848800000000e+10 1.586800000000000728e+04
4.899914666400000000e+10 1.629900000000000000e+04
4.918023293600000000e+10 2.256900000000000000e+04
4.935023600800000000e+10 2.838400000000000000e+04
4.940097053600000000e+10 2.278800000000000728e+04
4.942321544800000000e+10 1.822800000000000728e+04
4.950172920800000000e+10 1.854600000000000000e+04
4.957543016800000000e+10 1.856900000000000000e+04
4.981397140000000000e+10 2.761500000000000728e+04
4.986650821600000000e+10 2.357700000000000000e+04
4.986658103200000000e+10 6.550000000000000000e+03
4.988708527200000000e+10 1.643400000000000364e+04
4.994188232800000000e+10 1.683000000000000000e+04
5.018943223200000000e+10 2.674500000000000000e+04
5.061540682400000000e+10 4.354700000000000000e+04
5.061624085600000000e+10 2.601700000000000000e+04
5.069831740000000000e+10 2.613700000000000000e+04
5.115370506400000000e+10 4.685000000000000000e+04
5.122156760800000000e+10 3.579200000000000728e+04
5.176863098400000000e+10 5.544900000000000000e+04
5.176873444000000000e+10 2.425400000000000000e+04
5.184537244000000000e+10 3.262199999999999272e+04
5.195802759200000000e+10 3.022499999999999272e+04
5.198715136800000000e+10 2.452200000000000000e+04
5.198721490400000000e+10 4.503999999999992724e+03
5.257076434400000000e+10 5.122900000000000000e+04
5.257081032800000000e+10 1.387000000000000000e+03
5.264073752800000000e+10 3.687500000000000000e+04
5.278531847200000000e+10 3.268300000000000000e+04
5.281346565600000000e+10 2.546399999999999272e+04
5.290547735200000000e+10 2.501500000000000728e+04
5.308249996000000000e+10 3.000000000000000000e+04
5.313533748000000000e+10 2.496200000000000000e+04
5.313874053600000000e+10 1.725299999999999272e+04
5.321773391200000000e+10 1.942500000000000000e+04
5.336715207200000000e+10 2.351099999999999272e+04
5.346229752800000000e+10 2.384100000000000728e+04
5.384553496800000000e+10 3.945700000000000000e+04
5.395473896800000000e+10 3.376000000000000000e+04
5.396980175200000000e+10 2.479300000000000728e+04
5.429309218400000000e+10 3.662700000000000000e+04
5.443602613600000000e+10 3.418799999999999272e+04
5.459768336800000000e+10 3.704000000000000000e+04
5.464669717600000000e+10 2.736200000000000000e+04
5.504647132000000000e+10 4.449500000000000000e+04
5.504651912800000000e+10 2.459000000000007276e+03
5.505052071200000000e+10 2.538500000000000000e+04
5.505921776800000000e+10 1.979000000000000000e+04
5.508946706400000000e+10 1.798799999999999272e+04
5.519418564000000000e+10 2.174499999999999272e+04
5.531609530400000000e+10 2.234100000000000000e+04
5.534531815200000000e+10 1.907900000000000000e+04
5.538614525600000000e+10 1.664699999999999636e+04
5.545137788000000000e+10 1.724799999999999272e+04
5.548220460000000000e+10 1.423900000000000364e+04
5.549909333600000000e+10 1.239399999999999636e+04
5.552398042400000000e+10 1.128000000000000728e+04
5.614087357600000000e+10 3.994400000000000000e+04
5.624249512800000000e+10 3.467900000000000728e+04
5.631930240800000000e+10 3.045800000000000000e+04
5.643174836000000000e+10 2.694000000000000000e+04
5.643185144800000000e+10 1.330400000000000000e+04
5.656950660000000000e+10 2.568200000000000000e+04
5.669675727200000000e+10 2.729200000000000000e+04
5.669699652000000000e+10 1.326400000000000728e+04
5.692003434400000000e+10 2.797800000000000000e+04
5.693156285600000000e+10 2.131000000000000000e+04
5.695317512800000000e+10 1.697100000000000728e+04
5.707671852000000000e+10 2.120700000000000000e+04
5.724723664800000000e+10 2.574300000000000000e+04
5.724731831200000000e+10 2.214000000000000000e+03
5.732213268000000000e+10 2.115800000000000000e+04
5.732271170400000000e+10 1.529599999999999272e+04
5.734250138400000000e+10 1.415200000000000728e+04
5.744242044000000000e+10 1.760099999999999636e+04
5.757355604000000000e+10 2.035399999999999272e+04
5.761703653600000000e+10 1.779200000000000728e+04
5.771728458400000000e+10 1.917200000000000000e+04
5.777970629600000000e+10 1.889700000000000000e+04
5.781383893600000000e+10 1.579000000000000728e+04
5.781403444000000000e+10 1.194100000000000000e+04
5.843059936800000000e+10 4.564500000000000000e+04
5.843064877600000000e+10 3.843999999999996362e+03
5.850250919200000000e+10 3.432600000000000000e+04
5.850704645600000000e+10 2.193300000000000000e+04
5.851346141600000000e+10 1.700699999999999272e+04
5.875223887200000000e+10 2.872000000000000000e+04
5.875341458400000000e+10 1.996099999999999272e+04
5.875580892000000000e+10 1.464600000000000000e+04
5.894908285600000000e+10 2.343900000000000728e+04
5.894924229600000000e+10 1.505799999999999636e+04
5.896689749600000000e+10 1.529399999999999636e+04
5.916800421600000000e+10 2.291600000000000000e+04
5.927702037600000000e+10 2.429700000000000000e+04
5.955898357600000000e+10 3.473399999999999272e+04
5.969367855200000000e+10 3.279400000000000000e+04
5.985109632800000000e+10 3.115400000000000000e+04
6.004462116000000000e+10 3.771400000000000000e+04
6.031703959200000000e+10 4.204500000000000000e+04
6.037381693600000000e+10 3.100100000000000000e+04
6.044593002400000000e+10 2.790600000000000000e+04
6.044600741600000000e+10 8.786000000000003638e+03
6.080393296800000000e+10 3.721100000000000000e+04
6.087171167200000000e+10 3.308900000000000000e+04
6.102716631200000000e+10 3.009900000000000000e+04
6.110990016800000000e+10 2.740400000000000000e+04
6.125774567200000000e+10 2.970400000000000000e+04
6.133505885600000000e+10 2.664900000000000000e+04
6.135705671200000000e+10 1.992300000000000728e+04
6.136172975200000000e+10 1.516999999999999272e+04
6.136189279200000000e+10 1.033799999999999272e+04
6.138947581600000000e+10 1.215899999999999272e+04
6.149278543200000000e+10 1.558200000000000364e+04
6.152008655200000000e+10 1.410500000000000728e+04
6.188780111200000000e+10 3.168700000000000000e+04
6.207423943200000000e+10 3.452600000000000000e+04
6.221537524000000000e+10 3.196600000000000000e+04
6.226675496800000000e+10 2.661800000000000000e+04
6.227667016800000000e+10 1.886900000000000000e+04
6.235702048800000000e+10 2.112700000000000728e+04
6.242341597600000000e+10 1.960200000000000728e+04
6.242366799200000000e+10 1.388400000000000364e+04
6.246315938400000000e+10 1.436400000000000728e+04
6.262105772000000000e+10 1.973500000000000000e+04
6.282593084000000000e+10 2.643800000000000000e+04
6.304882456800000000e+10 3.131000000000000000e+04
6.328628932000000000e+10 3.835800000000000000e+04
6.388830701600000000e+10 5.672500000000000000e+04
6.391543640800000000e+10 3.762400000000000000e+04
6.405483181600000000e+10 3.528600000000000000e+04
6.416367367200000000e+10 3.215700000000000000e+04
6.416378399200000000e+10 1.547000000000000364e+04
6.419063520800000000e+10 2.096500000000000000e+04
6.420670581600000000e+10 1.674299999999999636e+04
6.436837029600000000e+10 2.356000000000000000e+04
6.464181410400000000e+10 3.225900000000000728e+04
6.464202087200000000e+10 1.596800000000000728e+04
6.472882010400000000e+10 2.353400000000000000e+04
6.492014191200000000e+10 2.884800000000000000e+04
6.492031032800000000e+10 1.319699999999999272e+04
6.492044276000000000e+10 1.106600000000000728e+04
6.498594837600000000e+10 1.821700000000000000e+04
6.499972807200000000e+10 1.459899999999999272e+04
6.509478855200000000e+10 1.704700000000000364e+04
6.540339834400000000e+10 3.088500000000000000e+04
6.544588562400000000e+10 2.520000000000000000e+04
6.559791890400000000e+10 2.750400000000000000e+04
6.578948183200000000e+10 3.126100000000000000e+04
6.578954676000000000e+10 7.121999999999996362e+03
6.583830996000000000e+10 2.199500000000000000e+04
6.588150472800000000e+10 1.916100000000000728e+04
6.588182122400000000e+10 1.344699999999999272e+04
6.593626839200000000e+10 1.582399999999999272e+04
6.613840696800000000e+10 2.360000000000000000e+04
6.629277807200000000e+10 2.693700000000000000e+04
6.637876084000000000e+10 2.502400000000000000e+04
6.642558476000000000e+10 2.193900000000000000e+04
6.658725716000000000e+10 2.617000000000000000e+04
6.663591879200000000e+10 2.123700000000000000e+04
6.686933709600000000e+10 2.987999999999999272e+04
6.698684560800000000e+10 2.818100000000000000e+04
6.736148408800000000e+10 4.078400000000000000e+04
6.737092682400000000e+10 2.689000000000000000e+04
6.745017093600000000e+10 2.794600000000000000e+04
6.758840482400000000e+10 2.664999999999999272e+04
6.758848463200000000e+10 1.145699999999999272e+04
6.769783452000000000e+10 2.337300000000000000e+04
6.784108756000000000e+10 2.556000000000000000e+04
6.784303144800000000e+10 1.922599999999999272e+04
6.788811956000000000e+10 1.777100000000000364e+04
6.790746077600000000e+10 1.443399999999999636e+04
6.799582292000000000e+10 1.722900000000000728e+04
6.848472106400000000e+10 3.906300000000000000e+04
6.884617589600000000e+10 4.684700000000000000e+04
6.896138103200000000e+10 3.747800000000000000e+04
6.896147221600000000e+10 1.535599999999999272e+04
6.898670916000000000e+10 2.295200000000000728e+04
6.911895484000000000e+10 2.729500000000000000e+04
6.913512375200000000e+10 1.926900000000000000e+04
6.922609885600000000e+10 2.121200000000000000e+04
6.930137935200000000e+10 2.078500000000000000e+04
6.959803640800000000e+10 3.465200000000000000e+04
6.962926637600000000e+10 2.360200000000000000e+04
6.966609380000000000e+10 2.081900000000000000e+04
6.970147404000000000e+10 1.739599999999999272e+04
6.997971807200000000e+10 3.050200000000000000e+04
7.006182549600000000e+10 2.668700000000000000e+04
7.006191157600000000e+10 9.848999999999992724e+03
7.020196002400000000e+10 2.443100000000000000e+04
7.033854178400000000e+10 2.664800000000000000e+04
7.034096557600000000e+10 1.820700000000000000e+04
7.061308836000000000e+10 3.145300000000000000e+04
7.084160722400000000e+10 3.391899999999999272e+04
7.084170623200000000e+10 1.520600000000000000e+04
7.091232986400000000e+10 2.459600000000000000e+04
7.109250796000000000e+10 2.968899999999999272e+04
7.109258064800000000e+10 8.600999999999996362e+03
7.130605980000000000e+10 3.294800000000000000e+04
7.130614303200000000e+10 1.106500000000000000e+04
7.138652975200000000e+10 2.296900000000000000e+04
7.140702420000000000e+10 1.878400000000000000e+04
7.142372909600000000e+10 1.538700000000000364e+04
7.150368866400000000e+10 1.742899999999999636e+04
7.157192448800000000e+10 1.821200000000000000e+04
7.158360210400000000e+10 1.342900000000000000e+04
7.168810069600000000e+10 1.719400000000000364e+04
7.169228125600000000e+10 1.286300000000000000e+04
7.191025410400000000e+10 2.293000000000000000e+04
7.204765860000000000e+10 2.402700000000000000e+04
7.218727749600000000e+10 2.606700000000000000e+04
7.234042404000000000e+10 2.863700000000000000e+04
7.249710586400000000e+10 3.146000000000000000e+04
7.293587120800000000e+10 4.526700000000000000e+04
7.299792908000000000e+10 3.386400000000000000e+04
7.300236152800000000e+10 2.280700000000000728e+04
7.309564773600000000e+10 2.509600000000000000e+04
7.311526861600000000e+10 1.948100000000000000e+04
7.317661776800000000e+10 1.903700000000000728e+04
7.326146359200000000e+10 1.991200000000000728e+04
7.332921506400000000e+10 1.873600000000000728e+04
7.334005274400000000e+10 1.505600000000000364e+04
7.343539818400000000e+10 1.767700000000000728e+04
7.368171522400000000e+10 2.832000000000000000e+04
7.372889298400000000e+10 2.428100000000000000e+04
7.390902351200000000e+10 2.823300000000000000e+04
7.404082844000000000e+10 2.663200000000000000e+04
7.410569612000000000e+10 2.422200000000000728e+04
7.410583096800000000e+10 1.413800000000000000e+04
7.413682117600000000e+10 1.650100000000000364e+04
7.414033732000000000e+10 1.271299999999999272e+04
7.433184312800000000e+10 2.172600000000000000e+04
7.443167722400000000e+10 2.232000000000000000e+04
7.479995428000000000e+10 4.012400000000000000e+04
7.482968688800000000e+10 2.856500000000000000e+04
7.483984013600000000e+10 2.021700000000000000e+04
7.486168941600000000e+10 1.682600000000000728e+04
7.492250727200000000e+10 1.778500000000000728e+04
7.492264325600000000e+10 3.148999999999996362e+03
7.578607935200000000e+10 6.534500000000000000e+04
7.593858532000000000e+10 5.330400000000000000e+04
7.593867680800000000e+10 2.317800000000000000e+04
7.599368280800000000e+10 2.737200000000000000e+04
7.622757829600000000e+10 3.584200000000000000e+04
7.628123391200000000e+10 2.694500000000000000e+04
7.636017676000000000e+10 2.559200000000000000e+04
7.643464266400000000e+10 2.280900000000000000e+04
7.675470860000000000e+10 3.647600000000000000e+04
7.687655524000000000e+10 3.346500000000000000e+04
7.687664487200000000e+10 1.283600000000000364e+04
7.700133900000000000e+10 2.752200000000000000e+04
7.702952714400000000e+10 2.184300000000000000e+04
7.704574716000000000e+10 1.724099999999999636e+04
7.704770383200000000e+10 1.266700000000000000e+04
7.704988495200000000e+10 1.025800000000000000e+04
7.745865629600000000e+10 3.250900000000000000e+04
7.756885140000000000e+10 2.858499999999999272e+04
7.760764284000000000e+10 2.513500000000000000e+04
7.771171165600000000e+10 2.407800000000000000e+04
7.772155648800000000e+10 1.804400000000000728e+04
7.781838616800000000e+10 1.976100000000000000e+04
7.785772117600000000e+10 1.744300000000000728e+04
7.816126869600000000e+10 3.183900000000000000e+04
7.831938455200000000e+10 3.131000000000000000e+04
7.840382607200000000e+10 2.783500000000000000e+04
7.855285106400000000e+10 2.851500000000000000e+04
7.855294855200000000e+10 1.283299999999999272e+04
7.856984612000000000e+10 1.790099999999999272e+04
7.875918263200000000e+10 2.514700000000000000e+04
7.887388760800000000e+10 2.586400000000000000e+04
7.887405580000000000e+10 1.617000000000000000e+04
7.910521514400000000e+10 3.027299999999999272e+04
7.916974180000000000e+10 2.389700000000000000e+04
7.916987290400000000e+10 1.438299999999999272e+04
7.922027872800000000e+10 1.764399999999999636e+04
7.922505439200000000e+10 1.393099999999999636e+04
7.924623767200000000e+10 1.300299999999999636e+04
7.935642312800000000e+10 1.647100000000000364e+04
7.938438012000000000e+10 1.394200000000000000e+04
7.987436420000000000e+10 3.934600000000000000e+04
7.989934610400000000e+10 2.867800000000000000e+04
8.097839460000000000e+10 7.495200000000000000e+04
8.153681967200000000e+10 6.928900000000000000e+04
8.154453044000000000e+10 4.631300000000000000e+04
8.162528135200000000e+10 3.345600000000000000e+04
8.162535204000000000e+10 1.005300000000000000e+04
8.182598028000000000e+10 3.493700000000000000e+04
8.184091957600000000e+10 2.642699999999999272e+04
8.184101320800000000e+10 1.006699999999999636e+04
8.216056253600000000e+10 3.382000000000000000e+04
8.227253432800000000e+10 3.118800000000000000e+04
8.242679349600000000e+10 3.519700000000000000e+04
8.253552045600000000e+10 3.299300000000000000e+04
8.253703276000000000e+10 1.970100000000000000e+04
8.254563285600000000e+10 1.657699999999999636e+04
8.255250914400000000e+10 1.318999999999999272e+04
8.287183986400000000e+10 3.014100000000000728e+04
8.291344711200000000e+10 2.383300000000000000e+04
8.291465965600000000e+10 1.660799999999999272e+04
8.291473576800000000e+10 4.927000000000003638e+03
8.301692903200000000e+10 1.857800000000000000e+04
8.318561952800000000e+10 2.427300000000000000e+04
8.328641984800000000e+10 2.286700000000000000e+04
8.339965996000000000e+10 2.421000000000000000e+04
8.342003871200000000e+10 1.890900000000000728e+04
8.342674658400000000e+10 1.464599999999999272e+04
8.371203810400000000e+10 2.853600000000000000e+04
8.382269196000000000e+10 2.731500000000000000e+04
8.384638527200000000e+10 2.016500000000000000e+04
8.384645624800000000e+10 5.113000000000003638e+03
8.404418255200000000e+10 2.591400000000000000e+04
8.414634087200000000e+10 2.463400000000000000e+04
8.414646138400000000e+10 1.341799999999999636e+04
8.415707820000000000e+10 1.592400000000000728e+04
8.435471901600000000e+10 2.555400000000000000e+04
8.446805380000000000e+10 2.472700000000000000e+04
8.518188770400000000e+10 5.484800000000000000e+04
8.536404642400000000e+10 4.592200000000000000e+04
8.536411944800000000e+10 1.403400000000000364e+04
8.557794551200000000e+10 4.247000000000000000e+04
8.567262477600000000e+10 3.614200000000000000e+04
8.568862703200000000e+10 2.400800000000000000e+04
8.572810917600000000e+10 2.124600000000000000e+04
8.572817884000000000e+10 5.065000000000003638e+03
8.593660133600000000e+10 2.617500000000000000e+04
8.595479666400000000e+10 2.004099999999999272e+04
8.612910309600000000e+10 2.701200000000000000e+04
8.634214482400000000e+10 3.284300000000000000e+04
8.634257557600000000e+10 2.244800000000000000e+04
8.643047791200000000e+10 2.397700000000000728e+04
8.665020279200000000e+10 3.014500000000000000e+04
8.682308079200000000e+10 3.292000000000000000e+04
8.688650279200000000e+10 2.600800000000000000e+04
8.702192341600000000e+10 2.872800000000000000e+04
8.705201079200000000e+10 2.183299999999999272e+04
8.731853727200000000e+10 3.207500000000000000e+04
8.758467420000000000e+10 3.638100000000000000e+04
8.803371421600000000e+10 5.299100000000000000e+04
8.804198645600000000e+10 3.080399999999999272e+04
8.830782151200000000e+10 4.078600000000000000e+04
8.830797648800000000e+10 2.420099999999999272e+04
8.842522621600000000e+10 2.896900000000000000e+04
8.848416855200000000e+10 2.425600000000000000e+04
8.864247096800000000e+10 2.621100000000000000e+04
8.869242181600000000e+10 2.313100000000000000e+04
8.878797239200000000e+10 2.278700000000000000e+04
8.926023952800000000e+10 4.243600000000000000e+04
8.933299645600000000e+10 3.342300000000000000e+04
8.941205856800000000e+10 2.944100000000000000e+04
8.943758263200000000e+10 2.280100000000000000e+04
8.968929447200000000e+10 3.160700000000000728e+04
8.983199778400000000e+10 3.280000000000000000e+04
8.983216932000000000e+10 1.940099999999999272e+04
8.983224476000000000e+10 4.566999999999996362e+03
8.992405160800000000e+10 2.185800000000000000e+04
8.993173650400000000e+10 1.745700000000000000e+04
