# Timestamps in ns,Energies
3.008766000000000000e+08 3.990100000000000000e+04
6.458312560000000000e+08 4.498600000000000000e+04
2.208603224000000000e+09 9.600800000000000000e+04
2.602727208000000000e+09 6.227200000000000000e+04
2.842724696000000000e+09 5.954400000000000000e+04
3.368361720000000000e+09 6.074500000000000000e+04
3.852228632000000000e+09 5.984400000000000000e+04
4.098603592000000000e+09 4.960000000000000000e+04
4.236146712000000000e+09 4.251400000000000000e+04
4.236208344000000000e+09 1.032899999999999272e+04
4.624851544000000000e+09 4.564900000000000000e+04
4.624922664000000000e+09 1.406300000000000728e+04
5.113003256000000000e+09 5.357000000000000000e+04
5.121525736000000000e+09 3.455900000000000728e+04
5.403995640000000000e+09 4.002500000000000000e+04
5.513687528000000000e+09 3.759100000000000000e+04
6.612773832000000000e+09 7.278500000000000000e+04
7.310772040000000000e+09 7.552100000000000000e+04
7.310821720000000000e+09 8.533999999999992724e+03
9.014062376000000000e+09 8.448800000000000000e+04
9.014126920000000000e+09 2.148599999999999272e+04
1.090361951200000000e+10 9.896000000000000000e+04
1.094132912800000000e+10 5.054500000000000000e+04
1.114188636000000000e+10 4.635200000000000000e+04
1.147895866400000000e+10 5.336800000000000000e+04
1.147900642400000000e+10 4.540999999999992724e+03
1.180852941600000000e+10 4.895100000000000000e+04
1.193289629600000000e+10 4.147200000000000000e+04
1.227830020000000000e+10 4.445100000000000000e+04
1.288486826400000000e+10 6.172100000000000000e+04
1.307435692000000000e+10 4.710900000000000000e+04
1.368624732000000000e+10 7.154000000000000000e+04
1.368629109600000000e+10 2.110000000000000000e+03
1.393877428000000000e+10 5.233700000000000000e+04
1.403217280800000000e+10 3.910500000000000000e+04
1.438736306400000000e+10 5.044900000000000000e+04
1.438741808800000000e+10 8.025999999999992724e+03
1.484511127200000000e+10 5.311500000000000000e+04
1.505115284000000000e+10 4.318400000000000000e+04
1.562442172000000000e+10 6.092200000000000000e+04
1.606228420000000000e+10 6.146400000000000000e+04
1.659699069600000000e+10 6.311200000000000000e+04
1.659709247200000000e+10 2.007900000000000000e+04
1.672786215200000000e+10 3.783300000000000000e+04
1.696856413600000000e+10 4.385200000000000000e+04
1.828629812000000000e+10 7.992900000000000000e+04
1.833363069600000000e+10 4.709000000000000000e+04
2.002952479200000000e+10 8.504100000000000000e+04
2.045363901600000000e+10 6.815400000000000000e+04
2.091149792800000000e+10 6.242500000000000000e+04
2.123880804000000000e+10 5.697000000000000000e+04
2.130481392800000000e+10 4.302400000000000000e+04
2.177013453600000000e+10 5.706400000000000000e+04
2.177022879200000000e+10 2.244200000000000000e+04
2.244951493600000000e+10 6.329500000000000000e+04
2.333205308000000000e+10 7.527700000000000000e+04
2.333216266400000000e+10 9.769000000000007276e+03
2.333223287200000000e+10 1.058600000000000000e+04
2.416471488800000000e+10 7.194400000000000000e+04
2.416476330400000000e+10 8.445999999999996362e+03
2.433221834400000000e+10 4.795300000000000000e+04
2.480791039200000000e+10 6.375100000000000000e+04
2.489045684000000000e+10 4.353600000000000000e+04
2.510411674400000000e+10 3.842300000000000000e+04
2.580916884000000000e+10 6.298400000000000000e+04
2.582345948000000000e+10 3.886400000000000000e+04
2.654546548000000000e+10 6.376100000000000000e+04
2.660387845600000000e+10 4.077400000000000000e+04
2.672166141600000000e+10 3.750400000000000000e+04
2.678737548000000000e+10 3.057299999999999272e+04
2.719286752800000000e+10 4.237300000000000000e+04
2.765390658400000000e+10 5.334500000000000000e+04
2.805470648800000000e+10 5.359700000000000000e+04
2.830527276000000000e+10 5.244000000000000000e+04
2.830532440800000000e+10 7.449000000000000000e+03
2.840463575200000000e+10 3.611900000000000000e+04
2.922412882400000000e+10 6.518600000000000000e+04
2.946625805600000000e+10 5.397700000000000000e+04
2.950490597600000000e+10 3.324600000000000000e+04
3.072336272800000000e+10 7.773200000000000000e+04
3.086835800800000000e+10 5.374000000000000000e+04
3.125446069600000000e+10 5.800900000000000000e+04
3.163090759200000000e+10 5.760900000000000000e+04
3.205831943200000000e+10 5.439200000000000000e+04
3.305189584800000000e+10 8.610400000000000000e+04
3.355306845600000000e+10 6.544400000000000000e+04
3.364591519200000000e+10 5.006600000000000000e+04
3.388834736800000000e+10 4.666400000000000000e+04
3.490286143200000000e+10 7.640900000000000000e+04
3.490296789600000000e+10 3.336200000000000000e+04
3.509652296800000000e+10 4.480900000000000000e+04
3.543539816800000000e+10 4.998200000000000000e+04
3.592042655200000000e+10 5.651500000000000000e+04
3.592050008800000000e+10 2.085200000000000000e+04
3.638915976800000000e+10 5.692800000000000000e+04
3.729495618400000000e+10 7.072400000000000000e+04
3.739369844000000000e+10 5.727500000000000000e+04
3.758128620000000000e+10 4.223100000000000000e+04
3.779027396000000000e+10 4.648400000000000000e+04
3.842694364000000000e+10 5.831400000000000000e+04
3.862622936800000000e+10 4.787500000000000000e+04
3.979598879200000000e+10 7.520000000000000000e+04
4.054966295200000000e+10 7.483200000000000000e+04
4.094063472800000000e+10 5.917600000000000000e+04
4.097439095200000000e+10 3.975700000000000000e+04
4.129420095200000000e+10 4.807200000000000000e+04
4.156120556000000000e+10 4.901300000000000000e+04
4.168829149600000000e+10 3.836400000000000000e+04
4.172619132000000000e+10 2.762800000000000000e+04
4.190568589600000000e+10 3.271500000000000000e+04
4.202635181600000000e+10 3.081600000000000728e+04
4.203332474400000000e+10 2.196000000000000000e+04
4.203339812000000000e+10 5.634999999999996362e+03
4.233726981600000000e+10 3.379899999999999272e+04
4.237298892000000000e+10 2.686900000000000000e+04
4.264390712800000000e+10 3.519300000000000000e+04
4.264400101600000000e+10 1.388500000000000364e+04
4.327385631200000000e+10 5.685600000000000000e+04
4.458266629600000000e+10 7.611200000000000000e+04
4.469238175200000000e+10 5.230400000000000000e+04
4.534302885600000000e+10 6.276200000000000000e+04
4.549253908000000000e+10 4.640300000000000000e+04
4.549266528800000000e+10 2.864100000000000728e+04
4.554846772000000000e+10 2.863399999999999272e+04
4.554858516000000000e+10 1.562399999999999272e+04
4.622492360800000000e+10 5.301400000000000000e+04
4.622502103200000000e+10 2.492200000000000000e+04
4.624012572000000000e+10 2.747200000000000000e+04
4.657910997600000000e+10 3.869200000000000000e+04
4.666952256800000000e+10 3.194199999999999272e+04
4.670086002400000000e+10 2.848000000000000000e+04
4.670096568800000000e+10 1.266199999999999272e+04
4.678046580000000000e+10 2.134400000000000000e+04
4.692119376800000000e+10 2.418400000000000000e+04
4.835981306400000000e+10 8.377300000000000000e+04
4.835985767200000000e+10 5.860000000000000000e+03
4.845278362400000000e+10 5.006400000000000000e+04
4.883850727200000000e+10 5.026500000000000000e+04
4.948492986400000000e+10 6.290500000000000000e+04
4.960927316000000000e+10 5.618200000000000000e+04
5.034435616800000000e+10 6.787300000000000000e+04
5.064671124000000000e+10 5.789900000000000000e+04
5.127679852000000000e+10 6.696100000000000000e+04
5.127684389600000000e+10 5.183000000000000000e+03
5.138457655200000000e+10 5.004600000000000000e+04
5.151904799200000000e+10 3.874000000000000000e+04
5.151911861600000000e+10 1.079600000000000728e+04
5.303083840800000000e+10 8.214400000000000000e+04
5.423725706400000000e+10 8.614800000000000000e+04
5.550248365600000000e+10 8.992800000000000000e+04
5.569644293600000000e+10 5.388000000000000000e+04
5.569776989600000000e+10 4.014000000000000000e+04
5.634161255200000000e+10 5.682400000000000000e+04
5.656833559200000000e+10 5.742300000000000000e+04
5.667410762400000000e+10 3.909700000000000000e+04
5.693635637600000000e+10 4.192100000000000000e+04
5.775086652000000000e+10 6.779500000000000000e+04
5.787631074400000000e+10 4.973000000000000000e+04
5.858826968800000000e+10 6.608000000000000000e+04
5.877521823200000000e+10 5.027300000000000000e+04
5.877543455200000000e+10 3.155500000000000000e+04
5.877549728800000000e+10 5.324999999999992724e+03
5.890407031200000000e+10 3.081600000000000000e+04
5.892941828000000000e+10 2.366900000000000000e+04
6.001717314400000000e+10 7.511300000000000000e+04
6.001730410400000000e+10 1.889100000000000000e+04
6.008092968800000000e+10 3.520700000000000000e+04
6.107633584800000000e+10 6.973600000000000000e+04
6.107639050400000000e+10 1.221699999999999272e+04
6.184931149600000000e+10 6.821000000000000000e+04
6.198845637600000000e+10 4.763200000000000000e+04
6.252314333600000000e+10 5.816800000000000000e+04
6.271156856800000000e+10 5.165600000000000000e+04
6.301182023200000000e+10 5.013700000000000000e+04
6.319148783200000000e+10 4.048000000000000000e+04
6.323585642400000000e+10 3.070700000000000728e+04
6.336197039200000000e+10 3.145500000000000728e+04
6.351737357600000000e+10 3.196600000000000000e+04
6.378040984800000000e+10 3.927300000000000000e+04
6.385165807200000000e+10 3.142099999999999272e+04
6.411530464800000000e+10 3.718400000000000000e+04
6.487305479200000000e+10 6.333900000000000000e+04
6.505310186400000000e+10 4.564100000000000000e+04
6.513114676000000000e+10 4.146400000000000000e+04
6.520667738400000000e+10 3.004000000000000728e+04
6.527715759200000000e+10 2.650299999999999272e+04
6.631230751200000000e+10 6.504400000000000000e+04
6.639816824800000000e+10 4.971900000000000000e+04
6.667289338400000000e+10 4.546800000000000000e+04
6.714678863200000000e+10 6.203200000000000000e+04
6.748876191200000000e+10 5.417900000000000000e+04
6.912415381600000000e+10 8.737000000000000000e+04
6.915523004000000000e+10 5.022300000000000000e+04
6.939860991200000000e+10 4.781100000000000000e+04
6.975952312800000000e+10 5.249600000000000000e+04
7.037637018400000000e+10 6.348200000000000000e+04
7.056636162400000000e+10 4.926500000000000000e+04
7.078436045600000000e+10 4.259100000000000000e+04
7.078446973600000000e+10 2.235400000000000000e+04
7.081989141600000000e+10 2.537900000000000728e+04
7.110846528800000000e+10 4.012400000000000000e+04
7.150842280800000000e+10 4.376900000000000000e+04
7.164773247200000000e+10 3.959200000000000000e+04
7.175081415200000000e+10 3.350000000000000000e+04
7.187231605600000000e+10 3.233500000000000000e+04
7.210484250400000000e+10 3.775100000000000000e+04
7.290184452000000000e+10 6.090100000000000000e+04
7.349522416800000000e+10 6.624100000000000000e+04
7.379527996000000000e+10 5.613000000000000000e+04
7.379532509600000000e+10 1.593000000000007276e+03
7.380966247200000000e+10 3.480100000000000000e+04
7.385951972000000000e+10 3.055600000000000000e+04
7.432112687200000000e+10 4.572000000000000000e+04
7.436860944800000000e+10 3.370100000000000000e+04
7.459566040800000000e+10 3.840100000000000000e+04
7.475270770400000000e+10 3.704800000000000000e+04
7.519586549600000000e+10 4.940200000000000000e+04
7.550865077600000000e+10 4.925300000000000000e+04
7.562024501600000000e+10 3.743400000000000000e+04
7.583111914400000000e+10 3.957100000000000000e+04
7.742898144800000000e+10 8.297200000000000000e+04
7.769088848800000000e+10 5.947300000000000000e+04
7.799907063200000000e+10 5.899400000000000000e+04
7.833546487200000000e+10 5.351800000000000000e+04
7.868040191200000000e+10 5.671200000000000000e+04
7.868667415200000000e+10 3.891500000000000000e+04
7.873579812000000000e+10 2.880600000000000000e+04
7.873587796000000000e+10 9.500999999999996362e+03
7.956318736800000000e+10 6.333100000000000000e+04
7.957407141600000000e+10 3.881600000000000000e+04
7.983127127200000000e+10 4.014600000000000000e+04
7.988908903200000000e+10 3.343500000000000728e+04
7.996750519200000000e+10 2.924300000000000728e+04
8.099534512800000000e+10 6.692000000000000000e+04
8.164608898400000000e+10 6.599100000000000000e+04
8.164616544800000000e+10 2.465400000000000000e+04
8.262397685600000000e+10 7.752200000000000000e+04
8.262402592800000000e+10 8.360000000000003638e+03
8.273416461600000000e+10 4.686400000000000000e+04
8.273429296800000000e+10 2.009800000000000728e+04
8.274576834400000000e+10 2.600200000000000000e+04
8.381675488800000000e+10 6.928700000000000000e+04
8.409650578400000000e+10 5.785000000000000000e+04
8.434910400800000000e+10 4.879000000000000000e+04
8.434917669600000000e+10 1.491100000000000364e+04
8.463902252000000000e+10 4.416800000000000000e+04
8.493274293600000000e+10 4.936800000000000000e+04
8.493278943200000000e+10 1.738000000000000000e+03
8.525406821600000000e+10 4.789700000000000000e+04
8.565659202400000000e+10 5.792500000000000000e+04
8.733339026400000000e+10 8.960800000000000000e+04
8.753486247200000000e+10 5.588000000000000000e+04
