# Timestamps in ns,Energies
5.011632800000000000e+07 1.633800000000000364e+04
2.494593040000000000e+08 2.378700000000000000e+04
3.160999760000000000e+08 2.173600000000000000e+04
4.694591920000000000e+08 2.413000000000000000e+04
8.589953040000000000e+08 4.150000000000000000e+04
9.555074160000000000e+08 3.382800000000000000e+04
1.555602952000000000e+09 5.424200000000000000e+04
1.555648984000000000e+09 2.952000000000000000e+03
2.035097592000000000e+09 6.244200000000000000e+04
2.035216600000000000e+09 1.018100000000000728e+04
2.372108232000000000e+09 5.701800000000000000e+04
2.397792792000000000e+09 3.344200000000000000e+04
2.404647240000000000e+09 2.266600000000000000e+04
2.489143368000000000e+09 2.562600000000000000e+04
2.589921128000000000e+09 2.456000000000000000e+04
2.825844440000000000e+09 3.232799999999999272e+04
2.825929336000000000e+09 1.228300000000000000e+04
3.074199944000000000e+09 3.325400000000000000e+04
3.139053544000000000e+09 2.952600000000000000e+04
3.290159032000000000e+09 2.988100000000000000e+04
3.304797256000000000e+09 2.186000000000000000e+04
3.304881848000000000e+09 7.799000000000007276e+03
3.493367656000000000e+09 2.680900000000000000e+04
3.493426360000000000e+09 3.715000000000003638e+03
3.714248200000000000e+09 3.159900000000000000e+04
3.869154328000000000e+09 3.435300000000000000e+04
3.987885848000000000e+09 3.135999999999999272e+04
4.159550424000000000e+09 3.168400000000000728e+04
4.185449336000000000e+09 2.363200000000000000e+04
4.269687016000000000e+09 2.364000000000000000e+04
4.580464456000000000e+09 3.436600000000000000e+04
4.613404904000000000e+09 2.617600000000000000e+04
4.664797176000000000e+09 2.216900000000000000e+04
4.708081144000000000e+09 2.017600000000000000e+04
4.798989912000000000e+09 2.212700000000000000e+04
4.822788328000000000e+09 1.721499999999999272e+04
4.861745432000000000e+09 1.607200000000000364e+04
4.872510520000000000e+09 1.279099999999999272e+04
4.945674696000000000e+09 1.491500000000000728e+04
5.027049720000000000e+09 1.589399999999999636e+04
5.138679896000000000e+09 1.852199999999999272e+04
5.157216632000000000e+09 1.550600000000000000e+04
5.511877896000000000e+09 3.041500000000000000e+04
5.657942632000000000e+09 2.982200000000000000e+04
5.840135656000000000e+09 3.207600000000000000e+04
6.254820952000000000e+09 4.844900000000000000e+04
6.399894776000000000e+09 3.877000000000000000e+04
6.979495896000000000e+09 5.855300000000000000e+04
6.979568840000000000e+09 2.052700000000000728e+04
7.084096184000000000e+09 3.545200000000000000e+04
7.084148536000000000e+09 3.573999999999992724e+03
7.110084424000000000e+09 2.487400000000000000e+04
7.118885784000000000e+09 2.024500000000000000e+04
7.141752568000000000e+09 1.651899999999999636e+04
7.267172472000000000e+09 2.104000000000000000e+04
7.278575064000000000e+09 1.639299999999999272e+04
7.302392936000000000e+09 1.392799999999999636e+04
7.511297192000000000e+09 2.392000000000000000e+04
7.569640792000000000e+09 2.016800000000000000e+04
7.569759512000000000e+09 1.021700000000000364e+04
7.587683880000000000e+09 1.403299999999999636e+04
7.587775288000000000e+09 5.463000000000003638e+03
7.711891160000000000e+09 1.701600000000000728e+04
7.711974392000000000e+09 1.927999999999996362e+03
7.771379464000000000e+09 1.522800000000000364e+04
7.783711080000000000e+09 1.264300000000000728e+04
8.061986648000000000e+09 2.615300000000000000e+04
8.108394232000000000e+09 2.161700000000000000e+04
8.164356968000000000e+09 1.904300000000000000e+04
8.317940312000000000e+09 2.375100000000000000e+04
8.753875192000000000e+09 3.901500000000000000e+04
8.863843800000000000e+09 3.384200000000000000e+04
8.872481208000000000e+09 2.705699999999999272e+04
9.594904824000000000e+09 5.764000000000000000e+04
9.900322856000000000e+09 5.767300000000000000e+04
1.040244709600000000e+10 6.337000000000000000e+04
1.040249357600000000e+10 4.426000000000000000e+03
1.051853516000000000e+10 4.251600000000000000e+04
1.055877418400000000e+10 3.021800000000000728e+04
1.062375525600000000e+10 2.644100000000000000e+04
1.071431295200000000e+10 2.472000000000000000e+04
1.081817106400000000e+10 2.463800000000000728e+04
1.081823912800000000e+10 5.763999999999992724e+03
1.105583120800000000e+10 3.058400000000000000e+04
1.170555407200000000e+10 5.598400000000000000e+04
1.170561503200000000e+10 1.181200000000000728e+04
1.196510324000000000e+10 4.700500000000000000e+04
1.196617082400000000e+10 2.957099999999999272e+04
1.216214679200000000e+10 3.797300000000000000e+04
1.220687084000000000e+10 2.775000000000000000e+04
1.240092162400000000e+10 3.026500000000000728e+04
1.240112005600000000e+10 2.251100000000000728e+04
1.293848464800000000e+10 5.029900000000000000e+04
1.306235237600000000e+10 3.918100000000000000e+04
1.356618432800000000e+10 5.444900000000000000e+04
1.418446082400000000e+10 6.784300000000000000e+04
1.420318136800000000e+10 4.170200000000000000e+04
1.445659336800000000e+10 4.210000000000000000e+04
1.474665280800000000e+10 5.047800000000000000e+04
1.487510757600000000e+10 4.023600000000000000e+04
1.487515623200000000e+10 1.689000000000003638e+03
1.496784525600000000e+10 3.048400000000000000e+04
1.512704896800000000e+10 3.290800000000000000e+04
1.525252565600000000e+10 3.512900000000000000e+04
1.525513116000000000e+10 2.008800000000000000e+04
1.577897036000000000e+10 4.728700000000000000e+04
1.619641730400000000e+10 5.672100000000000000e+04
1.640781261600000000e+10 4.546500000000000000e+04
1.640787508000000000e+10 1.072500000000000728e+04
1.651902357600000000e+10 3.560100000000000000e+04
1.653140324000000000e+10 2.704800000000000000e+04
1.653145880800000000e+10 2.019000000000007276e+03
1.663736623200000000e+10 2.389600000000000000e+04
1.665665752800000000e+10 1.934800000000000000e+04
1.671499932000000000e+10 1.898199999999999272e+04
1.691172304800000000e+10 2.559800000000000000e+04
1.734351050400000000e+10 4.163200000000000000e+04
1.750027946400000000e+10 4.006700000000000000e+04
1.777114088800000000e+10 4.488800000000000000e+04
1.777150168800000000e+10 3.603500000000000000e+04
1.786694962400000000e+10 2.640299999999999272e+04
1.797688343200000000e+10 2.688100000000000000e+04
1.826540968800000000e+10 3.739200000000000000e+04
1.860769181600000000e+10 4.607600000000000000e+04
1.860791100000000000e+10 2.855800000000000000e+04
1.883443578400000000e+10 3.616699999999999272e+04
1.883448476000000000e+10 2.042999999999996362e+03
1.903093695200000000e+10 3.787400000000000000e+04
1.904554581600000000e+10 2.511300000000000000e+04
1.952094991200000000e+10 4.844000000000000000e+04
1.962534594400000000e+10 3.769300000000000000e+04
1.977734660000000000e+10 3.419400000000000000e+04
2.017247325600000000e+10 4.868800000000000000e+04
2.039913604000000000e+10 4.530500000000000000e+04
2.046589864800000000e+10 3.277900000000000000e+04
2.049500420000000000e+10 2.712800000000000000e+04
2.051925432800000000e+10 2.040000000000000000e+04
2.056106053600000000e+10 1.959600000000000000e+04
2.091919904800000000e+10 3.777200000000000000e+04
2.091943676000000000e+10 2.586500000000000000e+04
2.099445010400000000e+10 2.304100000000000728e+04
2.108862004000000000e+10 2.416000000000000000e+04
2.118903200800000000e+10 2.355300000000000000e+04
2.127417869600000000e+10 2.238700000000000000e+04
2.194082351200000000e+10 5.517600000000000000e+04
2.206936839200000000e+10 4.242200000000000000e+04
2.238044434400000000e+10 4.663300000000000000e+04
2.238055063200000000e+10 2.202800000000000728e+04
2.245685562400000000e+10 3.000100000000000000e+04
2.255891885600000000e+10 2.772100000000000000e+04
2.272989648800000000e+10 3.367400000000000000e+04
2.276736733600000000e+10 2.392000000000000000e+04
2.276743714400000000e+10 6.077000000000007276e+03
2.293905429600000000e+10 2.740400000000000000e+04
2.305615444000000000e+10 2.649600000000000000e+04
2.306658480800000000e+10 1.981199999999999272e+04
2.334644388000000000e+10 3.085800000000000000e+04
2.365089012000000000e+10 3.828900000000000000e+04
2.365093784800000000e+10 2.462999999999996362e+03
2.390767015200000000e+10 4.645800000000000000e+04
2.392653101600000000e+10 2.847299999999999272e+04
2.406201293600000000e+10 2.968000000000000000e+04
2.449085106400000000e+10 4.554800000000000000e+04
2.460667842400000000e+10 3.939900000000000000e+04
2.461270594400000000e+10 2.642600000000000000e+04
2.484268618400000000e+10 3.388400000000000000e+04
2.484276072800000000e+10 1.076699999999999272e+04
2.488974636000000000e+10 2.332900000000000000e+04
2.516197850400000000e+10 3.288200000000000728e+04
2.520972808800000000e+10 2.570400000000000000e+04
2.532282512800000000e+10 2.674700000000000000e+04
2.534638724000000000e+10 2.088300000000000000e+04
2.566732648800000000e+10 3.483800000000000000e+04
2.589080404000000000e+10 4.002500000000000000e+04
2.608291103200000000e+10 3.713300000000000000e+04
2.656144583200000000e+10 5.319400000000000000e+04
2.665797836000000000e+10 3.943000000000000000e+04
2.665805344800000000e+10 1.226900000000000728e+04
2.735185848800000000e+10 5.848300000000000000e+04
2.735198096800000000e+10 1.230600000000000364e+04
2.737426780000000000e+10 2.907300000000000000e+04
2.739446692000000000e+10 2.283199999999999272e+04
2.741633295200000000e+10 1.991200000000000000e+04
2.782841508000000000e+10 3.934400000000000000e+04
2.784778284000000000e+10 2.764100000000000000e+04
2.797517916000000000e+10 3.001800000000000000e+04
2.807720631200000000e+10 2.689700000000000000e+04
2.810543535200000000e+10 2.136400000000000000e+04
2.810565116000000000e+10 1.586399999999999272e+04
2.814819964000000000e+10 1.574599999999999272e+04
2.836361957600000000e+10 2.472600000000000000e+04
2.842118112800000000e+10 2.141200000000000000e+04
2.845764960800000000e+10 1.872900000000000000e+04
2.847627724000000000e+10 1.565799999999999272e+04
2.848563716000000000e+10 1.258200000000000728e+04
2.864074058400000000e+10 1.852000000000000000e+04
2.896350746400000000e+10 3.282400000000000000e+04
2.896369968800000000e+10 2.075100000000000000e+04
2.896376588000000000e+10 2.388000000000000000e+03
2.916607514400000000e+10 3.031300000000000000e+04
2.967606172000000000e+10 4.941800000000000000e+04
2.967612456800000000e+10 1.072899999999999636e+04
2.986885148000000000e+10 4.045400000000000000e+04
3.029662711200000000e+10 5.616100000000000000e+04
3.037567418400000000e+10 3.781000000000000000e+04
3.096025754400000000e+10 6.297900000000000000e+04
3.140644903200000000e+10 6.035300000000000000e+04
3.196219336800000000e+10 6.737900000000000000e+04
3.196226434400000000e+10 2.225699999999999272e+04
3.210606831200000000e+10 4.094400000000000000e+04
3.229333298400000000e+10 3.835100000000000000e+04
3.241447501600000000e+10 3.358199999999999272e+04
3.254172037600000000e+10 3.220000000000000000e+04
3.256887607200000000e+10 2.456900000000000000e+04
3.281376042400000000e+10 3.239400000000000728e+04
3.332826512800000000e+10 5.112900000000000000e+04
3.352162628000000000e+10 5.103300000000000000e+04
3.352167405600000000e+10 2.590999999999992724e+03
3.356190789600000000e+10 3.109799999999999272e+04
3.356203261600000000e+10 4.672000000000000000e+03
3.360679928800000000e+10 2.155299999999999272e+04
3.382992751200000000e+10 3.032900000000000000e+04
3.394265989600000000e+10 2.931400000000000000e+04
3.394275156000000000e+10 1.156400000000000000e+04
3.414621904800000000e+10 2.947900000000000728e+04
3.414628724000000000e+10 7.957999999999992724e+03
3.420310204000000000e+10 2.248000000000000000e+04
3.441437349600000000e+10 2.896400000000000728e+04
3.468610181600000000e+10 3.936000000000000000e+04
3.496525148000000000e+10 4.424800000000000000e+04
3.537913445600000000e+10 6.072200000000000000e+04
3.538611615200000000e+10 2.959900000000000000e+04
3.568035744800000000e+10 3.970100000000000000e+04
3.605133109600000000e+10 4.924600000000000000e+04
3.633313423200000000e+10 4.778500000000000000e+04
3.633318202400000000e+10 2.955000000000007276e+03
3.636109600800000000e+10 3.273000000000000000e+04
3.672166172000000000e+10 4.633400000000000000e+04
3.694509776800000000e+10 4.783100000000000000e+04
3.708538794400000000e+10 3.625499999999999272e+04
3.710564973600000000e+10 2.563100000000000000e+04
3.718508879200000000e+10 2.497700000000000000e+04
3.720572551200000000e+10 2.065800000000000000e+04
3.729460144800000000e+10 2.139700000000000000e+04
3.750616269600000000e+10 2.788800000000000000e+04
3.773321560800000000e+10 3.243600000000000000e+04
3.833026829600000000e+10 5.634800000000000000e+04
3.851874924000000000e+10 4.779200000000000000e+04
3.852141599200000000e+10 2.674000000000000000e+04
3.861176804000000000e+10 2.936000000000000000e+04
3.873916200800000000e+10 2.982199999999999272e+04
3.873925909600000000e+10 1.304400000000000728e+04
3.876429386400000000e+10 1.924500000000000728e+04
3.876435591200000000e+10 2.230000000000007276e+03
3.879399101600000000e+10 1.604300000000000364e+04
3.906132103200000000e+10 2.739200000000000728e+04
3.929753237600000000e+10 3.349499999999999272e+04
3.930948869600000000e+10 2.427600000000000000e+04
3.938643775200000000e+10 2.345100000000000000e+04
3.949739652000000000e+10 2.370400000000000000e+04
3.955729768800000000e+10 2.151700000000000728e+04
3.964820082400000000e+10 2.255499999999999272e+04
4.013972639200000000e+10 4.465500000000000000e+04
4.041046175200000000e+10 4.556700000000000000e+04
4.042950940000000000e+10 3.025000000000000000e+04
4.048015532000000000e+10 2.807300000000000000e+04
4.049289026400000000e+10 2.093500000000000728e+04
4.054913402400000000e+10 1.888000000000000000e+04
4.090747461600000000e+10 3.519400000000000000e+04
4.105991808800000000e+10 3.235900000000000000e+04
4.121528173600000000e+10 3.763400000000000000e+04
4.121536256800000000e+10 1.370399999999999272e+04
4.147684532000000000e+10 3.839500000000000000e+04
4.156942717600000000e+10 2.963400000000000000e+04
4.161056978400000000e+10 2.603600000000000000e+04
4.173192036000000000e+10 2.624300000000000000e+04
4.185380149600000000e+10 2.648800000000000000e+04
4.185859906400000000e+10 1.867600000000000000e+04
4.193756304800000000e+10 2.080900000000000000e+04
4.214840407200000000e+10 2.747600000000000000e+04
4.220569332000000000e+10 2.332900000000000000e+04
4.229363932000000000e+10 2.167800000000000000e+04
4.242120368800000000e+10 2.403900000000000000e+04
4.310442789600000000e+10 5.808100000000000000e+04
4.320822440800000000e+10 4.023200000000000000e+04
4.320828172000000000e+10 6.839000000000003638e+03
4.347557088800000000e+10 4.438400000000000000e+04
4.354109730400000000e+10 3.270500000000000000e+04
4.355009236000000000e+10 2.271099999999999272e+04
4.364897624800000000e+10 2.528900000000000000e+04
4.366372024800000000e+10 1.905400000000000000e+04
4.370611909600000000e+10 1.668300000000000728e+04
4.370619349600000000e+10 4.716000000000003638e+03
4.419521720800000000e+10 3.736900000000000000e+04
4.419529882400000000e+10 1.372600000000000728e+04
4.423736924000000000e+10 2.445300000000000000e+04
4.426013047200000000e+10 2.071300000000000000e+04
4.428641836000000000e+10 1.742199999999999636e+04
4.441470455200000000e+10 2.209600000000000000e+04
4.469151354400000000e+10 3.032499999999999272e+04
4.472354133600000000e+10 2.452000000000000000e+04
4.481357122400000000e+10 2.400200000000000000e+04
4.483595090400000000e+10 1.891800000000000000e+04
4.513417256800000000e+10 3.280799999999999272e+04
4.520785160800000000e+10 2.638900000000000000e+04
4.558867207200000000e+10 4.679400000000000000e+04
4.594319783200000000e+10 4.649500000000000000e+04
4.595224264800000000e+10 3.159900000000000000e+04
4.595234976800000000e+10 1.961700000000000000e+04
4.604211712800000000e+10 2.538600000000000000e+04
4.609070688800000000e+10 2.136000000000000000e+04
4.609087940000000000e+10 1.440600000000000728e+04
4.614510893600000000e+10 1.645199999999999636e+04
4.675572029600000000e+10 4.966300000000000000e+04
4.675580176800000000e+10 1.911700000000000000e+04
4.680727671200000000e+10 2.866100000000000000e+04
4.702965703200000000e+10 3.506300000000000000e+04
4.730974704800000000e+10 3.848300000000000000e+04
4.730986988000000000e+10 2.125700000000000000e+04
4.790942829600000000e+10 5.565700000000000000e+04
4.797118815200000000e+10 3.860800000000000000e+04
4.802682341600000000e+10 3.185300000000000000e+04
4.804175364000000000e+10 2.254300000000000000e+04
4.809914848800000000e+10 2.313700000000000000e+04
4.809920660000000000e+10 2.203000000000000000e+03
4.821170690400000000e+10 2.217700000000000000e+04
4.828145573600000000e+10 2.039200000000000728e+04
4.828155540000000000e+10 9.893000000000000000e+03
4.829448876000000000e+10 1.390000000000000728e+04
4.855297456800000000e+10 2.762600000000000000e+04
4.868153800800000000e+10 2.560899999999999272e+04
4.880781223200000000e+10 2.693800000000000000e+04
4.935145836000000000e+10 4.880800000000000000e+04
4.950720604000000000e+10 4.056000000000000000e+04
5.007357410400000000e+10 6.764300000000000000e+04
5.011560655200000000e+10 3.616499999999999272e+04
5.011566901600000000e+10 8.402999999999996362e+03
5.044067911200000000e+10 4.168300000000000000e+04
5.066534652000000000e+10 4.153500000000000000e+04
5.070520469600000000e+10 3.496300000000000000e+04
5.070915559200000000e+10 2.151400000000000000e+04
5.085346866400000000e+10 2.576200000000000000e+04
5.093787492000000000e+10 2.652000000000000000e+04
5.113545546400000000e+10 3.177300000000000728e+04
5.121515802400000000e+10 2.641700000000000000e+04
5.133637103200000000e+10 2.685300000000000728e+04
5.150627050400000000e+10 3.129100000000000000e+04
5.167070176800000000e+10 3.095700000000000728e+04
5.179093570400000000e+10 3.043100000000000000e+04
5.192194184800000000e+10 2.873800000000000000e+04
5.194384306400000000e+10 2.208100000000000000e+04
5.210525135200000000e+10 2.712000000000000000e+04
5.232243021600000000e+10 3.271500000000000000e+04
5.235343023200000000e+10 2.548900000000000000e+04
5.277416858400000000e+10 4.277500000000000000e+04
5.317094983200000000e+10 5.277200000000000000e+04
5.317819504800000000e+10 3.031799999999999272e+04
5.361533044000000000e+10 5.408900000000000000e+04
5.397452997600000000e+10 6.207900000000000000e+04
5.397457943200000000e+10 5.260999999999996362e+03
5.423055599200000000e+10 4.632800000000000000e+04
5.425162837600000000e+10 3.040800000000000000e+04
5.507725122400000000e+10 6.686700000000000000e+04
5.514191864800000000e+10 4.668100000000000000e+04
5.528254037600000000e+10 4.424900000000000000e+04
5.530713111200000000e+10 2.536400000000000000e+04
5.555853216800000000e+10 3.665600000000000000e+04
5.563362552800000000e+10 2.878600000000000000e+04
5.574242872800000000e+10 2.936100000000000000e+04
5.574266268000000000e+10 2.080100000000000000e+04
5.593906700000000000e+10 2.688800000000000000e+04
5.608004901600000000e+10 2.801899999999999272e+04
5.609589949600000000e+10 2.119700000000000728e+04
5.609896360800000000e+10 1.545600000000000364e+04
5.629738316000000000e+10 2.606300000000000000e+04
5.630800349600000000e+10 1.885600000000000000e+04
5.655034418400000000e+10 2.880100000000000728e+04
5.689387162400000000e+10 4.075300000000000000e+04
5.694936496800000000e+10 2.874700000000000000e+04
5.694949383200000000e+10 1.589800000000000000e+04
5.739153756000000000e+10 4.113100000000000000e+04
5.745615018400000000e+10 3.190299999999999272e+04
5.753551301600000000e+10 2.768200000000000000e+04
5.771591788000000000e+10 3.217700000000000000e+04
5.777070628000000000e+10 2.585500000000000000e+04
5.783282125600000000e+10 2.263200000000000000e+04
5.783299157600000000e+10 1.590500000000000728e+04
5.793860661600000000e+10 2.107700000000000000e+04
5.794764876000000000e+10 1.664900000000000000e+04
5.794984362400000000e+10 1.180700000000000000e+04
5.798056072800000000e+10 1.214299999999999636e+04
5.822070690400000000e+10 2.257000000000000000e+04
5.822084956000000000e+10 1.353900000000000000e+04
5.845972148000000000e+10 3.030000000000000000e+04
5.867627069600000000e+10 3.103600000000000000e+04
5.891022445600000000e+10 3.683600000000000000e+04
5.902370160800000000e+10 3.209700000000000000e+04
5.933813141600000000e+10 4.733800000000000000e+04
5.961650034400000000e+10 4.492100000000000000e+04
5.968419485600000000e+10 3.689600000000000000e+04
5.968546260000000000e+10 2.219400000000000000e+04
6.014371767200000000e+10 4.485600000000000000e+04
6.022778810400000000e+10 3.542300000000000000e+04
6.034400044000000000e+10 3.097400000000000000e+04
6.039631541600000000e+10 2.647099999999999272e+04
6.069073522400000000e+10 3.907900000000000000e+04
6.069078989600000000e+10 5.102000000000003638e+03
6.078682719200000000e+10 3.137900000000000000e+04
6.100045544800000000e+10 3.530100000000000728e+04
6.111014140000000000e+10 3.103900000000000000e+04
6.181672213600000000e+10 6.103300000000000000e+04
6.181677468000000000e+10 8.426000000000003638e+03
6.188793352800000000e+10 3.792300000000000000e+04
6.220163882400000000e+10 4.320500000000000000e+04
6.227407351200000000e+10 3.380400000000000000e+04
6.227412991200000000e+10 4.834000000000003638e+03
6.230689074400000000e+10 2.336900000000000000e+04
6.244558613600000000e+10 2.642000000000000000e+04
6.304730636000000000e+10 5.411400000000000000e+04
6.317753175200000000e+10 4.175500000000000000e+04
6.318030036000000000e+10 2.691500000000000000e+04
6.320200085600000000e+10 2.136000000000000000e+04
6.327522597600000000e+10 2.211200000000000000e+04
6.327532552800000000e+10 4.640999999999996362e+03
6.358762221600000000e+10 3.246100000000000000e+04
6.360423248800000000e+10 2.383700000000000728e+04
6.379688487200000000e+10 3.040099999999999272e+04
6.385346500000000000e+10 2.467500000000000000e+04
6.386435368800000000e+10 1.867199999999999272e+04
6.422707927200000000e+10 3.609400000000000728e+04
6.447026255200000000e+10 4.084300000000000000e+04
6.447039170400000000e+10 2.084399999999999272e+04
6.458489236000000000e+10 2.862500000000000000e+04
6.476019791200000000e+10 3.190199999999999272e+04
6.501320029600000000e+10 3.874300000000000000e+04
6.514379800800000000e+10 3.787300000000000000e+04
6.514386205600000000e+10 8.437999999999992724e+03
6.545794791200000000e+10 3.863300000000000000e+04
6.592026565600000000e+10 5.111700000000000000e+04
6.592035263200000000e+10 1.970499999999999272e+04
6.592863861600000000e+10 2.918500000000000000e+04
6.595801765600000000e+10 2.145700000000000000e+04
6.607107757600000000e+10 2.627500000000000000e+04
6.623915581600000000e+10 2.939900000000000728e+04
6.628147159200000000e+10 2.236300000000000000e+04
6.665118818400000000e+10 4.420100000000000000e+04
6.666178034400000000e+10 2.515500000000000000e+04
6.712158234400000000e+10 4.571000000000000000e+04
6.712955338400000000e+10 2.961299999999999272e+04
6.763814554400000000e+10 5.514900000000000000e+04
6.802944162400000000e+10 5.226500000000000000e+04
6.819286055200000000e+10 4.564600000000000000e+04
6.874652221600000000e+10 5.744100000000000000e+04
6.887308648800000000e+10 4.443400000000000000e+04
6.906480981600000000e+10 4.181000000000000000e+04
6.912936911200000000e+10 3.262000000000000000e+04
6.921336221600000000e+10 2.979200000000000000e+04
6.932257255200000000e+10 2.943100000000000000e+04
6.944842679200000000e+10 2.845000000000000000e+04
6.949934554400000000e+10 2.311400000000000000e+04
6.961340487200000000e+10 2.440500000000000000e+04
6.986846480800000000e+10 3.336300000000000000e+04
7.000057280800000000e+10 3.331000000000000728e+04
7.016263277600000000e+10 3.075700000000000000e+04
7.044580892000000000e+10 4.137600000000000000e+04
7.053416296800000000e+10 3.103199999999999272e+04
7.059863239200000000e+10 2.767200000000000000e+04
7.062098885600000000e+10 2.171200000000000000e+04
7.087660879200000000e+10 3.223799999999999272e+04
7.140584808800000000e+10 5.047400000000000000e+04
7.141563492000000000e+10 3.263400000000000000e+04
7.192912106400000000e+10 5.516000000000000000e+04
7.203645498400000000e+10 4.037400000000000000e+04
7.220162941600000000e+10 3.517899999999999272e+04
7.248468922400000000e+10 4.538400000000000000e+04
7.257259984800000000e+10 3.576300000000000000e+04
7.258350704800000000e+10 2.727299999999999272e+04
7.265757258400000000e+10 2.291200000000000000e+04
7.275722754400000000e+10 2.348400000000000000e+04
7.301317717600000000e+10 3.123300000000000000e+04
7.316192845600000000e+10 3.228700000000000000e+04
7.337275832800000000e+10 3.586000000000000000e+04
7.337288487200000000e+10 1.795600000000000000e+04
7.346560428000000000e+10 2.632300000000000000e+04
7.346568602400000000e+10 8.878000000000007276e+03
7.354466050400000000e+10 2.125600000000000000e+04
7.379241885600000000e+10 2.965200000000000728e+04
7.379247136800000000e+10 2.071000000000007276e+03
7.400094551200000000e+10 3.304400000000000000e+04
7.405680415200000000e+10 2.596999999999999272e+04
7.416620516000000000e+10 2.888300000000000000e+04
7.433181940000000000e+10 2.937500000000000000e+04
7.437589533600000000e+10 2.428000000000000000e+04
7.472432914400000000e+10 3.746800000000000000e+04
7.500239668000000000e+10 4.648600000000000000e+04
7.503720968800000000e+10 3.031200000000000000e+04
7.510308501600000000e+10 2.712599999999999272e+04
7.522039224800000000e+10 2.802400000000000000e+04
7.526648892000000000e+10 2.218800000000000000e+04
7.526663032800000000e+10 1.391400000000000728e+04
7.526670845600000000e+10 2.341000000000003638e+03
7.546136452000000000e+10 2.505000000000000000e+04
7.548278656800000000e+10 1.927400000000000728e+04
7.556679538400000000e+10 1.991000000000000728e+04
7.559203687200000000e+10 1.771000000000000000e+04
7.600955016800000000e+10 3.845600000000000000e+04
7.617102549600000000e+10 3.586699999999999272e+04
7.621472084000000000e+10 2.725000000000000000e+04
7.634298437600000000e+10 2.614800000000000000e+04
7.641266391200000000e+10 2.357600000000000000e+04
7.653117768800000000e+10 2.617700000000000000e+04
7.663566717600000000e+10 2.456000000000000000e+04
7.663577938400000000e+10 1.260500000000000728e+04
7.663608165600000000e+10 1.243300000000000000e+04
7.685680773600000000e+10 2.567800000000000000e+04
7.695143058400000000e+10 2.598299999999999272e+04
7.695988104800000000e+10 1.742700000000000728e+04
7.715283439200000000e+10 2.569100000000000000e+04
7.715293925600000000e+10 1.171000000000000728e+04
7.735596549600000000e+10 2.744800000000000000e+04
7.743726120800000000e+10 2.556900000000000000e+04
7.745647701600000000e+10 1.884100000000000000e+04
7.770484663200000000e+10 2.857600000000000000e+04
7.780734392800000000e+10 2.728900000000000000e+04
7.780758007200000000e+10 1.386300000000000728e+04
7.791002733600000000e+10 2.199200000000000728e+04
7.806933167200000000e+10 2.695300000000000000e+04
7.810391068000000000e+10 2.080600000000000000e+04
7.821020021600000000e+10 2.392200000000000728e+04
7.839927743200000000e+10 2.808800000000000000e+04
7.854914287200000000e+10 2.887200000000000000e+04
7.887148820000000000e+10 4.108100000000000000e+04
7.887363426400000000e+10 2.602500000000000000e+04
7.893152525600000000e+10 2.474600000000000000e+04
7.915437879200000000e+10 3.181400000000000000e+04
7.915444136800000000e+10 6.364000000000003638e+03
7.927657541600000000e+10 2.760900000000000000e+04
7.929201917600000000e+10 2.004200000000000728e+04
7.958195452000000000e+10 3.265200000000000728e+04
7.958202802400000000e+10 1.000299999999999636e+04
7.996028813600000000e+10 4.424100000000000000e+04
8.011180816800000000e+10 3.912100000000000000e+04
8.011198940000000000e+10 2.306400000000000000e+04
8.023634746400000000e+10 2.762899999999999272e+04
8.081966044000000000e+10 5.304800000000000000e+04
8.081973604000000000e+10 1.597300000000000000e+04
8.095254932000000000e+10 3.781100000000000000e+04
8.135761644000000000e+10 5.056800000000000000e+04
8.178007671200000000e+10 5.211300000000000000e+04
8.182796242400000000e+10 3.556700000000000728e+04
8.187768492000000000e+10 3.072699999999999272e+04
8.189329551200000000e+10 2.104100000000000728e+04
8.210252824800000000e+10 2.986299999999999272e+04
8.210268085600000000e+10 1.867400000000000728e+04
8.280167671200000000e+10 5.614500000000000000e+04
8.280174311200000000e+10 4.799000000000000000e+03
8.294822018400000000e+10 4.009700000000000000e+04
8.294834690400000000e+10 9.193000000000000000e+03
8.317828520800000000e+10 3.438299999999999272e+04
8.334088962400000000e+10 3.431500000000000000e+04
8.384145376800000000e+10 5.414500000000000000e+04
8.390666517600000000e+10 4.148100000000000000e+04
8.390676773600000000e+10 1.712799999999999272e+04
8.400648911200000000e+10 2.679100000000000000e+04
8.401478823200000000e+10 2.004400000000000000e+04
8.439992133600000000e+10 3.836500000000000000e+04
8.452587992800000000e+10 3.920800000000000000e+04
8.457497941600000000e+10 2.746300000000000000e+04
8.469484981600000000e+10 2.756800000000000000e+04
8.551543000800000000e+10 6.679200000000000000e+04
8.612101642400000000e+10 6.872800000000000000e+04
8.612110221600000000e+10 2.406400000000000000e+04
8.618605439200000000e+10 3.912600000000000000e+04
8.636071807200000000e+10 3.642000000000000000e+04
8.653620856800000000e+10 3.960700000000000000e+04
8.679641266400000000e+10 4.047900000000000000e+04
8.683826370400000000e+10 3.104000000000000000e+04
8.735412637600000000e+10 4.957900000000000000e+04
8.743109453600000000e+10 4.067500000000000000e+04
8.748046940000000000e+10 2.976000000000000000e+04
8.748363036000000000e+10 2.090600000000000000e+04
8.758453453600000000e+10 2.431300000000000000e+04
8.765857464800000000e+10 2.249600000000000000e+04
8.769906266400000000e+10 1.871399999999999272e+04
8.778214709600000000e+10 2.153000000000000000e+04
8.782944920800000000e+10 1.817799999999999272e+04
8.797903128800000000e+10 2.252500000000000000e+04
8.829819020000000000e+10 3.552800000000000000e+04
8.839719085600000000e+10 2.974300000000000000e+04
8.842510860000000000e+10 2.372899999999999272e+04
8.929168482400000000e+10 6.336800000000000000e+04
8.932387538400000000e+10 4.542500000000000000e+04
8.978557836000000000e+10 6.048200000000000000e+04
8.990751730400000000e+10 4.400600000000000000e+04
8.991392752800000000e+10 2.679900000000000000e+04
