# Timestamps in ns,Energies
6.345996000000000000e+07 3.997600000000000000e+04
1.707002000000000000e+08 3.351299999999999272e+04
4.494513840000000000e+08 4.260500000000000000e+04
4.765868720000000000e+08 3.012000000000000000e+04
4.766817680000000000e+08 1.218700000000000728e+04
4.879167280000000000e+08 1.836000000000000000e+04
7.642661200000000000e+08 3.080000000000000000e+04
9.095673200000000000e+08 3.309199999999999272e+04
1.204160056000000000e+09 3.996300000000000000e+04
1.261851720000000000e+09 2.945800000000000000e+04
1.319525816000000000e+09 2.538500000000000000e+04
1.880008472000000000e+09 4.715300000000000000e+04
2.309419288000000000e+09 5.930200000000000000e+04
2.309521656000000000e+09 2.881899999999999272e+04
2.602523816000000000e+09 4.415300000000000000e+04
2.602573544000000000e+09 4.279000000000007276e+03
2.627656392000000000e+09 2.922000000000000000e+04
2.735090424000000000e+09 3.014600000000000000e+04
2.735173320000000000e+09 1.003800000000000728e+04
2.899816200000000000e+09 2.769600000000000000e+04
3.128875048000000000e+09 3.463100000000000000e+04
3.129062536000000000e+09 2.387699999999999272e+04
3.129152248000000000e+09 7.822999999999992724e+03
3.162036680000000000e+09 1.825300000000000000e+04
3.190450984000000000e+09 1.566000000000000728e+04
3.223271672000000000e+09 1.423800000000000728e+04
3.355976760000000000e+09 1.927000000000000000e+04
3.364235624000000000e+09 1.449900000000000364e+04
3.397048200000000000e+09 1.358899999999999272e+04
3.839065160000000000e+09 3.400800000000000000e+04
3.925957880000000000e+09 2.998700000000000000e+04
4.199645464000000000e+09 3.750300000000000000e+04
4.260530904000000000e+09 3.188900000000000000e+04
4.366801112000000000e+09 2.843200000000000000e+04
4.384355096000000000e+09 2.040600000000000000e+04
4.572406024000000000e+09 2.845100000000000000e+04
4.974165160000000000e+09 4.221700000000000000e+04
5.073942648000000000e+09 3.499200000000000728e+04
5.218861416000000000e+09 3.319999999999999272e+04
5.524694104000000000e+09 4.192600000000000000e+04
5.709930760000000000e+09 4.042300000000000000e+04
6.134098808000000000e+09 4.957000000000000000e+04
6.527870040000000000e+09 5.377900000000000000e+04
6.549347432000000000e+09 3.307599999999999272e+04
6.697369896000000000e+09 3.468600000000000000e+04
6.819930072000000000e+09 3.219200000000000000e+04
6.831212664000000000e+09 2.399200000000000000e+04
6.906627912000000000e+09 2.232000000000000000e+04
7.015399064000000000e+09 2.365300000000000000e+04
7.068567640000000000e+09 2.151100000000000000e+04
7.115373480000000000e+09 1.838500000000000000e+04
7.154988904000000000e+09 1.721000000000000728e+04
7.335303208000000000e+09 2.424000000000000000e+04
7.351804440000000000e+09 1.808200000000000000e+04
7.417428600000000000e+09 1.862299999999999272e+04
7.601298552000000000e+09 2.447800000000000000e+04
7.663497864000000000e+09 2.180300000000000000e+04
7.692703912000000000e+09 1.757600000000000000e+04
7.725933000000000000e+09 1.554300000000000000e+04
7.967145272000000000e+09 2.540200000000000000e+04
8.110647736000000000e+09 2.765800000000000000e+04
8.122431368000000000e+09 1.983700000000000000e+04
8.333058104000000000e+09 2.866500000000000000e+04
8.333352680000000000e+09 1.641899999999999272e+04
8.466715288000000000e+09 2.416700000000000000e+04
8.484232136000000000e+09 1.840100000000000000e+04
8.826528712000000000e+09 3.307000000000000000e+04
8.826616712000000000e+09 1.321900000000000000e+04
8.887222008000000000e+09 2.408100000000000000e+04
9.140092152000000000e+09 3.417800000000000000e+04
9.165994264000000000e+09 2.384000000000000000e+04
9.195937816000000000e+09 2.020600000000000000e+04
9.410598392000000000e+09 2.935299999999999272e+04
9.410651864000000000e+09 2.085999999999992724e+03
9.554678904000000000e+09 2.800200000000000000e+04
9.876082168000000000e+09 4.024400000000000000e+04
9.876131080000000000e+09 2.151000000000003638e+03
1.017570469600000000e+10 4.034500000000000000e+04
1.021715394400000000e+10 3.158700000000000000e+04
1.035732496800000000e+10 3.208599999999999272e+04
1.050035594400000000e+10 3.144000000000000000e+04
1.072497816800000000e+10 3.767300000000000000e+04
1.083705988000000000e+10 3.047199999999999272e+04
1.083858496800000000e+10 2.279400000000000728e+04
1.093536840800000000e+10 2.340500000000000000e+04
1.102248376800000000e+10 2.272100000000000000e+04
1.106376752800000000e+10 1.970099999999999272e+04
1.112676474400000000e+10 1.906700000000000000e+04
1.129302388000000000e+10 2.394800000000000000e+04
1.148332655200000000e+10 2.864600000000000000e+04
1.174343903200000000e+10 3.573700000000000000e+04
1.174352133600000000e+10 1.576800000000000364e+04
1.174364368800000000e+10 1.063799999999999636e+04
1.176793717600000000e+10 1.838700000000000728e+04
1.192550724000000000e+10 2.442200000000000000e+04
1.192562266400000000e+10 1.268099999999999272e+04
1.192572039200000000e+10 5.430000000000007276e+03
1.228701452000000000e+10 3.364500000000000000e+04
1.247809812000000000e+10 3.452900000000000000e+04
1.247826840800000000e+10 2.181000000000000000e+04
1.253545472800000000e+10 2.292600000000000000e+04
1.259887000800000000e+10 2.196800000000000000e+04
1.263560506400000000e+10 1.742599999999999272e+04
1.274735693600000000e+10 2.131900000000000000e+04
1.284060658400000000e+10 2.094200000000000000e+04
1.293213800800000000e+10 2.135200000000000000e+04
1.298886287200000000e+10 1.950000000000000000e+04
1.314150213600000000e+10 2.392800000000000000e+04
1.317300842400000000e+10 1.871200000000000728e+04
1.318408636000000000e+10 1.518200000000000000e+04
1.335793991200000000e+10 2.148100000000000000e+04
1.397820352800000000e+10 5.393000000000000000e+04
1.429934365600000000e+10 5.187200000000000000e+04
1.473769461600000000e+10 6.149000000000000000e+04
1.476486997600000000e+10 3.962200000000000000e+04
1.483831247200000000e+10 2.986300000000000000e+04
1.514239936800000000e+10 4.147200000000000000e+04
1.540758733600000000e+10 4.314400000000000000e+04
1.540764532000000000e+10 8.166000000000007276e+03
1.540771168800000000e+10 2.866999999999996362e+03
1.547170164000000000e+10 2.609700000000000000e+04
1.547185063200000000e+10 1.747400000000000364e+04
1.598410700000000000e+10 4.684200000000000000e+04
1.600309852000000000e+10 3.059100000000000000e+04
1.630532580000000000e+10 3.928500000000000000e+04
1.639300228000000000e+10 3.266499999999999272e+04
1.641992986400000000e+10 2.662700000000000000e+04
1.641999568800000000e+10 6.370999999999992724e+03
1.657623732000000000e+10 2.614400000000000728e+04
1.657809848800000000e+10 1.989499999999999272e+04
1.660845592800000000e+10 1.654600000000000000e+04
1.661316527200000000e+10 1.334200000000000364e+04
1.674542396000000000e+10 2.023100000000000000e+04
1.678594516000000000e+10 1.674900000000000364e+04
1.681244792800000000e+10 1.436099999999999636e+04
1.696212108000000000e+10 1.956200000000000000e+04
1.700617322400000000e+10 1.796200000000000728e+04
1.705158288800000000e+10 1.616500000000000728e+04
1.715610943200000000e+10 1.783199999999999636e+04
1.719613434400000000e+10 1.647899999999999272e+04
1.727945799200000000e+10 1.728500000000000000e+04
1.729792567200000000e+10 1.465200000000000364e+04
1.739147096800000000e+10 1.672399999999999636e+04
1.742605826400000000e+10 1.490400000000000364e+04
1.745130911200000000e+10 1.320399999999999272e+04
1.752352997600000000e+10 1.416899999999999272e+04
1.780358226400000000e+10 2.488900000000000000e+04
1.796766304800000000e+10 2.640800000000000728e+04
1.802091552800000000e+10 2.421600000000000000e+04
1.827703061600000000e+10 3.178100000000000000e+04
1.828446210400000000e+10 2.309900000000000000e+04
1.830804946400000000e+10 1.878000000000000000e+04
1.848437354400000000e+10 2.554400000000000000e+04
1.859622536800000000e+10 2.489599999999999272e+04
1.877743509600000000e+10 2.969600000000000000e+04
1.880179932000000000e+10 2.324200000000000000e+04
1.893098223200000000e+10 2.541600000000000000e+04
1.893103679200000000e+10 2.903999999999996362e+03
1.906505204000000000e+10 2.543600000000000000e+04
1.957228404000000000e+10 4.473600000000000000e+04
1.961082844000000000e+10 3.386400000000000000e+04
1.962987423200000000e+10 2.394300000000000728e+04
1.963008874400000000e+10 1.766900000000000000e+04
1.982905316000000000e+10 2.847100000000000000e+04
1.997570583200000000e+10 2.847999999999999272e+04
1.998360890400000000e+10 1.983700000000000000e+04
2.027294620000000000e+10 3.198300000000000000e+04
2.125462196000000000e+10 6.944300000000000000e+04
2.141997434400000000e+10 5.508700000000000000e+04
2.152458884000000000e+10 3.782500000000000000e+04
2.160418997600000000e+10 3.434200000000000000e+04
2.164726202400000000e+10 2.598200000000000728e+04
2.193060765600000000e+10 3.556700000000000000e+04
2.199915495200000000e+10 2.994199999999999272e+04
2.214370700000000000e+10 3.145700000000000000e+04
2.214398458400000000e+10 2.611400000000000000e+04
2.214404951200000000e+10 3.051999999999992724e+03
2.219112591200000000e+10 1.834700000000000000e+04
2.231606458400000000e+10 2.104000000000000000e+04
2.236553556000000000e+10 1.921600000000000000e+04
2.239826727200000000e+10 1.655199999999999636e+04
2.250460501600000000e+10 1.915700000000000000e+04
2.272768800800000000e+10 2.688600000000000000e+04
2.288185688800000000e+10 2.872000000000000000e+04
2.290175112800000000e+10 2.112300000000000000e+04
2.294096960800000000e+10 1.953300000000000000e+04
2.302163530400000000e+10 1.998500000000000000e+04
2.308617978400000000e+10 1.884800000000000000e+04
2.325438735200000000e+10 2.432300000000000000e+04
2.349802652000000000e+10 3.055100000000000000e+04
2.378270821600000000e+10 4.038000000000000000e+04
2.382343586400000000e+10 2.933800000000000000e+04
2.428499842400000000e+10 5.262500000000000000e+04
2.436772541600000000e+10 3.692700000000000000e+04
2.446686309600000000e+10 3.025600000000000000e+04
2.473851045600000000e+10 3.805900000000000000e+04
2.489845932000000000e+10 3.505100000000000000e+04
2.489852348000000000e+10 8.483000000000000000e+03
2.525386807200000000e+10 4.683500000000000000e+04
2.525391877600000000e+10 4.534000000000003638e+03
2.528488829600000000e+10 2.831400000000000000e+04
2.537401490400000000e+10 2.611299999999999272e+04
2.539914760800000000e+10 2.232000000000000000e+04
2.544499036000000000e+10 1.960299999999999272e+04
2.556644383200000000e+10 2.228000000000000000e+04
2.563356770400000000e+10 2.087600000000000728e+04
2.607407471200000000e+10 3.809900000000000000e+04
2.607414151200000000e+10 1.038599999999999636e+04
2.608944074400000000e+10 2.631700000000000728e+04
2.608950831200000000e+10 5.580999999999996362e+03
2.614823213600000000e+10 2.098600000000000000e+04
2.616839719200000000e+10 1.693099999999999272e+04
2.622560685600000000e+10 1.702499999999999636e+04
2.639642208800000000e+10 2.238100000000000000e+04
2.639648632800000000e+10 4.391999999999996362e+03
2.655400448800000000e+10 2.346399999999999272e+04
2.663067482400000000e+10 2.358600000000000728e+04
2.665090752800000000e+10 1.727000000000000000e+04
2.665097045600000000e+10 2.005000000000000000e+03
2.675393560800000000e+10 2.040700000000000000e+04
2.678620407200000000e+10 1.632900000000000364e+04
2.705635541600000000e+10 2.848300000000000000e+04
2.705642896800000000e+10 8.230000000000007276e+03
2.723663208800000000e+10 2.848000000000000000e+04
2.732602519200000000e+10 2.600100000000000000e+04
2.746422530400000000e+10 2.855000000000000000e+04
2.752762039200000000e+10 2.307900000000000000e+04
2.787062676000000000e+10 4.009700000000000000e+04
2.828252047200000000e+10 5.259500000000000000e+04
2.858323890400000000e+10 5.046100000000000000e+04
2.861881197600000000e+10 3.552900000000000000e+04
2.861887541600000000e+10 7.497000000000007276e+03
2.865695967200000000e+10 2.334999999999999272e+04
2.904429692000000000e+10 4.218100000000000000e+04
2.904436869600000000e+10 1.315100000000000000e+04
2.904452120800000000e+10 1.319700000000000364e+04
2.915862239200000000e+10 2.856400000000000000e+04
2.920381044000000000e+10 2.253600000000000000e+04
2.926591968800000000e+10 2.068200000000000000e+04
2.967404436000000000e+10 3.941400000000000000e+04
2.970016460000000000e+10 2.784300000000000000e+04
2.980980050400000000e+10 2.793000000000000000e+04
2.980985826400000000e+10 3.861000000000000000e+03
2.988968908000000000e+10 2.326400000000000000e+04
3.011198044000000000e+10 3.241399999999999272e+04
3.015916626400000000e+10 2.479500000000000000e+04
3.027265744800000000e+10 2.703800000000000000e+04
3.027277837600000000e+10 1.638700000000000000e+04
3.032641463200000000e+10 1.832800000000000000e+04
3.039595180000000000e+10 1.988700000000000000e+04
3.042529127200000000e+10 1.538800000000000728e+04
3.052731712800000000e+10 1.827200000000000000e+04
3.052739703200000000e+10 5.463999999999992724e+03
3.101963832800000000e+10 3.717700000000000000e+04
3.102961988000000000e+10 2.779600000000000000e+04
3.105181508000000000e+10 2.134900000000000000e+04
3.108499445600000000e+10 1.878600000000000000e+04
3.110452244000000000e+10 1.568200000000000728e+04
3.122812056800000000e+10 1.993600000000000000e+04
3.129243426400000000e+10 1.920400000000000728e+04
3.165425400800000000e+10 3.377599999999999272e+04
3.169103383200000000e+10 2.656400000000000000e+04
3.171250917600000000e+10 2.151400000000000728e+04
3.177251610400000000e+10 1.926100000000000000e+04
3.187150613600000000e+10 2.134399999999999272e+04
3.198044365600000000e+10 2.360100000000000000e+04
3.199038039200000000e+10 1.666900000000000364e+04
3.202715960800000000e+10 1.506699999999999272e+04
3.288102642400000000e+10 6.353800000000000000e+04
3.303289194400000000e+10 4.486300000000000000e+04
3.303302180000000000e+10 2.400900000000000728e+04
3.303308720800000000e+10 4.380000000000003638e+03
3.307967936800000000e+10 2.298899999999999272e+04
3.326380413600000000e+10 2.935700000000000000e+04
3.336592840800000000e+10 2.802500000000000000e+04
3.372922658400000000e+10 4.227200000000000000e+04
3.393575471200000000e+10 4.146000000000000000e+04
3.396021488800000000e+10 2.888200000000000000e+04
3.414901743200000000e+10 3.196899999999999272e+04
3.435162519200000000e+10 3.596399999999999272e+04
3.437576368800000000e+10 2.644800000000000000e+04
3.449970108000000000e+10 2.729200000000000000e+04
3.450285676000000000e+10 1.910700000000000000e+04
3.460169524000000000e+10 2.212500000000000000e+04
3.460177864800000000e+10 7.692999999999992724e+03
3.479458282400000000e+10 2.583799999999999272e+04
3.488181992800000000e+10 2.472200000000000000e+04
3.490621436000000000e+10 1.976900000000000000e+04
3.499169220000000000e+10 1.997300000000000728e+04
3.516770269600000000e+10 2.527800000000000000e+04
3.528294407200000000e+10 2.466200000000000000e+04
3.542255268000000000e+10 2.751400000000000000e+04
3.542273564000000000e+10 1.768200000000000000e+04
3.549530436000000000e+10 1.992000000000000000e+04
3.549544461600000000e+10 1.268299999999999636e+04
3.566661932000000000e+10 2.193600000000000000e+04
3.589188944800000000e+10 2.885200000000000728e+04
3.597555005600000000e+10 2.794800000000000000e+04
3.600372856800000000e+10 2.173100000000000000e+04
3.610929780000000000e+10 2.216300000000000000e+04
3.643671442400000000e+10 3.569000000000000000e+04
3.649592920800000000e+10 2.915500000000000000e+04
3.655640954400000000e+10 2.454500000000000000e+04
3.674761511200000000e+10 2.892400000000000000e+04
3.674891005600000000e+10 2.049299999999999272e+04
3.674957088800000000e+10 1.433500000000000000e+04
3.698132301600000000e+10 2.633000000000000000e+04
3.716548117600000000e+10 3.064700000000000728e+04
3.716556437600000000e+10 1.132299999999999272e+04
3.721250066400000000e+10 2.150800000000000000e+04
3.721980240800000000e+10 1.685799999999999636e+04
3.730794354400000000e+10 1.849600000000000000e+04
3.730818392800000000e+10 1.424300000000000728e+04
3.737037039200000000e+10 1.478900000000000364e+04
3.743674612000000000e+10 1.551700000000000364e+04
3.743685952800000000e+10 7.609999999999996362e+03
3.767500728800000000e+10 2.313000000000000000e+04
3.772853202400000000e+10 2.117800000000000000e+04
3.772862463200000000e+10 8.587000000000000000e+03
3.783233116000000000e+10 1.949600000000000000e+04
3.838631384800000000e+10 4.251500000000000000e+04
3.880431394400000000e+10 5.225800000000000000e+04
3.903079157600000000e+10 4.858500000000000000e+04
3.920017760800000000e+10 4.175500000000000000e+04
3.932890567200000000e+10 3.539100000000000000e+04
3.936650095200000000e+10 2.953800000000000000e+04
3.943691242400000000e+10 2.407600000000000000e+04
3.960147293600000000e+10 2.860100000000000000e+04
3.970451007200000000e+10 2.826100000000000000e+04
3.983549588000000000e+10 2.650900000000000728e+04
4.032446668000000000e+10 4.767800000000000000e+04
4.037825234400000000e+10 3.409600000000000728e+04
4.050541320800000000e+10 3.354099999999999272e+04
4.069543469600000000e+10 3.440100000000000728e+04
4.072482117600000000e+10 2.619500000000000000e+04
4.074949015200000000e+10 2.075200000000000000e+04
4.102595503200000000e+10 3.327599999999999272e+04
4.110254773600000000e+10 2.882200000000000000e+04
4.123402143200000000e+10 2.723300000000000000e+04
4.123422831200000000e+10 1.501500000000000000e+04
4.144923322400000000e+10 2.762800000000000000e+04
4.161105207200000000e+10 2.922100000000000728e+04
4.175802924000000000e+10 3.089200000000000000e+04
4.180210863200000000e+10 2.408100000000000000e+04
4.192096157600000000e+10 2.588000000000000000e+04
4.207897397600000000e+10 2.776100000000000000e+04
4.214532341600000000e+10 2.456800000000000000e+04
4.239204420000000000e+10 3.171900000000000728e+04
4.249108823200000000e+10 2.776799999999999272e+04
4.257493684000000000e+10 2.672400000000000000e+04
4.257503186400000000e+10 1.359799999999999272e+04
4.262692335200000000e+10 1.957099999999999272e+04
4.325326783200000000e+10 5.117200000000000000e+04
4.335742896800000000e+10 3.884900000000000000e+04
4.337894290400000000e+10 2.687500000000000000e+04
4.337901584800000000e+10 8.020000000000007276e+03
4.339800160800000000e+10 1.875800000000000000e+04
4.348046976800000000e+10 2.008000000000000000e+04
4.350796172000000000e+10 1.755400000000000364e+04
4.409463157600000000e+10 4.814300000000000000e+04
4.421385676000000000e+10 3.938800000000000000e+04
4.431028877600000000e+10 3.288200000000000000e+04
4.434573170400000000e+10 2.469900000000000000e+04
4.472955874400000000e+10 4.303400000000000000e+04
4.472961112800000000e+10 5.006999999999992724e+03
4.496749354400000000e+10 4.075400000000000000e+04
4.532905605600000000e+10 4.760000000000000000e+04
4.538406994400000000e+10 3.392700000000000728e+04
4.538417114400000000e+10 1.579200000000000000e+04
4.544865127200000000e+10 2.435400000000000000e+04
4.558213008800000000e+10 2.656100000000000000e+04
4.558221533600000000e+10 1.021000000000000000e+04
4.584647666400000000e+10 3.212000000000000000e+04
4.587466373600000000e+10 2.336199999999999272e+04
4.597036100000000000e+10 2.499900000000000000e+04
4.609538991200000000e+10 2.727200000000000000e+04
4.617082207200000000e+10 2.336800000000000000e+04
4.633385504800000000e+10 2.584000000000000000e+04
4.652170927200000000e+10 3.329000000000000000e+04
4.698339972000000000e+10 4.552200000000000000e+04
4.706778018400000000e+10 3.935900000000000000e+04
4.708575322400000000e+10 2.795800000000000000e+04
4.708583066400000000e+10 8.248999999999992724e+03
4.710199735200000000e+10 1.751999999999999636e+04
4.712653407200000000e+10 1.577699999999999272e+04
4.721168088800000000e+10 1.853900000000000728e+04
4.721519333600000000e+10 1.397699999999999636e+04
4.736609592800000000e+10 2.079500000000000000e+04
4.739631928800000000e+10 1.669400000000000000e+04
4.746624300000000000e+10 1.752899999999999272e+04
4.753263277600000000e+10 1.660400000000000000e+04
4.760568989600000000e+10 1.683899999999999636e+04
4.799968124000000000e+10 3.443200000000000728e+04
4.813727405600000000e+10 3.201300000000000000e+04
4.833421682400000000e+10 3.650000000000000000e+04
4.838214418400000000e+10 2.797000000000000000e+04
4.897360226400000000e+10 5.287800000000000000e+04
4.915145381600000000e+10 4.291700000000000000e+04
4.924797223200000000e+10 3.359700000000000728e+04
4.929510404000000000e+10 2.843800000000000728e+04
4.981736133600000000e+10 5.036800000000000000e+04
5.003109085600000000e+10 4.383200000000000000e+04
5.007777258400000000e+10 3.013300000000000000e+04
5.008865989600000000e+10 2.431100000000000000e+04
5.013086320800000000e+10 2.136800000000000000e+04
5.018338565600000000e+10 1.964100000000000000e+04
5.038529496800000000e+10 2.815300000000000000e+04
5.044106012000000000e+10 2.302400000000000000e+04
5.098464666400000000e+10 4.857100000000000000e+04
5.133475031200000000e+10 5.214800000000000000e+04
5.136043989600000000e+10 3.286600000000000000e+04
5.147417332000000000e+10 3.299100000000000000e+04
5.159663076000000000e+10 3.041999999999999272e+04
5.167652789600000000e+10 2.800000000000000000e+04
5.191902877600000000e+10 3.430800000000000728e+04
5.223154938400000000e+10 4.175800000000000000e+04
5.223160351200000000e+10 6.259000000000007276e+03
5.223166944800000000e+10 2.359999999999996362e+03
5.223174928800000000e+10 4.295000000000007276e+03
5.224717845600000000e+10 2.088200000000000000e+04
5.261410591200000000e+10 3.823900000000000000e+04
5.275018077600000000e+10 3.437300000000000000e+04
5.281913818400000000e+10 2.902500000000000000e+04
5.296243604000000000e+10 3.004600000000000000e+04
5.314669695200000000e+10 3.182900000000000000e+04
5.323463780000000000e+10 2.825200000000000000e+04
5.368299316000000000e+10 5.135300000000000000e+04
5.368309263200000000e+10 1.959300000000000000e+04
5.372808813600000000e+10 2.707300000000000000e+04
5.389878332000000000e+10 2.956299999999999272e+04
5.395974175200000000e+10 2.649400000000000000e+04
5.417975967200000000e+10 3.290400000000000000e+04
5.425899818400000000e+10 2.974500000000000000e+04
5.425920917600000000e+10 2.115900000000000000e+04
5.426848389600000000e+10 1.503499999999999636e+04
5.426855372000000000e+10 2.208000000000000000e+03
5.432413135200000000e+10 1.547500000000000364e+04
5.446141400800000000e+10 1.986600000000000000e+04
5.459400572000000000e+10 2.258700000000000000e+04
5.470690232800000000e+10 2.289600000000000000e+04
5.500601736800000000e+10 3.429300000000000000e+04
5.507970461600000000e+10 3.019400000000000000e+04
5.512898384800000000e+10 2.263200000000000000e+04
5.512910052000000000e+10 1.271299999999999272e+04
5.512920141600000000e+10 5.463000000000003638e+03
5.512931132000000000e+10 2.895999999999996362e+03
5.517117519200000000e+10 1.441700000000000364e+04
5.519545932000000000e+10 1.288100000000000364e+04
5.554009348000000000e+10 2.998800000000000000e+04
5.564486245600000000e+10 2.642000000000000000e+04
5.636101194400000000e+10 5.751300000000000000e+04
5.636107938400000000e+10 1.497399999999999636e+04
5.658362085600000000e+10 4.563700000000000000e+04
5.668298850400000000e+10 3.513400000000000000e+04
5.670716384800000000e+10 2.728400000000000000e+04
5.676970573600000000e+10 2.442800000000000000e+04
5.680489578400000000e+10 2.007200000000000000e+04
5.682696090400000000e+10 1.702300000000000728e+04
5.690145615200000000e+10 1.776300000000000000e+04
5.694728317600000000e+10 1.669800000000000728e+04
5.695647288800000000e+10 1.298100000000000364e+04
5.718057215200000000e+10 2.351500000000000000e+04
5.718080692000000000e+10 1.587600000000000728e+04
5.720797776800000000e+10 1.543200000000000728e+04
5.720809300000000000e+10 7.704000000000000000e+03
5.728573274400000000e+10 1.518699999999999636e+04
5.736053328800000000e+10 1.580700000000000000e+04
5.746280575200000000e+10 1.776800000000000000e+04
5.829764308000000000e+10 6.266500000000000000e+04
5.829771690400000000e+10 1.047999999999999636e+04
5.829779655200000000e+10 8.965000000000000000e+03
5.833159495200000000e+10 2.784900000000000000e+04
5.843081373600000000e+10 2.847600000000000000e+04
5.843368490400000000e+10 1.958899999999999272e+04
5.849751941600000000e+10 1.984900000000000000e+04
5.853579106400000000e+10 1.776000000000000000e+04
5.868062520800000000e+10 2.245600000000000000e+04
5.869550460000000000e+10 1.680799999999999636e+04
5.881769178400000000e+10 2.063200000000000000e+04
5.881785000800000000e+10 1.331799999999999272e+04
5.882182248800000000e+10 1.205200000000000728e+04
5.911135464800000000e+10 2.628100000000000000e+04
5.911141504800000000e+10 4.539000000000007276e+03
5.930968229600000000e+10 2.937899999999999272e+04
5.934636444000000000e+10 2.213200000000000000e+04
5.934651706400000000e+10 1.249299999999999272e+04
5.937855244000000000e+10 1.631300000000000000e+04
5.943610896800000000e+10 1.602599999999999272e+04
5.946747612000000000e+10 1.460000000000000000e+04
5.989278260000000000e+10 3.455800000000000000e+04
5.991960861600000000e+10 2.456000000000000000e+04
6.040693552800000000e+10 4.387600000000000000e+04
6.069516229600000000e+10 5.144300000000000000e+04
6.070115669600000000e+10 3.059400000000000000e+04
6.081623581600000000e+10 3.032800000000000000e+04
6.083445221600000000e+10 2.303400000000000000e+04
6.109247173600000000e+10 3.345500000000000728e+04
6.149077832800000000e+10 4.563600000000000000e+04
6.165606826400000000e+10 3.979100000000000000e+04
6.165614058400000000e+10 1.145200000000000728e+04
6.169571536800000000e+10 2.640000000000000000e+04
6.176855196000000000e+10 2.300599999999999272e+04
6.186898500000000000e+10 2.429900000000000000e+04
6.202709687200000000e+10 2.784000000000000000e+04
6.203632831200000000e+10 2.006400000000000000e+04
6.222104263200000000e+10 2.669000000000000728e+04
6.223787831200000000e+10 2.039400000000000000e+04
6.225054479200000000e+10 1.673999999999999272e+04
6.229411911200000000e+10 1.601899999999999636e+04
6.233823677600000000e+10 1.495700000000000000e+04
6.234048532000000000e+10 1.092599999999999272e+04
6.253864191200000000e+10 2.071800000000000000e+04
6.255007450400000000e+10 1.571500000000000000e+04
6.261030952800000000e+10 1.556000000000000000e+04
6.287290250400000000e+10 2.513400000000000000e+04
6.290714714400000000e+10 2.088100000000000000e+04
6.296671917600000000e+10 2.013700000000000000e+04
6.309442476000000000e+10 2.387500000000000000e+04
6.310817860000000000e+10 1.743600000000000000e+04
6.311283277600000000e+10 1.318999999999999636e+04
6.360453698400000000e+10 3.872400000000000000e+04
6.365905621600000000e+10 3.160100000000000000e+04
6.400328383200000000e+10 4.116600000000000000e+04
6.409881983200000000e+10 3.434200000000000728e+04
6.416564994400000000e+10 2.740300000000000000e+04
6.434759288800000000e+10 3.413700000000000728e+04
6.439384920800000000e+10 2.519100000000000000e+04
6.449885821600000000e+10 2.528100000000000000e+04
6.456231876000000000e+10 2.265800000000000000e+04
6.456238938400000000e+10 5.647000000000003638e+03
6.460947780000000000e+10 1.762099999999999272e+04
6.463478098400000000e+10 1.527099999999999272e+04
6.466819682400000000e+10 1.418099999999999272e+04
6.472094741600000000e+10 1.484799999999999272e+04
6.485361840800000000e+10 1.903200000000000000e+04
6.485413690400000000e+10 1.325000000000000728e+04
6.492198370400000000e+10 1.554400000000000364e+04
6.508902888800000000e+10 2.008000000000000000e+04
6.515821077600000000e+10 2.010400000000000000e+04
6.515829980000000000e+10 7.386999999999996362e+03
6.522415479200000000e+10 1.703400000000000728e+04
6.523309156000000000e+10 1.328899999999999636e+04
6.572077479200000000e+10 3.711200000000000000e+04
6.592019885600000000e+10 3.760800000000000000e+04
6.592850546400000000e+10 2.448000000000000000e+04
6.598566688800000000e+10 2.321900000000000000e+04
6.601791690400000000e+10 2.017600000000000000e+04
6.628815807200000000e+10 3.121200000000000000e+04
6.628831242400000000e+10 1.882300000000000728e+04
6.635775464800000000e+10 2.072100000000000000e+04
6.639930154400000000e+10 1.806199999999999636e+04
6.649340671200000000e+10 1.975500000000000000e+04
6.654297831200000000e+10 1.833800000000000000e+04
6.661547071200000000e+10 1.811200000000000000e+04
6.667530733600000000e+10 1.745900000000000728e+04
6.707825431200000000e+10 3.777500000000000000e+04
6.735390384800000000e+10 4.394700000000000000e+04
6.775905130400000000e+10 4.722500000000000000e+04
6.782238346400000000e+10 3.760700000000000000e+04
6.789874135200000000e+10 3.243700000000000000e+04
6.818697154400000000e+10 3.830400000000000000e+04
6.827846463200000000e+10 3.274800000000000000e+04
6.827857780000000000e+10 1.684400000000000000e+04
6.838275162400000000e+10 2.451700000000000000e+04
6.848126740000000000e+10 2.472400000000000000e+04
6.849413864800000000e+10 1.884999999999999272e+04
6.853874362400000000e+10 1.828000000000000000e+04
6.864239448800000000e+10 1.973500000000000000e+04
6.898017348000000000e+10 3.650400000000000000e+04
6.898022360800000000e+10 1.877000000000000000e+03
6.924918469600000000e+10 3.811200000000000000e+04
6.924923525600000000e+10 3.333999999999996362e+03
6.930876608800000000e+10 2.924000000000000000e+04
6.930891130400000000e+10 1.737900000000000364e+04
6.957389260000000000e+10 3.263200000000000000e+04
6.970884775200000000e+10 3.138799999999999272e+04
6.990505421600000000e+10 3.561500000000000000e+04
6.998198034400000000e+10 2.968900000000000000e+04
6.998206090400000000e+10 1.118700000000000000e+04
7.005344226400000000e+10 2.184600000000000000e+04
7.016599744800000000e+10 2.397800000000000000e+04
7.035406423200000000e+10 2.883200000000000000e+04
7.044096919200000000e+10 2.444000000000000000e+04
7.044106349600000000e+10 1.083100000000000364e+04
7.049468364000000000e+10 1.892000000000000728e+04
7.059281255200000000e+10 2.095800000000000000e+04
7.061498756000000000e+10 1.693100000000000364e+04
7.068220088800000000e+10 1.762000000000000728e+04
7.106281508000000000e+10 3.417400000000000000e+04
7.106288508000000000e+10 9.992000000000000000e+03
7.107647208800000000e+10 2.219400000000000000e+04
7.116791988000000000e+10 2.232900000000000000e+04
7.134991218400000000e+10 2.922800000000000000e+04
7.143543464800000000e+10 2.648100000000000000e+04
7.185269599200000000e+10 4.012300000000000000e+04
7.195758277600000000e+10 3.688900000000000000e+04
7.200933247200000000e+10 2.898000000000000000e+04
7.207927420000000000e+10 2.472899999999999272e+04
7.236225653600000000e+10 3.398999999999999272e+04
7.240044023200000000e+10 2.720200000000000000e+04
7.245243373600000000e+10 2.240300000000000000e+04
7.245603007200000000e+10 1.724699999999999272e+04
7.292778348000000000e+10 4.578200000000000000e+04
7.295590719200000000e+10 2.816000000000000000e+04
7.311046157600000000e+10 3.203500000000000000e+04
7.325153293600000000e+10 3.067500000000000000e+04
7.338607796000000000e+10 2.894300000000000728e+04
7.353372327200000000e+10 3.103300000000000000e+04
7.379423997600000000e+10 3.651000000000000000e+04
7.379430556000000000e+10 1.003700000000000728e+04
7.380169221600000000e+10 2.192900000000000000e+04
7.391885932000000000e+10 2.560400000000000000e+04
7.393800938400000000e+10 1.950300000000000000e+04
7.417955562400000000e+10 2.867500000000000728e+04
7.417974629600000000e+10 2.023600000000000000e+04
7.428888300000000000e+10 2.280100000000000000e+04
7.430702282400000000e+10 1.758499999999999636e+04
7.460716916000000000e+10 3.356600000000000000e+04
7.464782535200000000e+10 2.358500000000000000e+04
7.492785647200000000e+10 3.641600000000000000e+04
7.504854650400000000e+10 3.328000000000000000e+04
7.514423383200000000e+10 2.684100000000000000e+04
7.514433088800000000e+10 1.303500000000000000e+04
7.531126693600000000e+10 2.626400000000000000e+04
7.564418618400000000e+10 3.925600000000000000e+04
7.568346682400000000e+10 2.945500000000000000e+04
7.568356541600000000e+10 7.515000000000007276e+03
7.591253180000000000e+10 3.379799999999999272e+04
7.593650410400000000e+10 2.418700000000000000e+04
7.605262231200000000e+10 2.484500000000000000e+04
7.621659316000000000e+10 2.718100000000000000e+04
7.650667525600000000e+10 3.928900000000000000e+04
7.659497168800000000e+10 2.967200000000000728e+04
7.668274263200000000e+10 2.664900000000000000e+04
7.681674548000000000e+10 2.848000000000000000e+04
7.685786552800000000e+10 2.240200000000000000e+04
7.689575493600000000e+10 2.029000000000000000e+04
7.695353397600000000e+10 1.841800000000000000e+04
7.697097384800000000e+10 1.513799999999999272e+04
7.719351832800000000e+10 2.432299999999999272e+04
7.719370434400000000e+10 1.656600000000000364e+04
7.731504490400000000e+10 2.139300000000000000e+04
7.731838300000000000e+10 1.579899999999999636e+04
7.756885429600000000e+10 2.776000000000000000e+04
7.773176543200000000e+10 2.979500000000000000e+04
7.790052989600000000e+10 3.143999999999999272e+04
7.799460944800000000e+10 2.883200000000000000e+04
7.804494933600000000e+10 2.309000000000000000e+04
7.804507186400000000e+10 1.375299999999999272e+04
7.804518295200000000e+10 6.655999999999992724e+03
7.810049959200000000e+10 1.559099999999999272e+04
7.810057802400000000e+10 4.280999999999996362e+03
7.825950560800000000e+10 2.024200000000000000e+04
7.827488751200000000e+10 1.600900000000000364e+04
7.837116802400000000e+10 1.808100000000000000e+04
7.839068343200000000e+10 1.513399999999999636e+04
7.856348474400000000e+10 2.142800000000000000e+04
7.875862204000000000e+10 2.683200000000000728e+04
7.876156031200000000e+10 1.813000000000000000e+04
7.881421375200000000e+10 1.813700000000000000e+04
7.893478130400000000e+10 2.088800000000000000e+04
7.917866348000000000e+10 3.039300000000000000e+04
7.922600378400000000e+10 2.269500000000000000e+04
7.932628293600000000e+10 2.400100000000000000e+04
7.948223690400000000e+10 2.658400000000000000e+04
7.979824250400000000e+10 3.904700000000000000e+04
7.981209053600000000e+10 2.714900000000000000e+04
8.023788216800000000e+10 4.267300000000000000e+04
8.055827626400000000e+10 4.600800000000000000e+04
8.057509994400000000e+10 3.454400000000000000e+04
8.087861186400000000e+10 4.391500000000000000e+04
8.087873013600000000e+10 2.183200000000000728e+04
8.090200960800000000e+10 2.321700000000000000e+04
8.116389824800000000e+10 3.599899999999999272e+04
8.116416349600000000e+10 2.352500000000000000e+04
8.141182282400000000e+10 3.336500000000000000e+04
8.146683962400000000e+10 2.601100000000000000e+04
8.150300919200000000e+10 2.191200000000000000e+04
8.150324549600000000e+10 1.631700000000000000e+04
8.187844957600000000e+10 3.647000000000000000e+04
8.206044687200000000e+10 3.399199999999999272e+04
8.206389244000000000e+10 2.313800000000000000e+04
8.209294364000000000e+10 2.097700000000000000e+04
8.224242184800000000e+10 2.491300000000000000e+04
8.224267029600000000e+10 1.813800000000000000e+04
8.235756010400000000e+10 2.199800000000000000e+04
8.235765992800000000e+10 9.364000000000000000e+03
8.262057992800000000e+10 2.777700000000000728e+04
8.262829452000000000e+10 2.032700000000000000e+04
8.262841732000000000e+10 1.080700000000000728e+04
8.270787528800000000e+10 1.942400000000000000e+04
8.291577887200000000e+10 2.548300000000000000e+04
8.304014594400000000e+10 2.685300000000000000e+04
8.314892220000000000e+10 2.862900000000000000e+04
8.341410407200000000e+10 3.658500000000000000e+04
8.364554703200000000e+10 3.599400000000000728e+04
8.370120045600000000e+10 2.989400000000000000e+04
8.375236999200000000e+10 2.492900000000000000e+04
8.379674090400000000e+10 2.128200000000000000e+04
8.421722250400000000e+10 4.267000000000000000e+04
8.434052095200000000e+10 3.483300000000000000e+04
8.443318898400000000e+10 3.198700000000000000e+04
8.443324952800000000e+10 5.386000000000007276e+03
8.461194736800000000e+10 3.029499999999999272e+04
8.483513568800000000e+10 3.427100000000000000e+04
8.505467692000000000e+10 3.927900000000000000e+04
8.505475333600000000e+10 1.182500000000000000e+04
8.516984816800000000e+10 2.889699999999999272e+04
8.557121360800000000e+10 4.601700000000000000e+04
8.559942407200000000e+10 2.983500000000000000e+04
8.565313111200000000e+10 2.511100000000000000e+04
8.572115944800000000e+10 2.387200000000000000e+04
8.590750372000000000e+10 2.889800000000000000e+04
8.590758392800000000e+10 9.852999999999992724e+03
8.602569896800000000e+10 2.600500000000000000e+04
8.603181943200000000e+10 1.853600000000000000e+04
8.605633786400000000e+10 1.635200000000000364e+04
8.613369602400000000e+10 1.735200000000000728e+04
8.613385047200000000e+10 1.125699999999999272e+04
8.638443082400000000e+10 2.528500000000000000e+04
8.663298877600000000e+10 3.245700000000000728e+04
8.711415160800000000e+10 4.720800000000000000e+04
8.730845498400000000e+10 4.418500000000000000e+04
8.730850221600000000e+10 2.150000000000000000e+03
8.731148320800000000e+10 2.336100000000000000e+04
8.731170516000000000e+10 1.965200000000000728e+04
8.738735983200000000e+10 2.036400000000000000e+04
8.742383519200000000e+10 1.770400000000000000e+04
8.752500871200000000e+10 2.001800000000000000e+04
8.754007045600000000e+10 1.586499999999999636e+04
8.788602485600000000e+10 3.229300000000000000e+04
8.796571186400000000e+10 2.817900000000000000e+04
8.812316314400000000e+10 2.916700000000000000e+04
8.817449196000000000e+10 2.299400000000000000e+04
8.826566768800000000e+10 2.368300000000000000e+04
8.833222172000000000e+10 2.178000000000000000e+04
8.850979890400000000e+10 2.746600000000000000e+04
8.871304664800000000e+10 3.028500000000000000e+04
8.875046767200000000e+10 2.396799999999999272e+04
8.880774221600000000e+10 2.225700000000000000e+04
8.902621540000000000e+10 2.916500000000000000e+04
8.907217440800000000e+10 2.432700000000000000e+04
8.907717991200000000e+10 1.744900000000000000e+04
8.930700970400000000e+10 2.782700000000000000e+04
8.930725736800000000e+10 1.946200000000000728e+04
8.930732250400000000e+10 2.046000000000000000e+03
8.930845472800000000e+10 1.307099999999999272e+04
8.945927640800000000e+10 2.048600000000000000e+04
