# Timestamps in ns,Energies
4.922813680000000000e+08 7.909200000000000000e+04
5.192046320000000000e+08 4.044200000000000000e+04
7.490620560000000000e+08 4.471200000000000000e+04
1.701716456000000000e+09 7.990000000000000000e+04
3.717746088000000000e+09 9.669100000000000000e+04
4.037668376000000000e+09 7.075700000000000000e+04
6.278229816000000000e+09 1.036960000000000000e+05
6.623466840000000000e+09 6.734600000000000000e+04
6.623556536000000000e+09 2.733000000000000000e+04
7.380315320000000000e+09 7.158600000000000000e+04
7.380358936000000000e+09 1.039000000000007276e+03
7.397610840000000000e+09 3.825400000000000000e+04
7.867999992000000000e+09 5.816000000000000000e+04
7.875699800000000000e+09 3.387600000000000000e+04
8.542247272000000000e+09 6.351400000000000000e+04
8.975487016000000000e+09 6.259900000000000000e+04
9.541150456000000000e+09 6.461600000000000000e+04
9.734340008000000000e+09 5.710300000000000000e+04
9.734417128000000000e+09 1.642600000000000364e+04
9.901980360000000000e+09 3.707700000000000000e+04
1.006188116000000000e+10 3.751100000000000000e+04
1.094394968800000000e+10 7.138200000000000000e+04
1.157342482400000000e+10 7.639400000000000000e+04
1.203055868000000000e+10 6.281500000000000000e+04
1.247589642400000000e+10 6.390400000000000000e+04
1.247598348000000000e+10 2.542100000000000000e+04
1.327548218400000000e+10 6.728000000000000000e+04
1.397022732000000000e+10 7.181800000000000000e+04
1.471866160800000000e+10 7.742900000000000000e+04
1.580159623200000000e+10 8.202000000000000000e+04
1.589523901600000000e+10 5.599900000000000000e+04
1.662835668000000000e+10 6.891200000000000000e+04
1.702048610400000000e+10 6.554300000000000000e+04
1.702556700000000000e+10 3.730900000000000000e+04
1.744817804000000000e+10 5.050700000000000000e+04
1.915861570400000000e+10 9.066700000000000000e+04
2.023589548000000000e+10 9.648800000000000000e+04
2.031912093600000000e+10 5.472200000000000000e+04
2.096683664800000000e+10 7.083500000000000000e+04
2.136613384800000000e+10 5.962000000000000000e+04
2.180401344800000000e+10 6.779400000000000000e+04
2.244410815200000000e+10 7.733800000000000000e+04
2.317397317600000000e+10 7.878600000000000000e+04
2.317410933600000000e+10 3.826600000000000000e+04
2.398784391200000000e+10 7.711299999999998545e+04
2.398790180000000000e+10 1.425200000000000000e+04
2.432149978400000000e+10 5.229800000000000000e+04
2.439815119200000000e+10 4.594700000000000000e+04
2.439821277600000000e+10 8.293999999999992724e+03
2.487131447200000000e+10 4.889200000000000000e+04
2.511195711200000000e+10 5.127600000000000000e+04
2.511202282400000000e+10 1.310700000000000728e+04
2.589611784800000000e+10 6.920200000000000000e+04
2.598267735200000000e+10 4.359100000000000000e+04
2.637681757600000000e+10 5.545800000000000000e+04
2.642973984800000000e+10 3.741600000000000000e+04
2.690633298400000000e+10 5.565700000000000000e+04
2.760011272800000000e+10 7.101900000000000000e+04
2.879269005600000000e+10 8.735200000000000000e+04
2.937617876000000000e+10 8.458399999999997090e+04
2.953266639200000000e+10 5.363300000000000000e+04
3.063190184800000000e+10 9.533300000000000000e+04
3.110418522400000000e+10 7.545100000000001455e+04
3.210684946400000000e+10 7.906800000000000000e+04
3.240959871200000000e+10 6.621900000000000000e+04
3.270731615200000000e+10 5.602100000000000000e+04
3.294059738400000000e+10 4.983300000000000000e+04
3.294066568800000000e+10 1.582000000000000000e+04
3.380620119200000000e+10 6.986100000000000000e+04
3.411334112800000000e+10 6.008200000000000000e+04
3.475254469600000000e+10 7.259400000000000000e+04
3.593887804000000000e+10 9.197700000000000000e+04
3.708171829600000000e+10 8.560500000000000000e+04
3.735497927200000000e+10 6.508900000000000000e+04
3.735506268000000000e+10 2.077500000000000000e+04
3.742515613600000000e+10 3.671800000000000000e+04
3.791580240800000000e+10 5.136800000000000000e+04
3.896625645600000000e+10 9.522400000000000000e+04
3.941288844000000000e+10 6.295200000000000000e+04
3.957182260000000000e+10 4.767400000000000000e+04
3.971984629600000000e+10 4.280500000000000000e+04
3.988771946400000000e+10 3.702100000000000000e+04
4.072197175200000000e+10 6.885800000000000000e+04
4.101148850400000000e+10 5.454800000000000000e+04
4.255451140000000000e+10 8.704800000000000000e+04
4.260366904800000000e+10 4.968300000000000000e+04
4.353981872800000000e+10 7.776200000000000000e+04
4.353986199200000000e+10 2.574000000000003638e+03
4.411930709600000000e+10 6.984300000000000000e+04
4.460378012000000000e+10 6.520800000000000000e+04
4.460756370400000000e+10 3.582200000000000000e+04
4.495925472800000000e+10 4.993000000000000000e+04
4.618792472800000000e+10 1.015460000000000000e+05
4.619553114400000000e+10 4.675100000000000000e+04
4.659621330400000000e+10 5.721100000000000000e+04
4.712844887200000000e+10 6.492000000000000000e+04
4.722771191200000000e+10 4.654300000000000000e+04
4.722816162400000000e+10 3.045400000000000000e+04
4.918617512800000000e+10 1.037780000000000000e+05
4.959370316000000000e+10 7.406599999999998545e+04
4.959370885600000000e+10 5.716000000000003638e+03
4.980867892000000000e+10 5.133900000000000000e+04
5.074470975200000000e+10 7.456000000000000000e+04
5.074476368800000000e+10 1.298100000000000364e+04
5.150041453600000000e+10 7.477700000000000000e+04
5.150047263200000000e+10 1.450599999999999636e+04
5.245718351200000000e+10 8.712699999999998545e+04
5.245724903200000000e+10 2.014600000000000728e+04
5.276206820000000000e+10 5.302500000000000000e+04
5.276212074400000000e+10 7.762999999999996362e+03
5.293298549600000000e+10 4.553000000000000000e+04
5.324408631200000000e+10 4.972700000000000000e+04
5.331949541600000000e+10 3.657200000000000000e+04
5.340879882400000000e+10 3.174899999999999272e+04
5.389684562400000000e+10 4.912900000000000000e+04
5.454472213600000000e+10 7.502599999999998545e+04
5.472525677600000000e+10 5.033600000000000000e+04
5.600744039200000000e+10 8.977600000000000000e+04
5.600754954400000000e+10 1.764099999999999636e+04
5.606019362400000000e+10 4.043400000000000000e+04
5.606025056800000000e+10 7.831000000000000000e+03
5.664571712800000000e+10 6.176600000000000000e+04
5.665010578400000000e+10 3.337700000000000000e+04
5.778548391200000000e+10 9.161600000000000000e+04
5.901915754400000000e+10 8.783200000000000000e+04
5.927926048800000000e+10 7.351400000000000000e+04
5.949174424800000000e+10 5.187800000000000000e+04
5.997613541600000000e+10 5.590400000000000000e+04
6.061285384800000000e+10 7.125600000000000000e+04
6.166386733600000000e+10 8.992100000000000000e+04
6.166396951200000000e+10 3.198200000000000000e+04
6.223048002400000000e+10 6.679200000000000000e+04
6.223055279200000000e+10 1.950800000000000728e+04
6.227262327200000000e+10 3.313500000000000000e+04
6.243226056800000000e+10 3.475100000000000000e+04
6.315592677600000000e+10 7.257600000000000000e+04
6.315597701600000000e+10 7.911000000000003638e+03
6.337562458400000000e+10 5.461900000000000000e+04
6.362665359200000000e+10 4.670600000000000000e+04
6.414503762400000000e+10 6.581800000000000000e+04
6.415235188000000000e+10 4.050900000000000000e+04
6.417675140000000000e+10 2.579700000000000000e+04
6.417680551200000000e+10 1.778999999999992724e+03
6.447371317600000000e+10 3.859900000000000000e+04
6.469574383200000000e+10 4.168900000000000000e+04
6.478578564000000000e+10 3.248099999999999272e+04
6.491329428000000000e+10 3.289700000000000000e+04
6.499424621600000000e+10 2.638100000000000000e+04
6.515675493600000000e+10 3.006800000000000728e+04
6.553237992800000000e+10 4.350500000000000000e+04
6.555177693600000000e+10 3.184000000000000728e+04
6.612817181600000000e+10 5.387700000000000000e+04
6.646696511200000000e+10 5.776800000000000000e+04
6.650780946400000000e+10 3.710500000000000000e+04
6.650797335200000000e+10 1.892000000000000000e+04
6.654996556000000000e+10 2.289600000000000000e+04
6.672393306400000000e+10 2.832000000000000000e+04
6.672709303200000000e+10 2.110500000000000728e+04
6.683283082400000000e+10 2.256000000000000000e+04
6.696201117600000000e+10 2.424000000000000000e+04
6.698011319200000000e+10 1.895300000000000000e+04
6.804456522400000000e+10 6.925800000000000000e+04
6.804461453600000000e+10 7.376000000000000000e+03
6.951891440800000000e+10 9.760000000000000000e+04
6.961205794400000000e+10 6.242400000000000000e+04
6.990061405600000000e+10 5.333700000000000000e+04
7.033956727200000000e+10 5.803400000000000000e+04
7.037589344800000000e+10 3.880300000000000000e+04
7.085669586400000000e+10 5.324800000000000000e+04
7.105125972000000000e+10 4.288800000000000000e+04
7.178839780000000000e+10 6.939500000000000000e+04
7.368538320800000000e+10 1.115160000000000000e+05
7.510842658400000000e+10 8.922400000000000000e+04
7.525029557600000000e+10 5.634700000000000000e+04
7.690798207200000000e+10 1.019920000000000000e+05
7.694231602400000000e+10 5.180900000000000000e+04
7.694245082400000000e+10 1.618599999999999272e+04
7.713734632800000000e+10 3.765900000000000000e+04
7.757060957600000000e+10 5.362500000000000000e+04
7.780344879200000000e+10 4.839600000000000000e+04
7.782944189600000000e+10 3.291900000000000000e+04
7.840536109600000000e+10 5.988800000000000000e+04
7.888857760800000000e+10 6.000300000000000000e+04
7.917071143200000000e+10 5.782600000000000000e+04
7.917076026400000000e+10 4.246999999999996362e+03
7.942069362400000000e+10 4.817100000000000000e+04
7.966531378400000000e+10 4.874900000000000000e+04
7.972649362400000000e+10 3.599100000000000000e+04
8.006298423200000000e+10 4.271400000000000000e+04
8.029140452000000000e+10 4.788700000000000000e+04
8.035650496800000000e+10 3.196600000000000000e+04
8.047827711200000000e+10 3.304400000000000000e+04
8.079415354400000000e+10 3.952900000000000000e+04
8.093916850400000000e+10 3.636800000000000728e+04
8.141546765600000000e+10 4.992200000000000000e+04
8.141553456800000000e+10 1.359799999999999636e+04
8.169670484000000000e+10 4.515000000000000000e+04
8.180019444000000000e+10 4.132500000000000000e+04
8.233597165600000000e+10 5.328400000000000000e+04
8.233602266400000000e+10 7.239000000000000000e+03
8.290248903200000000e+10 5.920900000000000000e+04
8.331288709600000000e+10 6.631300000000000000e+04
8.331299674400000000e+10 2.425900000000000000e+04
8.368870885600000000e+10 5.069100000000000000e+04
8.379486584800000000e+10 3.939400000000000000e+04
8.399699741600000000e+10 4.074900000000000000e+04
8.399705434400000000e+10 6.630000000000000000e+03
8.432734623200000000e+10 4.702800000000000000e+04
8.646213743200000000e+10 9.851500000000000000e+04
8.790033064800000000e+10 9.024200000000000000e+04
8.790043055200000000e+10 3.427600000000000000e+04
8.815869026400000000e+10 5.657600000000000000e+04
8.832466479200000000e+10 4.667200000000000000e+04
8.903635805600000000e+10 6.622600000000000000e+04
8.953120100000000000e+10 6.494700000000000000e+04
