# Timestamps in ns,Energies
1.209161224000000000e+09 7.802400000000000000e+04
1.209210328000000000e+09 9.561999999999992724e+03
1.242653352000000000e+09 3.924600000000000000e+04
1.619455816000000000e+09 5.329500000000000000e+04
1.927835240000000000e+09 4.686700000000000000e+04
2.567290008000000000e+09 5.968000000000000000e+04
3.450679448000000000e+09 6.864100000000000000e+04
3.450734792000000000e+09 1.405399999999999636e+04
4.772984280000000000e+09 7.584300000000000000e+04
4.865491912000000000e+09 5.306500000000000000e+04
5.146061432000000000e+09 5.032100000000000000e+04
6.517471448000000000e+09 9.166600000000000000e+04
6.768231480000000000e+09 5.735300000000000000e+04
7.864524456000000000e+09 7.520000000000000000e+04
7.864581864000000000e+09 1.481499999999999272e+04
8.615063896000000000e+09 6.510500000000000000e+04
8.629230264000000000e+09 4.464100000000000000e+04
8.815481496000000000e+09 4.025600000000000000e+04
9.414758600000000000e+09 6.387600000000000000e+04
9.440940728000000000e+09 3.806800000000000000e+04
9.624274136000000000e+09 3.645000000000000000e+04
9.985528392000000000e+09 4.740900000000000000e+04
1.061555952800000000e+10 6.036800000000000000e+04
1.085336213600000000e+10 5.211200000000000000e+04
1.094698466400000000e+10 4.335000000000000000e+04
1.164620626400000000e+10 6.344100000000000000e+04
1.223406240800000000e+10 7.224100000000000000e+04
1.258741356000000000e+10 5.470000000000000000e+04
1.270101336800000000e+10 4.039500000000000000e+04
1.339717120800000000e+10 5.966600000000000000e+04
1.339722229600000000e+10 8.870000000000007276e+03
1.632297104800000000e+10 8.804800000000000000e+04
1.632315663200000000e+10 4.549100000000000000e+04
1.638884220000000000e+10 4.195600000000000000e+04
1.648319672800000000e+10 3.423000000000000000e+04
1.669670628000000000e+10 3.761800000000000000e+04
1.728553620000000000e+10 6.346500000000000000e+04
1.737669060000000000e+10 4.014400000000000000e+04
1.781092989600000000e+10 5.223200000000000000e+04
1.853637826400000000e+10 6.942800000000000000e+04
1.894372596000000000e+10 6.240500000000000000e+04
1.894378957600000000e+10 1.384899999999999272e+04
2.035019890400000000e+10 7.454400000000000000e+04
2.035024504800000000e+10 7.825999999999992724e+03
2.300324983200000000e+10 9.752200000000000000e+04
2.300337167200000000e+10 4.444500000000000000e+04
2.343894754400000000e+10 5.937600000000000000e+04
2.354807407200000000e+10 4.247400000000000000e+04
2.431113600800000000e+10 6.544000000000000000e+04
2.436912420000000000e+10 5.053400000000000000e+04
2.626384133600000000e+10 8.892900000000000000e+04
2.639543970400000000e+10 5.455200000000000000e+04
2.703996151200000000e+10 6.437600000000000000e+04
2.792924680800000000e+10 6.944200000000000000e+04
2.792925242400000000e+10 5.824999999999992724e+03
2.892273376800000000e+10 7.511200000000000000e+04
2.908622324000000000e+10 5.646300000000000000e+04
2.908628279200000000e+10 1.106700000000000728e+04
2.941278770400000000e+10 5.593800000000000000e+04
2.981693164000000000e+10 6.083300000000000000e+04
2.988297776800000000e+10 3.901500000000000000e+04
3.006537026400000000e+10 3.610700000000000000e+04
3.006543410400000000e+10 8.763000000000007276e+03
3.154894338400000000e+10 7.262500000000000000e+04
3.154899370400000000e+10 1.075999999999999272e+04
3.154912432800000000e+10 2.454900000000000000e+04
3.176796836000000000e+10 4.526200000000000000e+04
3.213191994400000000e+10 4.815600000000000000e+04
3.221181812000000000e+10 3.704000000000000000e+04
3.221187196000000000e+10 5.195000000000003638e+03
3.295398570400000000e+10 5.844900000000000000e+04
3.299358402400000000e+10 3.775500000000000000e+04
3.312223656800000000e+10 3.736700000000000000e+04
3.321913959200000000e+10 3.100600000000000000e+04
3.388212930400000000e+10 5.257900000000000000e+04
3.391269128800000000e+10 3.602600000000000728e+04
3.400316812000000000e+10 3.252400000000000000e+04
3.403239632800000000e+10 2.650300000000000000e+04
3.416003650400000000e+10 2.733900000000000000e+04
3.423672332000000000e+10 2.490100000000000728e+04
3.454892576800000000e+10 3.339200000000000000e+04
3.529334548000000000e+10 5.980900000000000000e+04
3.573476514400000000e+10 5.393100000000000000e+04
3.681648621600000000e+10 8.422500000000000000e+04
3.851031247200000000e+10 8.848000000000000000e+04
3.922050746400000000e+10 7.187400000000000000e+04
3.946368572000000000e+10 6.241600000000000000e+04
3.955753658400000000e+10 4.661500000000000000e+04
4.126749484000000000e+10 7.984500000000000000e+04
4.126754055200000000e+10 7.910000000000000000e+03
4.170191076000000000e+10 7.216000000000000000e+04
4.170196354400000000e+10 9.418000000000003638e+03
4.183489584800000000e+10 4.561800000000000000e+04
4.220641895200000000e+10 4.822400000000000000e+04
4.268175743200000000e+10 5.697600000000000000e+04
4.330216164000000000e+10 6.384900000000000000e+04
4.346596991200000000e+10 4.766800000000000000e+04
4.395581056800000000e+10 5.375800000000000000e+04
4.494261679200000000e+10 7.216900000000000000e+04
4.494266031200000000e+10 3.023999999999992724e+03
4.531919356000000000e+10 5.703400000000000000e+04
4.635733314400000000e+10 7.581300000000000000e+04
4.698604386400000000e+10 6.764000000000000000e+04
4.731708936800000000e+10 6.821000000000000000e+04
4.802418359200000000e+10 6.377000000000000000e+04
4.802936156000000000e+10 4.448100000000000000e+04
4.802945544800000000e+10 1.665400000000000364e+04
4.806753858400000000e+10 2.700600000000000000e+04
4.958762749600000000e+10 7.781800000000000000e+04
4.992566391200000000e+10 5.938100000000000000e+04
4.992922933600000000e+10 3.801700000000000000e+04
4.992931981600000000e+10 1.532599999999999272e+04
5.002528952800000000e+10 3.044900000000000000e+04
5.107506192800000000e+10 6.509000000000000000e+04
5.210292096800000000e+10 7.720100000000000000e+04
5.325512084000000000e+10 8.477000000000000000e+04
5.489404992800000000e+10 9.967200000000000000e+04
5.588524338400000000e+10 7.517000000000000000e+04
5.631482290400000000e+10 6.879300000000000000e+04
5.652783183200000000e+10 4.976000000000000000e+04
5.686206855200000000e+10 4.978600000000000000e+04
5.714656967200000000e+10 5.167600000000000000e+04
5.754565583200000000e+10 5.136400000000000000e+04
5.788494332000000000e+10 4.910700000000000000e+04
5.799053120800000000e+10 4.014100000000000000e+04
5.922635860000000000e+10 8.240900000000000000e+04
5.949834224800000000e+10 6.458900000000000000e+04
6.077813301600000000e+10 7.990400000000000000e+04
6.079772247200000000e+10 5.074500000000000000e+04
6.079782167200000000e+10 3.000000000000003638e+03
6.079782591200000000e+10 3.681000000000000000e+03
6.088889298400000000e+10 3.428000000000000000e+04
6.119652682400000000e+10 3.938200000000000000e+04
6.132504503200000000e+10 3.517299999999999272e+04
6.132512277600000000e+10 1.370400000000000728e+04
6.132519044000000000e+10 2.462999999999996362e+03
6.232067800800000000e+10 6.432400000000000000e+04
6.392687314400000000e+10 8.464100000000000000e+04
6.395379472800000000e+10 5.546300000000000000e+04
6.395383988000000000e+10 1.451000000000003638e+03
6.477165045600000000e+10 6.300100000000000000e+04
6.551664877600000000e+10 7.166400000000000000e+04
6.635792903200000000e+10 7.787600000000000000e+04
6.665715836000000000e+10 6.357600000000000000e+04
6.714853727200000000e+10 6.443500000000000000e+04
6.714867559200000000e+10 1.557000000000000728e+04
6.721344260000000000e+10 3.545799999999999272e+04
6.749639997600000000e+10 3.747100000000000000e+04
6.829002272800000000e+10 6.372900000000000000e+04
6.832610429600000000e+10 4.366400000000000000e+04
6.870724170400000000e+10 4.598300000000000000e+04
6.885390439200000000e+10 4.168700000000000000e+04
6.939752991200000000e+10 5.252900000000000000e+04
6.939761269600000000e+10 2.017400000000000000e+04
6.939768048800000000e+10 6.498999999999996362e+03
6.977991293600000000e+10 4.490300000000000000e+04
6.977998964000000000e+10 1.469900000000000000e+04
6.996251175200000000e+10 3.553900000000000000e+04
7.107726234400000000e+10 7.102200000000000000e+04
7.126302872800000000e+10 5.748200000000000000e+04
7.126314900000000000e+10 2.571100000000000000e+04
7.210578360800000000e+10 7.546800000000000000e+04
7.210588629600000000e+10 2.055300000000000728e+04
7.216991148000000000e+10 3.518300000000000000e+04
7.233040485600000000e+10 3.740600000000000000e+04
7.233209199200000000e+10 2.508400000000000000e+04
7.233218384800000000e+10 1.132800000000000728e+04
7.255673752800000000e+10 3.010100000000000000e+04
7.307516524000000000e+10 4.936700000000000000e+04
7.368453013600000000e+10 6.270500000000000000e+04
7.405469668000000000e+10 6.486500000000000000e+04
7.585779677600000000e+10 8.252100000000002910e+04
7.585786551200000000e+10 2.531500000000000000e+04
7.660350461600000000e+10 6.727600000000000000e+04
7.662425791200000000e+10 4.541200000000000000e+04
7.662437488800000000e+10 2.171500000000000728e+04
7.667142389600000000e+10 2.955600000000000000e+04
7.764434197600000000e+10 6.072900000000000000e+04
7.807501055200000000e+10 5.960900000000000000e+04
7.843406920800000000e+10 6.299600000000000000e+04
7.863294541600000000e+10 4.276300000000000000e+04
7.907497935200000000e+10 4.995400000000000000e+04
7.929982944800000000e+10 4.654400000000000000e+04
7.929991690400000000e+10 2.130199999999999272e+04
7.959292407200000000e+10 3.985700000000000000e+04
7.960675346400000000e+10 2.768400000000000728e+04
8.004445076000000000e+10 4.448000000000000000e+04
8.004450740000000000e+10 8.842000000000007276e+03
8.050163839200000000e+10 5.109400000000000000e+04
8.050397410400000000e+10 3.223100000000000728e+04
8.066337568800000000e+10 3.416000000000000000e+04
8.081421498400000000e+10 3.524800000000000000e+04
8.081429077600000000e+10 1.034699999999999636e+04
8.176383684000000000e+10 6.208300000000000000e+04
8.200895020000000000e+10 4.870500000000000000e+04
8.213764327200000000e+10 4.320800000000000000e+04
8.261785528800000000e+10 4.992300000000000000e+04
8.261790016800000000e+10 1.796999999999996362e+03
8.276656760800000000e+10 4.242500000000000000e+04
8.287187292000000000e+10 3.378499999999999272e+04
8.478553788000000000e+10 8.742200000000000000e+04
8.478558861600000000e+10 1.139999999999999272e+04
8.512636751200000000e+10 5.937700000000000000e+04
8.557871792800000000e+10 5.609800000000000000e+04
8.557876397600000000e+10 4.175000000000007276e+03
8.572227472800000000e+10 4.291200000000000000e+04
8.627253290400000000e+10 6.488000000000000000e+04
8.647366320800000000e+10 5.054900000000000000e+04
8.709960527200000000e+10 6.163900000000000000e+04
8.765850780000000000e+10 6.619400000000000000e+04
8.839958088800000000e+10 6.735300000000000000e+04
8.861623850400000000e+10 4.984200000000000000e+04
8.869543943200000000e+10 3.906400000000000000e+04
8.869553477600000000e+10 8.699000000000000000e+03
8.897549615200000000e+10 4.013800000000000000e+04
8.957162914400000000e+10 5.522800000000000000e+04
8.957182319200000000e+10 3.907200000000000000e+04
8.958787482400000000e+10 2.785900000000000000e+04
