# Timestamps in ns,Energies
9.397308560000000000e+08 1.024759999999999854e+05
1.309215080000000000e+09 6.912000000000000000e+04
1.309284408000000000e+09 1.939700000000000728e+04
1.649856744000000000e+09 5.577700000000000000e+04
1.649939992000000000e+09 1.940000000000000000e+04
1.792461000000000000e+09 4.160700000000000000e+04
2.647130056000000000e+09 6.915300000000000000e+04
3.274341432000000000e+09 7.351200000000000000e+04
4.232218760000000000e+09 8.460800000000000000e+04
5.752512280000000000e+09 9.231400000000000000e+04
6.974619080000000000e+09 8.957600000000000000e+04
6.977539592000000000e+09 5.472800000000000000e+04
7.744820008000000000e+09 8.164400000000001455e+04
8.146667384000000000e+09 6.273000000000000000e+04
8.146717512000000000e+09 7.280000000000000000e+03
8.146818664000000000e+09 1.562099999999999636e+04
9.954879704000000000e+09 9.192100000000000000e+04
1.336465357600000000e+10 1.063610000000000000e+05
1.336469604000000000e+10 3.618999999999996362e+03
1.382053245600000000e+10 7.512100000000000000e+04
1.398171698400000000e+10 5.159300000000000000e+04
1.560707586400000000e+10 9.754600000000000000e+04
1.562105690400000000e+10 4.720200000000000000e+04
1.617528392800000000e+10 7.288000000000000000e+04
1.646733024800000000e+10 5.747500000000000000e+04
1.782842092000000000e+10 8.775900000000000000e+04
1.794461887200000000e+10 6.108100000000000000e+04
1.797690173600000000e+10 3.840500000000000000e+04
1.797696464800000000e+10 7.793999999999992724e+03
1.976251452000000000e+10 9.471200000000000000e+04
2.059199728800000000e+10 9.704000000000000000e+04
2.127734855200000000e+10 9.229600000000000000e+04
2.127735450400000000e+10 5.168999999999996362e+03
2.214030573600000000e+10 8.569100000000000000e+04
2.259460972000000000e+10 6.802500000000000000e+04
2.337901650400000000e+10 8.750999999999998545e+04
2.364795570400000000e+10 5.967200000000000000e+04
2.657466192800000000e+10 1.171689999999999709e+05
2.661819796000000000e+10 5.318200000000000000e+04
2.823117328800000000e+10 9.105700000000000000e+04
2.855797922400000000e+10 6.560900000000000000e+04
2.866572168800000000e+10 4.559400000000000000e+04
2.866577792800000000e+10 8.089000000000003638e+03
2.981190621600000000e+10 8.184000000000000000e+04
3.004122079200000000e+10 5.808000000000000000e+04
3.106490714400000000e+10 8.477100000000000000e+04
3.171539149600000000e+10 7.848300000000000000e+04
3.171551096800000000e+10 1.698900000000000000e+04
3.251611786400000000e+10 7.153600000000000000e+04
3.251627693600000000e+10 3.832200000000000000e+04
3.441652244000000000e+10 9.771400000000000000e+04
3.502966152800000000e+10 8.152000000000000000e+04
3.502970962400000000e+10 6.954000000000007276e+03
3.564999228000000000e+10 7.785399999999998545e+04
3.796280596000000000e+10 9.952800000000000000e+04
3.802469338400000000e+10 5.370300000000000000e+04
3.820302359200000000e+10 5.396500000000000000e+04
3.880316519200000000e+10 6.500400000000000000e+04
4.006780501600000000e+10 8.576100000000000000e+04
4.064419538400000000e+10 8.660900000000001455e+04
4.142624615200000000e+10 7.921700000000000000e+04
4.193637256800000000e+10 6.879200000000000000e+04
4.193650924000000000e+10 3.658700000000000000e+04
4.317856400800000000e+10 8.459300000000000000e+04
4.322906925600000000e+10 6.103600000000000000e+04
4.358962344800000000e+10 5.146500000000000000e+04
4.413185754400000000e+10 6.501000000000000000e+04
4.413199344800000000e+10 2.324200000000000000e+04
4.415026988000000000e+10 2.862900000000000728e+04
4.424674423200000000e+10 2.832800000000000000e+04
4.453389447200000000e+10 3.811800000000000000e+04
4.551829348000000000e+10 7.900000000000000000e+04
4.647466591200000000e+10 8.448000000000000000e+04
4.647474452000000000e+10 3.143700000000000728e+04
4.647486879200000000e+10 1.805899999999999636e+04
4.697706605600000000e+10 5.691200000000000000e+04
4.861767093600000000e+10 9.136100000000000000e+04
4.861782223200000000e+10 2.016200000000000000e+04
4.882710588000000000e+10 5.037000000000000000e+04
4.901975887200000000e+10 4.676400000000000000e+04
4.953190568800000000e+10 5.716100000000000000e+04
4.968207296800000000e+10 4.500000000000000000e+04
4.987702242400000000e+10 4.762500000000000000e+04
4.988089322400000000e+10 2.927999999999999272e+04
5.000652604000000000e+10 2.901900000000000000e+04
5.118986236000000000e+10 8.282900000000000000e+04
5.118997045600000000e+10 3.567000000000000000e+04
5.121734690400000000e+10 3.359000000000000000e+04
5.123749992800000000e+10 2.680900000000000000e+04
5.272508189600000000e+10 8.577900000000000000e+04
5.406118746400000000e+10 9.267300000000000000e+04
5.460114450400000000e+10 8.600100000000002910e+04
5.473587640800000000e+10 6.114300000000000000e+04
5.485794914400000000e+10 4.097600000000000000e+04
5.485801968800000000e+10 1.106799999999999272e+04
5.723686074400000000e+10 9.729000000000000000e+04
5.723691080800000000e+10 1.236200000000000364e+04
5.741275796000000000e+10 5.851400000000000000e+04
5.805582229600000000e+10 6.870500000000000000e+04
5.917960845600000000e+10 9.045700000000000000e+04
5.920466280800000000e+10 4.912100000000000000e+04
6.062731989600000000e+10 8.921700000000000000e+04
6.105522655200000000e+10 7.312000000000000000e+04
6.159301420000000000e+10 6.537800000000000000e+04
6.159308258400000000e+10 1.743699999999999272e+04
6.355010018400000000e+10 1.090330000000000000e+05
6.468072826400000000e+10 8.922700000000000000e+04
6.468084752800000000e+10 2.061900000000000000e+04
6.468095028000000000e+10 8.475000000000007276e+03
6.596628623200000000e+10 9.218600000000000000e+04
6.596632928800000000e+10 2.951999999999996362e+03
6.785247546400000000e+10 9.672000000000000000e+04
6.785255981600000000e+10 3.160600000000000728e+04
6.836059117600000000e+10 6.469700000000000000e+04
6.894036264800000000e+10 6.744800000000000000e+04
6.932250333600000000e+10 6.036100000000000000e+04
6.932256834400000000e+10 1.568900000000000000e+04
7.022076072800000000e+10 7.313600000000000000e+04
7.119528506400000000e+10 8.322200000000000000e+04
7.288311495200000000e+10 1.140490000000000146e+05
7.425138200800000000e+10 9.954600000000000000e+04
7.444485348000000000e+10 5.899500000000000000e+04
7.479043413600000000e+10 5.969900000000000000e+04
7.526226296800000000e+10 6.020800000000000000e+04
7.551084516000000000e+10 5.285600000000000000e+04
7.633798421600000000e+10 7.461800000000000000e+04
7.646100076000000000e+10 5.850100000000000000e+04
7.669752229600000000e+10 4.629300000000000000e+04
7.689528432800000000e+10 5.640200000000000000e+04
7.725528837600000000e+10 4.773900000000000000e+04
7.726787748000000000e+10 3.415500000000000000e+04
7.761192845600000000e+10 4.729900000000000000e+04
7.761206010400000000e+10 1.252300000000000364e+04
7.946046888800000000e+10 9.081600000000000000e+04
7.946055948000000000e+10 2.731900000000000000e+04
7.946063429600000000e+10 9.009999999999927240e+02
8.030341690400000000e+10 7.464100000000000000e+04
8.106035884000000000e+10 7.994600000000000000e+04
8.127744421600000000e+10 5.620800000000000000e+04
8.127751439200000000e+10 1.552799999999999272e+04
8.181786216800000000e+10 6.433000000000000000e+04
8.187439236000000000e+10 4.111100000000000000e+04
8.187445551200000000e+10 8.986000000000000000e+03
8.274832191200000000e+10 6.802000000000000000e+04
8.290478988000000000e+10 4.975400000000000000e+04
8.312672628000000000e+10 5.237200000000000000e+04
8.316613204000000000e+10 3.425900000000000728e+04
8.392468906400000000e+10 6.784100000000000000e+04
8.392475730400000000e+10 1.614400000000000364e+04
8.397043591200000000e+10 3.634200000000000000e+04
8.480252362400000000e+10 6.664100000000000000e+04
8.481265114400000000e+10 3.680600000000000000e+04
8.489448319200000000e+10 3.712100000000000000e+04
8.506608605600000000e+10 3.588699999999999272e+04
8.538943728800000000e+10 4.233200000000000000e+04
8.544632333600000000e+10 3.223900000000000000e+04
8.544641708000000000e+10 1.594199999999999636e+04
8.617914428000000000e+10 5.824900000000000000e+04
8.764406085600000000e+10 9.280900000000000000e+04
8.764412695200000000e+10 2.064500000000000000e+04
8.764418599200000000e+10 5.258000000000007276e+03
8.764419053600000000e+10 4.197999999999996362e+03
8.831278248800000000e+10 6.707600000000000000e+04
8.834247906400000000e+10 4.332600000000000000e+04
8.852857076000000000e+10 4.497400000000000000e+04
8.874208447200000000e+10 4.187800000000000000e+04
8.884852482400000000e+10 3.444400000000000728e+04
8.894046562400000000e+10 3.145299999999999272e+04
8.908980762400000000e+10 3.122900000000000000e+04
8.980256797600000000e+10 6.270000000000000000e+04
8.992549610400000000e+10 4.322500000000000000e+04
