# Timestamps in ns,Energies
1.180778456000000000e+09 8.578700000000000000e+04
1.345635064000000000e+09 6.219700000000000000e+04
1.345761672000000000e+09 3.325200000000000728e+04
1.796874024000000000e+09 5.197300000000000000e+04
2.425611992000000000e+09 6.628100000000000000e+04
2.425657736000000000e+09 4.386999999999992724e+03
2.425772936000000000e+09 1.888599999999999272e+04
2.581158328000000000e+09 3.808700000000000000e+04
2.581264616000000000e+09 1.751299999999999636e+04
2.787815000000000000e+09 3.309800000000000728e+04
2.787927160000000000e+09 1.628200000000000000e+04
4.095727480000000000e+09 8.159400000000000000e+04
4.095772632000000000e+09 5.158999999999996362e+03
4.125030728000000000e+09 4.404200000000000000e+04
4.391227128000000000e+09 5.119200000000000000e+04
4.728070824000000000e+09 5.091800000000000000e+04
5.800797224000000000e+09 8.205300000000000000e+04
5.977461256000000000e+09 5.688900000000000000e+04
6.650080024000000000e+09 6.806300000000000000e+04
8.119288872000000000e+09 9.069100000000000000e+04
8.119331976000000000e+09 3.533000000000000000e+03
8.724084696000000000e+09 8.074400000000000000e+04
9.203813448000000000e+09 7.781400000000000000e+04
9.596130808000000000e+09 5.910000000000000000e+04
9.596182200000000000e+09 7.073000000000007276e+03
9.814236984000000000e+09 4.857800000000000000e+04
9.836527656000000000e+09 3.175100000000000000e+04
1.009141263200000000e+10 3.748100000000000000e+04
1.041978687200000000e+10 4.514800000000000000e+04
1.051712872800000000e+10 3.577400000000000000e+04
1.093214775200000000e+10 5.366300000000000000e+04
1.093224517600000000e+10 2.025100000000000000e+04
1.095328748000000000e+10 2.722900000000000000e+04
1.122069666400000000e+10 3.571900000000000000e+04
1.127176092000000000e+10 2.855800000000000000e+04
1.131017325600000000e+10 2.300800000000000000e+04
1.135748802400000000e+10 2.057900000000000000e+04
1.202898728800000000e+10 5.131100000000000000e+04
1.202907365600000000e+10 1.407400000000000364e+04
1.241340324000000000e+10 5.033700000000000000e+04
1.378321202400000000e+10 8.904700000000000000e+04
1.446251221600000000e+10 8.072800000000000000e+04
1.446261348000000000e+10 3.009800000000000728e+04
1.473858292000000000e+10 5.582200000000000000e+04
1.473863520800000000e+10 6.950000000000000000e+03
1.480897311200000000e+10 3.419700000000000728e+04
1.518434108000000000e+10 5.071800000000000000e+04
1.518441178400000000e+10 1.340900000000000728e+04
1.619490879200000000e+10 7.608000000000000000e+04
1.632197319200000000e+10 5.264800000000000000e+04
1.637532071200000000e+10 3.712000000000000000e+04
1.912126092000000000e+10 1.008270000000000000e+05
1.954398380000000000e+10 7.088500000000000000e+04
1.964876511200000000e+10 4.952000000000000000e+04
2.093806983200000000e+10 8.790500000000000000e+04
2.103667175200000000e+10 5.628200000000000000e+04
2.155685244000000000e+10 6.367600000000000000e+04
2.213178005600000000e+10 7.846400000000000000e+04
2.336064263200000000e+10 9.373700000000000000e+04
2.459227050400000000e+10 1.011290000000000146e+05
2.513139876000000000e+10 7.141200000000000000e+04
2.513149544800000000e+10 2.674500000000000000e+04
2.555425909600000000e+10 5.657600000000000000e+04
2.555436212000000000e+10 1.218600000000000364e+04
2.604312005600000000e+10 6.071900000000000000e+04
2.645408991200000000e+10 5.825900000000000000e+04
2.735118901600000000e+10 7.566800000000000000e+04
2.757276820000000000e+10 5.939200000000000000e+04
2.879748154400000000e+10 9.841199999999998545e+04
2.919445392800000000e+10 6.589800000000000000e+04
2.987008487200000000e+10 8.556200000000000000e+04
2.987013804000000000e+10 1.073800000000000364e+04
2.987019557600000000e+10 1.439000000000007276e+03
3.132999421600000000e+10 9.191300000000000000e+04
3.133000061600000000e+10 4.970999999999992724e+03
3.193259484000000000e+10 8.505900000000000000e+04
3.193267893600000000e+10 1.802900000000000728e+04
3.264099284000000000e+10 6.812100000000000000e+04
3.317287359200000000e+10 6.912400000000000000e+04
3.359499543200000000e+10 6.839900000000000000e+04
3.366672469600000000e+10 4.892600000000000000e+04
3.395337120800000000e+10 4.694800000000000000e+04
3.400835772000000000e+10 3.331500000000000728e+04
3.621233559200000000e+10 1.121470000000000000e+05
3.660156285600000000e+10 8.150800000000000000e+04
3.849237296800000000e+10 9.525300000000001455e+04
3.956290512800000000e+10 9.159500000000000000e+04
3.984089000800000000e+10 6.247400000000000000e+04
4.040825096800000000e+10 6.690000000000000000e+04
4.120211255200000000e+10 7.773799999999998545e+04
4.230518754400000000e+10 8.441400000000000000e+04
4.230524226400000000e+10 1.340199999999999636e+04
4.263679292000000000e+10 6.510600000000000000e+04
4.308536612000000000e+10 6.115600000000000000e+04
4.314575240800000000e+10 3.984900000000000000e+04
4.314581084000000000e+10 7.705999999999996362e+03
4.390516492000000000e+10 7.700000000000000000e+04
4.458173996000000000e+10 7.339999999999998545e+04
4.461897344800000000e+10 4.628700000000000000e+04
4.601840175200000000e+10 8.536000000000000000e+04
4.601845261600000000e+10 1.221499999999999272e+04
4.609376172000000000e+10 4.637500000000000000e+04
4.624972866400000000e+10 4.082500000000000000e+04
4.699581074400000000e+10 6.865300000000000000e+04
4.699598026400000000e+10 3.463800000000000000e+04
4.699605525600000000e+10 1.087500000000000000e+04
4.714000186400000000e+10 3.970800000000000000e+04
4.800423322400000000e+10 7.129400000000000000e+04
4.800430490400000000e+10 2.192100000000000000e+04
4.800439391200000000e+10 9.963000000000007276e+03
4.928329935200000000e+10 8.146500000000000000e+04
5.015432527200000000e+10 9.584300000000000000e+04
5.030782220000000000e+10 5.612100000000000000e+04
5.199144141600000000e+10 9.252100000000000000e+04
5.199148463200000000e+10 2.205000000000003638e+03
5.216623818400000000e+10 5.620300000000000000e+04
5.228821530400000000e+10 4.407400000000000000e+04
5.228826909600000000e+10 6.550999999999992724e+03
5.247195106400000000e+10 3.982300000000000000e+04
5.265187447200000000e+10 3.934200000000000000e+04
5.371511992800000000e+10 7.473800000000000000e+04
5.472041884000000000e+10 8.375200000000000000e+04
5.487203098400000000e+10 6.693900000000000000e+04
5.510839986400000000e+10 4.902600000000000000e+04
5.638294909600000000e+10 9.647900000000000000e+04
5.923901519200000000e+10 1.090270000000000000e+05
6.042503031200000000e+10 9.280100000000000000e+04
6.055650008800000000e+10 5.671300000000000000e+04
6.119905351200000000e+10 6.975000000000000000e+04
6.217956864800000000e+10 8.433500000000000000e+04
6.331243204000000000e+10 1.031480000000000000e+05
6.385392736800000000e+10 7.076400000000000000e+04
6.491327860000000000e+10 8.984000000000000000e+04
6.520642994400000000e+10 6.567800000000000000e+04
6.545526476000000000e+10 5.067200000000000000e+04
6.620646748000000000e+10 6.870900000000000000e+04
6.646276704800000000e+10 5.334600000000000000e+04
6.671916090400000000e+10 5.046300000000000000e+04
6.761717692000000000e+10 7.897000000000000000e+04
6.842100026400000000e+10 7.786000000000000000e+04
6.842110493600000000e+10 3.229600000000000000e+04
6.843474181600000000e+10 3.177800000000000000e+04
6.889479636000000000e+10 5.317600000000000000e+04
6.984716591200000000e+10 8.054400000000000000e+04
7.032059468000000000e+10 6.832800000000000000e+04
7.035163096800000000e+10 3.982300000000000000e+04
7.047375709600000000e+10 4.164200000000000000e+04
7.091927584800000000e+10 5.217600000000000000e+04
7.103815271200000000e+10 4.000700000000000000e+04
7.109784754400000000e+10 3.177000000000000000e+04
7.169354231200000000e+10 5.644600000000000000e+04
7.169359044000000000e+10 4.091000000000003638e+03
7.291572223200000000e+10 8.556400000000000000e+04
7.332085183200000000e+10 6.844900000000000000e+04
7.332091560800000000e+10 5.667999999999992724e+03
7.350272104800000000e+10 5.113500000000000000e+04
7.350277644000000000e+10 7.415999999999996362e+03
7.359162583200000000e+10 3.244800000000000728e+04
7.376309813600000000e+10 3.425399999999999272e+04
7.376316583200000000e+10 9.209999999999992724e+03
7.408886530400000000e+10 4.086900000000000000e+04
7.428963144800000000e+10 4.199900000000000000e+04
7.457437549600000000e+10 4.569300000000000000e+04
7.587690655200000000e+10 8.184000000000000000e+04
7.587707333600000000e+10 3.345700000000000000e+04
7.653636863200000000e+10 6.647200000000000000e+04
7.694490447200000000e+10 6.651300000000000000e+04
7.694495772000000000e+10 8.903000000000003638e+03
7.759566951200000000e+10 6.720800000000000000e+04
7.759571615200000000e+10 4.870000000000007276e+03
7.779967495200000000e+10 4.899700000000000000e+04
7.838958717600000000e+10 7.162800000000000000e+04
7.976425077600000000e+10 9.161000000000000000e+04
7.996529912800000000e+10 5.949000000000000000e+04
8.016684543200000000e+10 4.929100000000000000e+04
8.043802708000000000e+10 5.072000000000000000e+04
8.070652901600000000e+10 4.588500000000000000e+04
8.145521693600000000e+10 6.737700000000000000e+04
8.216323538400000000e+10 7.581100000000001455e+04
8.417473189600000000e+10 1.055520000000000000e+05
8.439765360800000000e+10 6.232200000000000000e+04
8.448267954400000000e+10 4.726100000000000000e+04
8.475401167200000000e+10 4.602500000000000000e+04
8.475408092000000000e+10 1.241899999999999272e+04
8.556432532000000000e+10 6.704100000000000000e+04
8.665341199200000000e+10 8.668100000000000000e+04
8.766689412000000000e+10 8.407300000000000000e+04
8.788320045600000000e+10 6.820400000000000000e+04
8.788326167200000000e+10 1.224899999999999272e+04
8.841813898400000000e+10 6.477000000000000000e+04
