# Timestamps in ns,Energies
7.791512800000000000e+07 4.269300000000000000e+04
1.615834640000000000e+08 3.251500000000000000e+04
1.133144792000000000e+09 6.955400000000000000e+04
1.133216520000000000e+09 1.824800000000000000e+04
1.133299064000000000e+09 1.333000000000000364e+04
1.236571768000000000e+09 3.501600000000000000e+04
1.413126696000000000e+09 3.563199999999999272e+04
1.484883832000000000e+09 2.860700000000000000e+04
2.356612856000000000e+09 6.586000000000000000e+04
2.373402152000000000e+09 4.218800000000000000e+04
2.534083576000000000e+09 3.684100000000000000e+04
2.813619576000000000e+09 4.332000000000000000e+04
3.375835800000000000e+09 5.251400000000000000e+04
3.780856616000000000e+09 5.796800000000000000e+04
3.890748184000000000e+09 4.710300000000000000e+04
4.599059000000000000e+09 7.031200000000000000e+04
4.766901912000000000e+09 4.646600000000000000e+04
5.334907832000000000e+09 5.974400000000000000e+04
6.213147032000000000e+09 6.832300000000000000e+04
6.791106936000000000e+09 6.508000000000000000e+04
7.125712936000000000e+09 5.414000000000000000e+04
7.125886168000000000e+09 3.197600000000000000e+04
7.171206408000000000e+09 3.044600000000000728e+04
7.520428088000000000e+09 4.037600000000000000e+04
8.352522936000000000e+09 6.194400000000000000e+04
8.623603784000000000e+09 5.158700000000000000e+04
9.899349624000000000e+09 7.427300000000000000e+04
9.899400392000000000e+09 1.142599999999999272e+04
1.069818028000000000e+10 7.256000000000000000e+04
1.097317184800000000e+10 5.496100000000000000e+04
1.116152141600000000e+10 4.994600000000000000e+04
1.205720765600000000e+10 6.517000000000000000e+04
1.339659512800000000e+10 8.960000000000000000e+04
1.368116940000000000e+10 5.863900000000000000e+04
1.520475471200000000e+10 8.524000000000000000e+04
1.520476055200000000e+10 5.255000000000003638e+03
1.537524135200000000e+10 6.413200000000000000e+04
1.537530796000000000e+10 1.470299999999999272e+04
1.537541437600000000e+10 1.435600000000000728e+04
1.552658959200000000e+10 3.883900000000000000e+04
1.646014175200000000e+10 7.130700000000000000e+04
1.646137496800000000e+10 3.868100000000000000e+04
1.678325896800000000e+10 4.576300000000000000e+04
1.687577744800000000e+10 4.073600000000000000e+04
1.720793351200000000e+10 4.149200000000000000e+04
1.796217904800000000e+10 6.336000000000000000e+04
1.846215568800000000e+10 6.154600000000000000e+04
1.848018802400000000e+10 3.964300000000000000e+04
1.859029693600000000e+10 3.510400000000000728e+04
1.877568719200000000e+10 3.747100000000000000e+04
1.993557485600000000e+10 7.516800000000000000e+04
1.999969674400000000e+10 4.385000000000000000e+04
2.004522048800000000e+10 3.565500000000000000e+04
2.005125592800000000e+10 2.614500000000000000e+04
2.038518149600000000e+10 3.873800000000000000e+04
2.125003620000000000e+10 6.110300000000000000e+04
2.149007410400000000e+10 5.046400000000000000e+04
2.149014714400000000e+10 9.553999999999996362e+03
2.162016780000000000e+10 3.860300000000000000e+04
2.207546914400000000e+10 5.029000000000000000e+04
2.227749272800000000e+10 4.457100000000000000e+04
2.231875100000000000e+10 3.065700000000000728e+04
2.253335578400000000e+10 3.654800000000000000e+04
2.274470514400000000e+10 3.699200000000000000e+04
2.274475514400000000e+10 2.900000000000007276e+03
2.280357492000000000e+10 2.851100000000000000e+04
2.294736045600000000e+10 3.155899999999999272e+04
2.386159884000000000e+10 6.146600000000000000e+04
2.403508956000000000e+10 4.749700000000000000e+04
2.445215640800000000e+10 5.399200000000000000e+04
2.445503788000000000e+10 3.416399999999999272e+04
2.512885180000000000e+10 5.826400000000000000e+04
2.545145996000000000e+10 4.888800000000000000e+04
2.545153053600000000e+10 1.647999999999999636e+04
2.620280229600000000e+10 7.240900000000000000e+04
2.628340216800000000e+10 4.419200000000000000e+04
2.650147519200000000e+10 4.459100000000000000e+04
2.674712100000000000e+10 4.153700000000000000e+04
2.682155690400000000e+10 3.288000000000000728e+04
2.687228608800000000e+10 2.904499999999999272e+04
2.691462039200000000e+10 2.378300000000000000e+04
2.699683413600000000e+10 2.379300000000000000e+04
2.707123287200000000e+10 2.168400000000000000e+04
2.716622551200000000e+10 2.094300000000000000e+04
2.891754351200000000e+10 7.735900000000000000e+04
2.900069647200000000e+10 4.858600000000000000e+04
2.900078228000000000e+10 1.573299999999999636e+04
2.997875178400000000e+10 6.728900000000000000e+04
3.003255732000000000e+10 4.784800000000000000e+04
3.003260936800000000e+10 5.951999999999992724e+03
3.033384964000000000e+10 4.975800000000000000e+04
3.088884853600000000e+10 5.456100000000000000e+04
3.109379002400000000e+10 4.509500000000000000e+04
3.125201652000000000e+10 4.189800000000000000e+04
3.374135212000000000e+10 9.749900000000000000e+04
3.388086733600000000e+10 5.788200000000000000e+04
3.436681927200000000e+10 5.767300000000000000e+04
3.471305287200000000e+10 5.647100000000000000e+04
3.512485720800000000e+10 5.934200000000000000e+04
3.631485544800000000e+10 7.592900000000000000e+04
3.631497823200000000e+10 3.528800000000000000e+04
3.685099732000000000e+10 5.703100000000000000e+04
3.720066608800000000e+10 5.525000000000000000e+04
3.786280772000000000e+10 6.292900000000000000e+04
3.805367874400000000e+10 5.261000000000000000e+04
3.876193368800000000e+10 6.073100000000000000e+04
3.953285911200000000e+10 6.840100000000000000e+04
3.975839368800000000e+10 5.844100000000000000e+04
3.980618808800000000e+10 3.577400000000000000e+04
3.983001528800000000e+10 3.099400000000000000e+04
4.025751151200000000e+10 4.332700000000000000e+04
4.058286837600000000e+10 4.488400000000000000e+04
4.058291645600000000e+10 4.139999999999996362e+03
4.058313909600000000e+10 2.088700000000000000e+04
4.121609037600000000e+10 5.555300000000000000e+04
4.171632706400000000e+10 5.430400000000000000e+04
4.172726192800000000e+10 3.733600000000000000e+04
4.233069189600000000e+10 6.014500000000000000e+04
4.238760743200000000e+10 4.413400000000000000e+04
4.262739717600000000e+10 4.640800000000000000e+04
4.286505464800000000e+10 4.243500000000000000e+04
4.297650861600000000e+10 3.761000000000000000e+04
4.379794940000000000e+10 6.111400000000000000e+04
4.397147570400000000e+10 4.548500000000000000e+04
4.397921175200000000e+10 3.132000000000000000e+04
4.433061887200000000e+10 4.436300000000000000e+04
4.525081832800000000e+10 6.890600000000000000e+04
4.525086287200000000e+10 5.027999999999992724e+03
4.542936407200000000e+10 5.144200000000000000e+04
4.592390053600000000e+10 5.521000000000000000e+04
4.613638460000000000e+10 4.909100000000000000e+04
4.624816615200000000e+10 3.784800000000000000e+04
4.648137239200000000e+10 3.964800000000000000e+04
4.650322388000000000e+10 3.147100000000000000e+04
4.690819064800000000e+10 4.709800000000000000e+04
4.765147528800000000e+10 6.232000000000000000e+04
4.808528324000000000e+10 5.839900000000000000e+04
4.855351260000000000e+10 5.793700000000000000e+04
4.877179967200000000e+10 5.586000000000000000e+04
4.963303245600000000e+10 6.745000000000000000e+04
4.980674490400000000e+10 5.075200000000000000e+04
5.012111304800000000e+10 4.855500000000000000e+04
5.028588380000000000e+10 4.448100000000000000e+04
5.045802543200000000e+10 3.740800000000000000e+04
5.048659212000000000e+10 2.935900000000000000e+04
5.252043810400000000e+10 8.400100000000000000e+04
5.314281439200000000e+10 7.495200000000000000e+04
5.328044754400000000e+10 4.879200000000000000e+04
5.350606783200000000e+10 5.150000000000000000e+04
5.426878901600000000e+10 6.696000000000000000e+04
5.440107495200000000e+10 4.631200000000000000e+04
5.443676040800000000e+10 3.303400000000000000e+04
5.508212548000000000e+10 5.352900000000000000e+04
5.510650885600000000e+10 3.700000000000000000e+04
5.539044464800000000e+10 4.117200000000000000e+04
5.573640026400000000e+10 4.826700000000000000e+04
5.573654421600000000e+10 2.762200000000000728e+04
5.678111447200000000e+10 6.608700000000000000e+04
5.713312882400000000e+10 5.543800000000000000e+04
5.714402506400000000e+10 4.163800000000000000e+04
5.760729416800000000e+10 5.064500000000000000e+04
5.797109474400000000e+10 5.152200000000000000e+04
5.797117639200000000e+10 1.388100000000000000e+04
5.840698162400000000e+10 4.910800000000000000e+04
5.887575864800000000e+10 5.648400000000000000e+04
5.914308821600000000e+10 4.963700000000000000e+04
5.949960564000000000e+10 5.176400000000000000e+04
5.954556173600000000e+10 3.749500000000000000e+04
5.977317604000000000e+10 3.944100000000000000e+04
6.010671408800000000e+10 4.573800000000000000e+04
6.075198648800000000e+10 6.140200000000000000e+04
6.108758885600000000e+10 5.272000000000000000e+04
6.231219796000000000e+10 8.958500000000000000e+04
6.285575157600000000e+10 6.477800000000000000e+04
6.332367122400000000e+10 6.570800000000000000e+04
6.351898143200000000e+10 5.078900000000000000e+04
6.417736170400000000e+10 6.287200000000000000e+04
6.506349786400000000e+10 6.918800000000000000e+04
6.514532351200000000e+10 4.786600000000000000e+04
6.599596807200000000e+10 7.056500000000000000e+04
6.670751640800000000e+10 6.835200000000000000e+04
6.689105399200000000e+10 5.868000000000000000e+04
6.723384010400000000e+10 5.414900000000000000e+04
6.723389800800000000e+10 9.879000000000003638e+03
6.743276328800000000e+10 4.075500000000000000e+04
6.754934575200000000e+10 3.443899999999999272e+04
6.772020866400000000e+10 3.830200000000000000e+04
6.798758266400000000e+10 3.967500000000000000e+04
6.863536167200000000e+10 6.575700000000000000e+04
7.010243856800000000e+10 9.386400000000000000e+04
7.010286567200000000e+10 3.966200000000000000e+04
7.097050600800000000e+10 6.801200000000000000e+04
7.132321791200000000e+10 6.168200000000000000e+04
7.149316692000000000e+10 4.472000000000000000e+04
7.166654484000000000e+10 3.840700000000000000e+04
7.210754274400000000e+10 5.503300000000000000e+04
7.281960400800000000e+10 6.548400000000000000e+04
7.290503016800000000e+10 4.371200000000000000e+04
7.291686840800000000e+10 3.482199999999999272e+04
7.343604772000000000e+10 4.856000000000000000e+04
7.357983410400000000e+10 4.337500000000000000e+04
7.360591114400000000e+10 3.272599999999999272e+04
7.376717485600000000e+10 3.203100000000000000e+04
7.416333208800000000e+10 4.549700000000000000e+04
7.502226156000000000e+10 7.532799999999998545e+04
7.502253946400000000e+10 4.851600000000000000e+04
7.622765536800000000e+10 7.392300000000000000e+04
7.662626404000000000e+10 6.228700000000000000e+04
7.663722669600000000e+10 3.732200000000000000e+04
7.678232391200000000e+10 4.204900000000000000e+04
7.735224799200000000e+10 5.562900000000000000e+04
7.739588453600000000e+10 3.939900000000000000e+04
7.739596850400000000e+10 1.467099999999999636e+04
7.767483684000000000e+10 3.730600000000000000e+04
7.803177132000000000e+10 4.332500000000000000e+04
7.804400591200000000e+10 3.356300000000000000e+04
7.881707084000000000e+10 5.774400000000000000e+04
7.893885805600000000e+10 4.694400000000000000e+04
7.896908116000000000e+10 3.145900000000000000e+04
7.991057500000000000e+10 6.178400000000000000e+04
8.040874882400000000e+10 6.585800000000000000e+04
8.133927122400000000e+10 6.993100000000000000e+04
8.159345125600000000e+10 6.111400000000000000e+04
8.159355120800000000e+10 8.213000000000007276e+03
8.204352789600000000e+10 5.118600000000000000e+04
8.231843088800000000e+10 4.688200000000000000e+04
8.277076768800000000e+10 5.071600000000000000e+04
8.384482181600000000e+10 8.752000000000000000e+04
8.397997623200000000e+10 5.530200000000000000e+04
8.414307072800000000e+10 4.286400000000000000e+04
8.446724663200000000e+10 4.782600000000000000e+04
8.448944260000000000e+10 3.256899999999999272e+04
8.548478304800000000e+10 6.783000000000000000e+04
8.549974335200000000e+10 4.794300000000000000e+04
8.584547352800000000e+10 5.161600000000000000e+04
8.602401554400000000e+10 4.128200000000000000e+04
8.614483138400000000e+10 3.956600000000000000e+04
8.636142311200000000e+10 3.681700000000000000e+04
8.663930805600000000e+10 4.001800000000000000e+04
8.734197533600000000e+10 5.903400000000000000e+04
8.734206133600000000e+10 2.268500000000000728e+04
8.825287629600000000e+10 7.176900000000000000e+04
8.825291967200000000e+10 3.136000000000007276e+03
8.833979309600000000e+10 4.802400000000000000e+04
8.866090474400000000e+10 4.908800000000000000e+04
8.873069639200000000e+10 3.848100000000000000e+04
8.873254733600000000e+10 2.516800000000000000e+04
8.919535759200000000e+10 4.547200000000000000e+04
8.932848896800000000e+10 3.935700000000000000e+04
