# Timestamps in ns,Energies
2.373701288000000000e+09 9.840300000000000000e+04
2.437290872000000000e+09 5.592200000000000000e+04
2.910897272000000000e+09 6.304000000000000000e+04
3.098447256000000000e+09 5.623800000000000000e+04
3.358943880000000000e+09 4.578700000000000000e+04
3.359051000000000000e+09 2.345000000000000000e+04
3.738170776000000000e+09 4.473600000000000000e+04
6.329957064000000000e+09 9.715199999999998545e+04
7.001455976000000000e+09 7.936300000000000000e+04
7.261005576000000000e+09 6.653900000000000000e+04
7.360552664000000000e+09 4.097600000000000000e+04
7.784688312000000000e+09 6.031200000000000000e+04
8.114263032000000000e+09 5.435200000000000000e+04
8.909614520000000000e+09 7.057900000000000000e+04
8.992878984000000000e+09 4.688400000000000000e+04
9.016197496000000000e+09 3.251900000000000000e+04
9.104596232000000000e+09 3.188300000000000000e+04
9.309735592000000000e+09 3.633599999999999272e+04
9.821291080000000000e+09 5.392000000000000000e+04
9.912007032000000000e+09 3.729900000000000000e+04
9.984706936000000000e+09 3.062300000000000000e+04
1.002933397600000000e+10 2.670600000000000000e+04
1.010262096800000000e+10 2.351700000000000000e+04
1.044851944800000000e+10 3.881800000000000000e+04
1.144170525600000000e+10 7.065700000000000000e+04
1.170827988000000000e+10 5.924200000000000000e+04
1.198098423200000000e+10 5.086600000000000000e+04
1.198106447200000000e+10 1.780999999999999636e+04
1.212780229600000000e+10 3.546600000000000000e+04
1.212788154400000000e+10 1.229700000000000000e+04
1.244657029600000000e+10 4.434400000000000000e+04
1.244670829600000000e+10 2.263400000000000728e+04
1.298596772000000000e+10 4.940800000000000000e+04
1.338718474400000000e+10 5.981600000000000000e+04
1.340329903200000000e+10 3.752200000000000000e+04
1.340355237600000000e+10 2.816900000000000000e+04
1.345779848800000000e+10 2.298199999999999272e+04
1.369800932000000000e+10 3.111600000000000000e+04
1.588835509600000000e+10 9.966700000000000000e+04
1.599500970400000000e+10 5.972100000000000000e+04
1.612112861600000000e+10 4.885200000000000000e+04
1.686314701600000000e+10 7.169900000000000000e+04
1.686320216800000000e+10 1.126099999999999272e+04
1.827058296800000000e+10 9.088800000000000000e+04
1.863786136800000000e+10 7.954300000000000000e+04
1.928823240800000000e+10 7.241700000000000000e+04
1.928827908000000000e+10 6.295000000000007276e+03
2.031999973600000000e+10 8.063200000000000000e+04
2.039853224800000000e+10 5.427500000000000000e+04
2.047574288800000000e+10 3.734500000000000000e+04
2.085412103200000000e+10 5.474700000000000000e+04
2.185162986400000000e+10 7.464200000000000000e+04
2.387629868000000000e+10 9.968100000000000000e+04
2.398956341600000000e+10 6.763200000000000000e+04
2.501351173600000000e+10 9.488000000000000000e+04
2.518904231200000000e+10 5.903400000000000000e+04
2.528605348000000000e+10 4.216100000000000000e+04
2.671469538400000000e+10 8.448100000000000000e+04
2.671474103200000000e+10 6.297999999999996362e+03
2.694336989600000000e+10 6.228000000000000000e+04
2.736613680800000000e+10 6.123200000000000000e+04
2.736618948000000000e+10 8.334999999999992724e+03
2.745971016800000000e+10 4.251900000000000000e+04
2.829153141600000000e+10 7.963300000000000000e+04
2.851393133600000000e+10 5.516800000000000000e+04
2.854611602400000000e+10 3.516099999999999272e+04
2.885542005600000000e+10 5.186000000000000000e+04
2.885548764000000000e+10 3.854000000000003638e+03
2.974939869600000000e+10 7.224000000000000000e+04
3.001702754400000000e+10 6.405400000000000000e+04
3.094409736800000000e+10 7.391200000000000000e+04
3.146401623200000000e+10 7.631499999999998545e+04
3.327597495200000000e+10 1.024980000000000000e+05
3.327617482400000000e+10 4.115400000000000000e+04
3.381780173600000000e+10 7.057600000000000000e+04
3.489465727200000000e+10 8.846500000000000000e+04
3.553390768800000000e+10 7.993500000000001455e+04
3.707087692000000000e+10 1.083600000000000146e+05
3.757204749600000000e+10 7.972900000000000000e+04
3.834050287200000000e+10 7.322400000000000000e+04
3.834054797600000000e+10 4.043999999999992724e+03
3.857045730400000000e+10 5.605200000000000000e+04
3.857052074400000000e+10 1.394299999999999272e+04
3.857059552800000000e+10 7.821000000000000000e+03
3.874509672800000000e+10 3.850700000000000000e+04
3.884000010400000000e+10 3.094300000000000000e+04
3.904988514400000000e+10 3.426600000000000000e+04
3.905006176800000000e+10 2.413999999999999272e+04
3.936613920800000000e+10 3.988700000000000000e+04
3.997518253600000000e+10 5.637700000000000000e+04
3.997522890400000000e+10 4.385999999999992724e+03
4.045977717600000000e+10 5.752000000000000000e+04
4.134969872800000000e+10 7.464000000000000000e+04
4.158049189600000000e+10 5.716000000000000000e+04
4.217168160800000000e+10 6.925600000000000000e+04
4.217179229600000000e+10 1.190000000000000000e+04
4.294522388000000000e+10 7.392000000000000000e+04
4.294530058400000000e+10 2.221700000000000000e+04
4.301329460000000000e+10 4.083700000000000000e+04
4.334311312800000000e+10 4.761600000000000000e+04
4.506232389600000000e+10 1.081419999999999854e+05
4.510007124000000000e+10 4.839200000000000000e+04
4.735439012000000000e+10 1.018860000000000000e+05
4.743808380000000000e+10 5.788300000000000000e+04
4.792917144800000000e+10 6.196900000000000000e+04
4.846801120800000000e+10 6.327300000000000000e+04
4.960919871200000000e+10 9.708099999999998545e+04
4.970362927200000000e+10 5.158600000000000000e+04
5.000809484000000000e+10 5.316800000000000000e+04
5.015541215200000000e+10 4.258400000000000000e+04
5.019506549600000000e+10 2.971699999999999272e+04
5.049908856800000000e+10 4.186500000000000000e+04
5.100029192800000000e+10 5.253800000000000000e+04
5.276467380000000000e+10 1.077000000000000000e+05
5.276476061600000000e+10 2.916500000000000000e+04
5.326291293600000000e+10 7.549000000000000000e+04
5.338508512800000000e+10 5.239200000000000000e+04
5.369580116000000000e+10 5.133900000000000000e+04
5.450341458400000000e+10 6.879200000000000000e+04
5.451219276000000000e+10 4.620800000000000000e+04
5.471288725600000000e+10 4.654300000000000000e+04
5.479912992800000000e+10 3.495900000000000000e+04
5.501644472800000000e+10 3.981300000000000000e+04
5.520195234400000000e+10 3.551200000000000000e+04
5.522151180000000000e+10 2.648200000000000000e+04
5.551483024800000000e+10 3.741400000000000000e+04
5.578966036000000000e+10 4.371900000000000000e+04
5.629571061600000000e+10 5.302400000000000000e+04
5.637422895200000000e+10 4.291300000000000000e+04
5.662579893600000000e+10 4.809500000000000000e+04
5.663079200800000000e+10 2.673200000000000000e+04
5.743689375200000000e+10 6.808200000000000000e+04
5.906661148000000000e+10 8.992000000000001455e+04
6.137461016800000000e+10 1.036960000000000000e+05
6.144049530400000000e+10 5.432200000000000000e+04
6.247134972000000000e+10 9.227400000000000000e+04
6.247145036000000000e+10 3.371700000000000000e+04
6.260666013600000000e+10 4.548700000000000000e+04
6.277374591200000000e+10 4.204700000000000000e+04
6.280946658400000000e+10 3.238100000000000000e+04
6.303954480800000000e+10 3.828700000000000000e+04
6.351182130400000000e+10 5.353600000000000000e+04
6.351186687200000000e+10 2.017999999999996362e+03
6.369687303200000000e+10 4.104900000000000000e+04
6.379096810400000000e+10 3.562699999999999272e+04
6.390381504800000000e+10 3.227500000000000728e+04
6.392984167200000000e+10 2.544200000000000000e+04
6.409720368800000000e+10 2.848499999999999272e+04
6.480813508000000000e+10 5.603500000000000000e+04
6.481581303200000000e+10 4.123100000000000000e+04
6.512853044000000000e+10 4.593100000000000000e+04
6.563521727200000000e+10 6.214400000000000000e+04
6.572122061600000000e+10 4.033500000000000000e+04
6.578629506400000000e+10 3.366899999999999272e+04
6.622419895200000000e+10 5.243200000000000000e+04
6.672320431200000000e+10 5.567500000000000000e+04
6.672324818400000000e+10 1.464000000000000000e+03
6.677227815200000000e+10 3.828800000000000000e+04
6.688890391200000000e+10 3.528499999999999272e+04
6.729216984800000000e+10 5.693300000000000000e+04
6.731682844000000000e+10 3.123699999999999272e+04
6.748030285600000000e+10 3.474300000000000728e+04
6.764675372000000000e+10 3.325600000000000000e+04
6.770041914400000000e+10 2.786300000000000728e+04
6.785718933600000000e+10 2.909599999999999272e+04
6.806555130400000000e+10 3.352800000000000000e+04
6.880854434400000000e+10 6.341300000000000000e+04
6.880861728800000000e+10 9.660000000000003638e+03
6.992458712800000000e+10 7.697700000000000000e+04
7.041699415200000000e+10 6.681600000000000000e+04
7.066128802400000000e+10 7.104700000000000000e+04
7.073620920800000000e+10 4.275100000000000000e+04
7.126516877600000000e+10 5.488000000000000000e+04
7.148951216800000000e+10 5.013200000000000000e+04
7.149692295200000000e+10 3.136199999999999272e+04
7.163308741600000000e+10 3.323000000000000000e+04
7.185493325600000000e+10 3.321700000000000000e+04
7.243171948000000000e+10 6.009600000000000000e+04
7.436590898400000000e+10 9.553900000000000000e+04
7.460242853600000000e+10 7.145800000000000000e+04
7.460253989600000000e+10 1.136500000000000728e+04
7.608521015200000000e+10 9.093800000000000000e+04
7.608527047200000000e+10 1.764200000000000728e+04
7.619846445600000000e+10 4.821000000000000000e+04
7.706758671200000000e+10 8.144900000000000000e+04
7.845928327200000000e+10 9.428900000000000000e+04
7.986224839200000000e+10 1.056670000000000000e+05
8.045146181600000000e+10 8.536100000000000000e+04
8.063471138400000000e+10 5.694400000000000000e+04
8.094840820000000000e+10 5.296800000000000000e+04
8.094846628000000000e+10 1.023399999999999272e+04
8.096596292000000000e+10 3.172600000000000000e+04
8.150528976800000000e+10 5.798400000000000000e+04
8.211815679200000000e+10 7.598300000000000000e+04
8.301941042400000000e+10 7.509800000000000000e+04
8.301950212000000000e+10 2.903199999999999272e+04
8.327428943200000000e+10 4.864500000000000000e+04
8.487390391200000000e+10 9.599400000000000000e+04
8.503208978400000000e+10 5.977800000000000000e+04
8.509652197600000000e+10 4.247000000000000000e+04
8.579278791200000000e+10 6.635400000000000000e+04
8.579283736800000000e+10 7.991000000000000000e+03
8.598073024800000000e+10 4.824900000000000000e+04
8.652958021600000000e+10 6.627200000000000000e+04
8.652962615200000000e+10 3.224999999999992724e+03
8.686113687200000000e+10 5.542500000000000000e+04
8.696485141600000000e+10 4.247300000000000000e+04
8.727998231200000000e+10 5.190000000000000000e+04
8.728003805600000000e+10 8.511000000000007276e+03
8.737006191200000000e+10 3.410300000000000000e+04
8.741296090400000000e+10 2.736100000000000000e+04
8.761554706400000000e+10 3.051299999999999272e+04
8.788709632800000000e+10 3.770200000000000000e+04
8.802327106400000000e+10 3.457400000000000000e+04
8.995433829600000000e+10 1.094180000000000000e+05
8.995445887200000000e+10 3.229400000000000000e+04
