# Timestamps in ns,Energies
8.409177360000000000e+08 7.628000000000000000e+04
1.029470872000000000e+09 5.557000000000000000e+04
1.029526680000000000e+09 9.094000000000007276e+03
1.364315768000000000e+09 4.685000000000000000e+04
1.656028616000000000e+09 5.443200000000000000e+04
1.845725048000000000e+09 4.256900000000000000e+04
2.055980744000000000e+09 4.093700000000000000e+04
2.056073768000000000e+09 1.648500000000000364e+04
2.265768696000000000e+09 3.663900000000000000e+04
2.265818744000000000e+09 2.803999999999992724e+03
2.429959896000000000e+09 3.252200000000000000e+04
2.639405736000000000e+09 3.635400000000000000e+04
3.056124904000000000e+09 4.742700000000000000e+04
3.056170632000000000e+09 1.738000000000003638e+03
3.099520200000000000e+09 3.268100000000000728e+04
3.229929624000000000e+09 3.260699999999999272e+04
3.300115000000000000e+09 2.902699999999999272e+04
3.680494024000000000e+09 3.840800000000000000e+04
3.985285144000000000e+09 4.369600000000000000e+04
4.224822088000000000e+09 4.667200000000000000e+04
4.239320168000000000e+09 3.183699999999999272e+04
4.428625224000000000e+09 3.316300000000000000e+04
4.428695320000000000e+09 9.309000000000000000e+03
4.450888504000000000e+09 2.268000000000000000e+04
4.450961496000000000e+09 7.233999999999992724e+03
4.560257736000000000e+09 2.339000000000000000e+04
4.560904392000000000e+09 1.579700000000000000e+04
4.609288408000000000e+09 1.744400000000000000e+04
4.617356520000000000e+09 1.362600000000000728e+04
4.738803880000000000e+09 1.800200000000000728e+04
4.761064856000000000e+09 1.506500000000000000e+04
5.074879368000000000e+09 2.633400000000000000e+04
5.458403224000000000e+09 4.060900000000000000e+04
5.963838424000000000e+09 5.881000000000000000e+04
6.305334872000000000e+09 4.870000000000000000e+04
6.785710808000000000e+09 6.408700000000000000e+04
7.039637592000000000e+09 4.702000000000000000e+04
7.039773240000000000e+09 2.745000000000000000e+04
7.048412360000000000e+09 2.529700000000000000e+04
7.312612504000000000e+09 3.524699999999999272e+04
7.312707656000000000e+09 1.506300000000000000e+04
7.443614696000000000e+09 2.917699999999999272e+04
7.597033368000000000e+09 3.041399999999999272e+04
7.604360232000000000e+09 2.359000000000000000e+04
7.866442872000000000e+09 3.395300000000000000e+04
7.882070696000000000e+09 2.367500000000000000e+04
7.891341944000000000e+09 1.889100000000000000e+04
7.941555160000000000e+09 1.862200000000000000e+04
7.971734296000000000e+09 1.581500000000000000e+04
8.216702104000000000e+09 2.623300000000000000e+04
8.442664024000000000e+09 3.122399999999999272e+04
8.566398488000000000e+09 3.028400000000000000e+04
8.569172312000000000e+09 2.078900000000000000e+04
8.636412216000000000e+09 2.038400000000000000e+04
8.747254760000000000e+09 2.238500000000000000e+04
9.227665720000000000e+09 3.982400000000000000e+04
9.495546840000000000e+09 4.213600000000000000e+04
9.503955352000000000e+09 2.955600000000000000e+04
9.504082552000000000e+09 1.651000000000000364e+04
1.016674189600000000e+10 5.183200000000000000e+04
1.055049919200000000e+10 5.435200000000000000e+04
1.084595221600000000e+10 5.550400000000000000e+04
1.113178682400000000e+10 5.145800000000000000e+04
1.134876733600000000e+10 4.460500000000000000e+04
1.141140210400000000e+10 3.357199999999999272e+04
1.159522330400000000e+10 3.502100000000000000e+04
1.182579797600000000e+10 3.649900000000000000e+04
1.207847508000000000e+10 4.058300000000000000e+04
1.246262948000000000e+10 5.042400000000000000e+04
1.252671044000000000e+10 3.911800000000000000e+04
1.310317028000000000e+10 5.438200000000000000e+04
1.418451317600000000e+10 7.649600000000000000e+04
1.456487237600000000e+10 6.753100000000000000e+04
1.459966344800000000e+10 4.216800000000000000e+04
1.501814692000000000e+10 5.736000000000000000e+04
1.507735372000000000e+10 4.089400000000000000e+04
1.512433304800000000e+10 2.781500000000000000e+04
1.568366272800000000e+10 4.993700000000000000e+04
1.596360308000000000e+10 4.797600000000000000e+04
1.601188768800000000e+10 3.372800000000000000e+04
1.624618797600000000e+10 3.796000000000000000e+04
1.659463359200000000e+10 4.637600000000000000e+04
1.718315676000000000e+10 5.504200000000000000e+04
1.742779488800000000e+10 4.973200000000000000e+04
1.857005445600000000e+10 8.430700000000000000e+04
1.927375968800000000e+10 8.278600000000002910e+04
1.959472146400000000e+10 6.446700000000000000e+04
1.967006114400000000e+10 3.997800000000000000e+04
1.970349364000000000e+10 2.932000000000000728e+04
1.975955602400000000e+10 2.706400000000000728e+04
1.982728138400000000e+10 2.395400000000000000e+04
1.987997789600000000e+10 2.166400000000000000e+04
1.989247663200000000e+10 1.633600000000000000e+04
2.017323541600000000e+10 2.808900000000000728e+04
2.017336807200000000e+10 1.564900000000000000e+04
2.034492288800000000e+10 2.707199999999999272e+04
2.067672522400000000e+10 3.714500000000000000e+04
2.090842549600000000e+10 4.012700000000000000e+04
2.094513050400000000e+10 3.201000000000000000e+04
2.141999082400000000e+10 4.563200000000000000e+04
2.157390116000000000e+10 4.144800000000000000e+04
2.187292768800000000e+10 4.620700000000000000e+04
2.204871780000000000e+10 3.985900000000000000e+04
2.205250764000000000e+10 2.731900000000000000e+04
2.205968397600000000e+10 2.022500000000000000e+04
2.220281426400000000e+10 2.645800000000000000e+04
2.265543239200000000e+10 4.542700000000000000e+04
2.328587999200000000e+10 5.656900000000000000e+04
2.328597800800000000e+10 2.458200000000000000e+04
2.331892692000000000e+10 3.429900000000000000e+04
2.336570792800000000e+10 2.571900000000000000e+04
2.369566965600000000e+10 3.980300000000000000e+04
2.372342402400000000e+10 2.993799999999999272e+04
2.372349316000000000e+10 8.650000000000007276e+03
2.438491039200000000e+10 4.966800000000000000e+04
2.447014992800000000e+10 4.012200000000000000e+04
2.451136898400000000e+10 2.933299999999999272e+04
2.451148674400000000e+10 1.732799999999999636e+04
2.504026928800000000e+10 4.676200000000000000e+04
2.525267064800000000e+10 4.321800000000000000e+04
2.536956008800000000e+10 3.606000000000000000e+04
2.574496528800000000e+10 4.596900000000000000e+04
2.577626098400000000e+10 3.254100000000000728e+04
2.584341119200000000e+10 3.048000000000000000e+04
2.587600680800000000e+10 2.500200000000000000e+04
2.606517912800000000e+10 2.963700000000000000e+04
2.653539647200000000e+10 4.655200000000000000e+04
2.656302389600000000e+10 3.198299999999999272e+04
2.684967700000000000e+10 4.230400000000000000e+04
2.717192304800000000e+10 4.391500000000000000e+04
2.791586984800000000e+10 6.897500000000000000e+04
2.819565087200000000e+10 5.797900000000000000e+04
2.831175215200000000e+10 4.081600000000000000e+04
2.831182812000000000e+10 1.296199999999999272e+04
2.834158415200000000e+10 2.657700000000000000e+04
2.892135108000000000e+10 5.116700000000000000e+04
2.926757512800000000e+10 5.192000000000000000e+04
2.942479064800000000e+10 4.097500000000000000e+04
2.946318962400000000e+10 3.173500000000000728e+04
3.025131877600000000e+10 6.303200000000000000e+04
3.025155303200000000e+10 3.984100000000000000e+04
3.069325122400000000e+10 5.404000000000000000e+04
3.076402570400000000e+10 4.299200000000000000e+04
3.092806783200000000e+10 3.877500000000000000e+04
3.131115975200000000e+10 4.488800000000000000e+04
3.150256789600000000e+10 4.184400000000000000e+04
3.241701716000000000e+10 6.965600000000000000e+04
3.251873282400000000e+10 4.870400000000000000e+04
3.256856829600000000e+10 3.516500000000000000e+04
3.271578508000000000e+10 3.740500000000000000e+04
3.283011272800000000e+10 3.046100000000000000e+04
3.293660191200000000e+10 2.945500000000000000e+04
3.382550826400000000e+10 7.048600000000000000e+04
3.396567322400000000e+10 4.720000000000000000e+04
3.424238716000000000e+10 5.424000000000000000e+04
3.430823906400000000e+10 3.383200000000000000e+04
3.436767386400000000e+10 3.199900000000000728e+04
3.454663908000000000e+10 3.405100000000000728e+04
3.491287108000000000e+10 4.342700000000000000e+04
3.491292325600000000e+10 5.034999999999992724e+03
3.504398778400000000e+10 3.874100000000000000e+04
3.530691589600000000e+10 4.092300000000000000e+04
3.550762298400000000e+10 3.658200000000000000e+04
3.550767101600000000e+10 2.426000000000000000e+03
3.576263970400000000e+10 3.988100000000000000e+04
3.600027527200000000e+10 4.601600000000000000e+04
3.600032360800000000e+10 2.528999999999992724e+03
3.652593816800000000e+10 5.221900000000000000e+04
3.670747023200000000e+10 4.338400000000000000e+04
3.678891506400000000e+10 3.650200000000000000e+04
3.750787469600000000e+10 5.896000000000000000e+04
3.801345549600000000e+10 6.019800000000000000e+04
3.802563306400000000e+10 3.607799999999999272e+04
3.830738183200000000e+10 4.302000000000000000e+04
3.852154344800000000e+10 4.510700000000000000e+04
3.853819029600000000e+10 2.920700000000000000e+04
3.853824549600000000e+10 3.939000000000007276e+03
3.871093242400000000e+10 3.075300000000000728e+04
3.920513538400000000e+10 5.199800000000000000e+04
3.938480986400000000e+10 4.092900000000000000e+04
3.946547327200000000e+10 3.282000000000000000e+04
4.001325661600000000e+10 4.957600000000000000e+04
4.013624986400000000e+10 4.233000000000000000e+04
4.013637423200000000e+10 1.763299999999999272e+04
4.042436464800000000e+10 4.059300000000000000e+04
4.067765655200000000e+10 3.964800000000000000e+04
4.076855376800000000e+10 3.472699999999999272e+04
4.082128880800000000e+10 2.866199999999999272e+04
4.123573008800000000e+10 4.353200000000000000e+04
4.136379532000000000e+10 3.852900000000000000e+04
4.158707084000000000e+10 4.353200000000000000e+04
4.184606036000000000e+10 3.942500000000000000e+04
4.188650831200000000e+10 2.937600000000000728e+04
4.250533364000000000e+10 5.613400000000000000e+04
4.265257298400000000e+10 4.954900000000000000e+04
4.282951493600000000e+10 3.885600000000000000e+04
4.334726112800000000e+10 6.018600000000000000e+04
4.335233151200000000e+10 3.394600000000000000e+04
4.335244583200000000e+10 2.132300000000000000e+04
4.352360864800000000e+10 3.127900000000000728e+04
4.379015679200000000e+10 3.837200000000000000e+04
4.404100240800000000e+10 4.101400000000000000e+04
4.481744336800000000e+10 6.780300000000000000e+04
4.486995311200000000e+10 4.020000000000000000e+04
4.496260154400000000e+10 3.719700000000000000e+04
4.496624202400000000e+10 2.609400000000000000e+04
4.516560447200000000e+10 3.271100000000000728e+04
4.527775421600000000e+10 3.023299999999999272e+04
4.549035549600000000e+10 3.258400000000000000e+04
4.557232164000000000e+10 2.776500000000000728e+04
4.559308868000000000e+10 2.159800000000000728e+04
4.560132199200000000e+10 1.743500000000000000e+04
4.568585642400000000e+10 1.920000000000000000e+04
4.598359437600000000e+10 3.283699999999999272e+04
4.616727445600000000e+10 3.232800000000000000e+04
4.638930498400000000e+10 3.544900000000000000e+04
4.638943423200000000e+10 2.018200000000000000e+04
4.669441476000000000e+10 3.587600000000000000e+04
4.674934104800000000e+10 3.103200000000000000e+04
4.675755068000000000e+10 2.152000000000000000e+04
4.676846264800000000e+10 1.816000000000000000e+04
4.702937012000000000e+10 3.139200000000000728e+04
4.801498471200000000e+10 6.416400000000000000e+04
4.803012226400000000e+10 4.151100000000000000e+04
4.806345154400000000e+10 3.040900000000000728e+04
4.821612488800000000e+10 3.468000000000000000e+04
4.834450816800000000e+10 3.070799999999999272e+04
4.866655436000000000e+10 4.137700000000000000e+04
4.878713940000000000e+10 3.390499999999999272e+04
4.912087053600000000e+10 4.501700000000000000e+04
4.990824575200000000e+10 7.109900000000000000e+04
5.012331501600000000e+10 5.748900000000000000e+04
5.021901117600000000e+10 3.912100000000000000e+04
5.025283960800000000e+10 2.928300000000000000e+04
5.031354794400000000e+10 2.659300000000000000e+04
5.057087687200000000e+10 3.516400000000000000e+04
5.082120242400000000e+10 4.076700000000000000e+04
5.106423917600000000e+10 3.823300000000000000e+04
5.115167226400000000e+10 3.433299999999999272e+04
5.115173783200000000e+10 9.352999999999996362e+03
5.116320045600000000e+10 2.091400000000000000e+04
5.124206682400000000e+10 2.252700000000000000e+04
5.199451722400000000e+10 5.168300000000000000e+04
5.221776964000000000e+10 4.604900000000000000e+04
5.277371866400000000e+10 5.999200000000000000e+04
5.285015216800000000e+10 4.163200000000000000e+04
5.288496746400000000e+10 3.039799999999999272e+04
5.301172410400000000e+10 2.900800000000000728e+04
5.394143260000000000e+10 6.296100000000000000e+04
5.407910746400000000e+10 5.331200000000000000e+04
5.430118448800000000e+10 4.848800000000000000e+04
5.430123965600000000e+10 8.117999999999996362e+03
5.434968620000000000e+10 3.029600000000000000e+04
5.436547916000000000e+10 2.203700000000000728e+04
5.447514143200000000e+10 2.474700000000000000e+04
5.486494261600000000e+10 4.038300000000000000e+04
5.521975231200000000e+10 4.623200000000000000e+04
5.521982498400000000e+10 1.507200000000000364e+04
5.528010260000000000e+10 3.183800000000000000e+04
5.547359605600000000e+10 3.168900000000000000e+04
5.563360120800000000e+10 3.154900000000000000e+04
5.563366887200000000e+10 8.309000000000000000e+03
5.649803368800000000e+10 6.573200000000000000e+04
5.667557248800000000e+10 4.532900000000000000e+04
5.676312106400000000e+10 4.102200000000000000e+04
5.694753176800000000e+10 4.184000000000000000e+04
5.706188116000000000e+10 3.339800000000000000e+04
5.709767093600000000e+10 2.555400000000000000e+04
5.726249317600000000e+10 2.801100000000000000e+04
5.745196994400000000e+10 3.111000000000000000e+04
5.767313674400000000e+10 3.622199999999999272e+04
5.786106506400000000e+10 3.409600000000000000e+04
5.799282472800000000e+10 3.347999999999999272e+04
5.808825586400000000e+10 2.852400000000000000e+04
5.819459829600000000e+10 2.788500000000000000e+04
5.841969013600000000e+10 3.150300000000000000e+04
5.851460488800000000e+10 2.790500000000000728e+04
5.868485298400000000e+10 3.010300000000000000e+04
5.898641495200000000e+10 3.790400000000000000e+04
5.910669200800000000e+10 3.537000000000000728e+04
5.915792060000000000e+10 2.676300000000000000e+04
5.918007061600000000e+10 2.105600000000000000e+04
5.923833658400000000e+10 2.042000000000000728e+04
5.939684800800000000e+10 2.487600000000000000e+04
5.963563684000000000e+10 3.057000000000000728e+04
5.969614087200000000e+10 2.722400000000000000e+04
5.990626122400000000e+10 3.178700000000000000e+04
5.992802020000000000e+10 2.451200000000000000e+04
6.034006688800000000e+10 3.771500000000000000e+04
6.034752261600000000e+10 2.737299999999999272e+04
6.055699141600000000e+10 3.537500000000000728e+04
6.056575415200000000e+10 2.384800000000000000e+04
6.144949712800000000e+10 6.160200000000000000e+04
6.175718112800000000e+10 5.542500000000000000e+04
6.175722728800000000e+10 3.906000000000003638e+03
6.175782594400000000e+10 3.034999999999999272e+04
6.252109938400000000e+10 6.570700000000000000e+04
6.283845711200000000e+10 6.036000000000000000e+04
6.289155460000000000e+10 3.807300000000000000e+04
6.323230535200000000e+10 4.803500000000000000e+04
6.357236088800000000e+10 4.942700000000000000e+04
6.381071951200000000e+10 4.528600000000000000e+04
6.413896672800000000e+10 4.956800000000000000e+04
6.426066804000000000e+10 3.836100000000000000e+04
6.445398244000000000e+10 3.784900000000000000e+04
6.445404989600000000e+10 1.023699999999999636e+04
6.452709615200000000e+10 2.887899999999999272e+04
6.464585255200000000e+10 2.905500000000000728e+04
6.465467164000000000e+10 2.209800000000000000e+04
6.479364912800000000e+10 2.543800000000000000e+04
6.483863184800000000e+10 2.118600000000000000e+04
6.485945656800000000e+10 1.769000000000000000e+04
6.547084741600000000e+10 4.215300000000000000e+04
6.615138652000000000e+10 6.079300000000000000e+04
6.615146552800000000e+10 1.948700000000000728e+04
6.664589060000000000e+10 5.916800000000000000e+04
6.694763674400000000e+10 5.100900000000000000e+04
6.770428767200000000e+10 6.354500000000000000e+04
6.783210175200000000e+10 5.088200000000000000e+04
6.806992658400000000e+10 4.696900000000000000e+04
6.816366861600000000e+10 3.686500000000000000e+04
6.840506277600000000e+10 3.938500000000000000e+04
6.851004207200000000e+10 3.300700000000000728e+04
6.904333204000000000e+10 4.952000000000000000e+04
6.910850596000000000e+10 4.178300000000000000e+04
6.930716615200000000e+10 4.076300000000000000e+04
6.949996904800000000e+10 3.645600000000000000e+04
6.956408156000000000e+10 3.174999999999999272e+04
6.974640610400000000e+10 3.260100000000000000e+04
6.994510047200000000e+10 3.320100000000000000e+04
7.042470500000000000e+10 5.429000000000000000e+04
7.116628016800000000e+10 6.556400000000000000e+04
7.122932405600000000e+10 4.528200000000000000e+04
7.139258456800000000e+10 4.151000000000000000e+04
7.165930562400000000e+10 4.377700000000000000e+04
7.185656709600000000e+10 4.264700000000000000e+04
7.220174928800000000e+10 4.417100000000000000e+04
7.220183528800000000e+10 1.792400000000000728e+04
7.254879276000000000e+10 4.365800000000000000e+04
7.290475592800000000e+10 4.715300000000000000e+04
7.302545416800000000e+10 3.997800000000000000e+04
7.329705794400000000e+10 4.717600000000000000e+04
7.406576976800000000e+10 6.612900000000000000e+04
7.413389960800000000e+10 4.152000000000000000e+04
7.413394783200000000e+10 3.559000000000000000e+03
7.477370397600000000e+10 5.904000000000000000e+04
7.490610108000000000e+10 4.605600000000000000e+04
7.490618076000000000e+10 1.559700000000000000e+04
7.507567412000000000e+10 3.581900000000000000e+04
7.507984056800000000e+10 2.512800000000000000e+04
7.514803890400000000e+10 2.530200000000000728e+04
7.518036372000000000e+10 2.155900000000000000e+04
7.583494917600000000e+10 5.002800000000000000e+04
7.583796618400000000e+10 3.269099999999999272e+04
7.594701029600000000e+10 3.147800000000000000e+04
7.609281296800000000e+10 3.002999999999999272e+04
7.619149351200000000e+10 2.824299999999999272e+04
7.619160424800000000e+10 1.317200000000000728e+04
7.714388981600000000e+10 6.645900000000000000e+04
7.731203098400000000e+10 5.296100000000000000e+04
7.754755978400000000e+10 4.365600000000000000e+04
7.769503738400000000e+10 3.833200000000000000e+04
7.795459808800000000e+10 4.311300000000000000e+04
7.807595007200000000e+10 3.443200000000000728e+04
7.815629324000000000e+10 3.082299999999999272e+04
7.839231522400000000e+10 3.391500000000000000e+04
7.852350232800000000e+10 3.185300000000000000e+04
7.858070455200000000e+10 2.739600000000000000e+04
7.974287860000000000e+10 7.168100000000000000e+04
7.977782650400000000e+10 4.518800000000000000e+04
7.995085671200000000e+10 4.357800000000000000e+04
8.033788845600000000e+10 4.931500000000000000e+04
8.089549391200000000e+10 6.283900000000000000e+04
8.099302821600000000e+10 4.209600000000000000e+04
8.101153530400000000e+10 3.122300000000000728e+04
8.107277136800000000e+10 2.828200000000000000e+04
8.114738472800000000e+10 2.596800000000000000e+04
8.121322308000000000e+10 2.322200000000000000e+04
8.144751722400000000e+10 2.910300000000000000e+04
8.149198410400000000e+10 2.406299999999999272e+04
8.154995613600000000e+10 2.209100000000000000e+04
8.187448447200000000e+10 3.508700000000000728e+04
8.236861653600000000e+10 4.847200000000000000e+04
8.243871776800000000e+10 4.150100000000000000e+04
8.251823877600000000e+10 3.175900000000000000e+04
8.251843940000000000e+10 2.232200000000000000e+04
8.254153676000000000e+10 1.951100000000000000e+04
8.293122224800000000e+10 3.538600000000000000e+04
8.309464612000000000e+10 3.604200000000000000e+04
8.320836036000000000e+10 3.151600000000000000e+04
8.336472173600000000e+10 3.101100000000000000e+04
8.373454274400000000e+10 4.613200000000000000e+04
8.374424308000000000e+10 2.881600000000000000e+04
8.381558716000000000e+10 2.624100000000000000e+04
8.383879330400000000e+10 2.121700000000000000e+04
8.399729482400000000e+10 2.486100000000000728e+04
8.450324165600000000e+10 4.347600000000000000e+04
8.450330631200000000e+10 1.074000000000000000e+04
8.464517455200000000e+10 3.621100000000000000e+04
8.468720770400000000e+10 2.744699999999999272e+04
8.479037184800000000e+10 2.745500000000000000e+04
8.500094623200000000e+10 3.239099999999999272e+04
8.526554285600000000e+10 3.680200000000000000e+04
8.535702242400000000e+10 3.060900000000000000e+04
8.574091751200000000e+10 4.379300000000000000e+04
8.586432578400000000e+10 3.454900000000000000e+04
8.630940524000000000e+10 5.476700000000000000e+04
8.638648576800000000e+10 3.790400000000000000e+04
8.653788223200000000e+10 3.487300000000000000e+04
8.713279615200000000e+10 6.159200000000000000e+04
8.722770068000000000e+10 4.056500000000000000e+04
8.735700116000000000e+10 3.599999999999999272e+04
8.826784676000000000e+10 6.336400000000000000e+04
8.826794700000000000e+10 2.608700000000000000e+04
8.888696652000000000e+10 6.364500000000000000e+04
8.902115640800000000e+10 4.980100000000000000e+04
8.926966037600000000e+10 4.693600000000000000e+04
8.936063306400000000e+10 3.713500000000000000e+04
8.957117564000000000e+10 4.010600000000000000e+04
