# Timestamps in ns,Energies
1.369026480000000000e+08 5.599400000000000000e+04
3.113130640000000000e+08 4.625000000000000000e+04
3.759329680000000000e+08 3.594600000000000000e+04
1.226904424000000000e+09 6.749800000000000000e+04
1.944708104000000000e+09 8.001000000000000000e+04
2.011099032000000000e+09 5.301800000000000000e+04
2.381256312000000000e+09 5.540200000000000000e+04
2.678190376000000000e+09 5.125800000000000000e+04
2.899881016000000000e+09 4.612200000000000000e+04
3.329631640000000000e+09 5.664800000000000000e+04
3.329750520000000000e+09 2.527700000000000728e+04
4.603086792000000000e+09 8.105000000000000000e+04
5.501237928000000000e+09 8.001000000000000000e+04
5.501295688000000000e+09 1.582799999999999636e+04
8.864746344000000000e+09 1.050380000000000000e+05
8.988649608000000000e+09 6.748200000000000000e+04
9.853542936000000000e+09 7.895400000000000000e+04
1.048372703200000000e+10 7.425000000000000000e+04
1.050222448800000000e+10 4.433000000000000000e+04
1.190822714400000000e+10 8.513000000000000000e+04
1.190827104800000000e+10 3.783999999999996362e+03
1.336774066400000000e+10 9.633000000000000000e+04
1.336785274400000000e+10 4.380500000000000000e+04
1.336794520800000000e+10 1.191000000000000000e+04
1.374535736800000000e+10 6.040200000000000000e+04
1.404748660000000000e+10 5.376500000000000000e+04
1.460337180000000000e+10 6.369000000000000000e+04
1.464340028000000000e+10 4.962100000000000000e+04
1.517287196000000000e+10 5.825600000000000000e+04
1.747891756000000000e+10 1.104080000000000000e+05
1.762113240800000000e+10 5.584000000000000000e+04
1.775359708000000000e+10 4.453700000000000000e+04
1.830422996000000000e+10 6.289700000000000000e+04
1.830427930400000000e+10 6.346000000000003638e+03
1.959899192800000000e+10 8.591300000000000000e+04
2.036993303200000000e+10 8.288300000000000000e+04
2.094016991200000000e+10 7.328600000000000000e+04
2.101114020000000000e+10 4.696300000000000000e+04
2.142159015200000000e+10 5.504200000000000000e+04
2.172699749600000000e+10 5.179700000000000000e+04
2.211644453600000000e+10 5.433700000000000000e+04
2.211656372000000000e+10 2.816000000000000000e+04
2.312357828000000000e+10 7.296400000000000000e+04
2.372093146400000000e+10 7.072000000000000000e+04
2.396467496800000000e+10 5.920000000000000000e+04
2.396474136800000000e+10 1.380100000000000364e+04
2.441068351200000000e+10 5.456500000000000000e+04
2.441101605600000000e+10 3.768100000000000000e+04
2.441109917600000000e+10 1.083199999999999636e+04
2.507469708000000000e+10 6.176800000000000000e+04
2.564560983200000000e+10 6.816000000000000000e+04
2.610676842400000000e+10 6.603200000000000000e+04
2.647773983200000000e+10 5.883200000000000000e+04
2.649660205600000000e+10 4.457500000000000000e+04
2.742489767200000000e+10 7.072100000000000000e+04
2.747978706400000000e+10 5.054600000000000000e+04
2.747989573600000000e+10 2.071200000000000000e+04
2.972262162400000000e+10 1.021280000000000000e+05
2.974232964000000000e+10 5.296000000000000000e+04
3.040903767200000000e+10 6.752000000000000000e+04
3.178623804000000000e+10 9.504000000000000000e+04
3.351719064800000000e+10 1.004800000000000000e+05
3.397821180000000000e+10 8.203300000000001455e+04
3.448465599200000000e+10 6.446400000000000000e+04
3.448470484000000000e+10 6.555000000000003638e+03
3.452167901600000000e+10 4.401600000000000000e+04
3.458687252000000000e+10 3.312100000000000000e+04
3.609438090400000000e+10 8.640000000000000000e+04
3.637157725600000000e+10 6.544000000000000000e+04
3.659444728800000000e+10 5.280000000000000000e+04
3.698210412000000000e+10 5.488000000000000000e+04
3.755839530400000000e+10 6.323300000000000000e+04
3.755844189600000000e+10 4.728000000000000000e+03
3.777162893600000000e+10 5.099200000000000000e+04
3.903789792800000000e+10 9.502499999999998545e+04
3.950569543200000000e+10 6.758400000000000000e+04
3.950575820000000000e+10 1.496199999999999636e+04
3.950582404000000000e+10 6.703999999999996362e+03
4.223987197600000000e+10 1.043220000000000000e+05
4.229385709600000000e+10 5.628800000000000000e+04
4.273641447200000000e+10 6.558400000000000000e+04
4.298573781600000000e+10 5.524900000000000000e+04
4.325930407200000000e+10 5.179200000000000000e+04
4.327893653600000000e+10 3.456100000000000000e+04
4.442264714400000000e+10 8.012800000000000000e+04
4.442271247200000000e+10 1.815999999999999636e+04
4.458559773600000000e+10 4.603200000000000000e+04
4.466217772000000000e+10 3.560200000000000000e+04
4.548760351200000000e+10 6.889100000000000000e+04
4.680106140000000000e+10 8.791200000000000000e+04
4.711855514400000000e+10 6.418400000000000000e+04
4.742141992800000000e+10 5.548900000000000000e+04
4.753562807200000000e+10 4.451800000000000000e+04
4.837562736800000000e+10 7.067200000000000000e+04
4.837567524000000000e+10 6.530999999999992724e+03
4.894736800800000000e+10 6.964900000000000000e+04
4.894741332000000000e+10 3.422000000000007276e+03
5.085146957600000000e+10 9.607200000000000000e+04
5.131512130400000000e+10 7.254400000000000000e+04
5.131518250400000000e+10 1.481300000000000364e+04
5.131525349600000000e+10 9.064000000000003638e+03
5.283200394400000000e+10 8.736000000000000000e+04
5.283206567200000000e+10 1.843599999999999272e+04
5.283212077600000000e+10 1.543000000000007276e+03
5.373130197600000000e+10 8.160800000000000000e+04
5.411470541600000000e+10 6.592800000000000000e+04
5.411481895200000000e+10 3.320399999999999272e+04
5.442220754400000000e+10 5.046100000000000000e+04
5.574345546400000000e+10 8.549600000000000000e+04
5.574361320800000000e+10 3.487200000000000728e+04
5.581599488800000000e+10 3.914000000000000000e+04
5.585946500000000000e+10 3.027200000000000000e+04
5.589422927200000000e+10 2.580800000000000000e+04
5.662634719200000000e+10 5.691200000000000000e+04
5.758807972000000000e+10 9.258300000000000000e+04
5.874898204000000000e+10 9.141700000000000000e+04
5.989132904800000000e+10 9.441000000000000000e+04
5.989137285600000000e+10 2.106999999999996362e+03
6.085452079200000000e+10 8.740800000000000000e+04
6.129836914400000000e+10 7.062100000000000000e+04
6.144781748000000000e+10 5.182400000000000000e+04
6.144786645600000000e+10 2.911999999999992724e+03
6.190630532000000000e+10 5.897000000000000000e+04
6.190635248800000000e+10 3.607999999999992724e+03
6.200996423200000000e+10 3.902200000000000000e+04
6.201003444000000000e+10 1.143899999999999636e+04
6.308852220000000000e+10 7.352500000000000000e+04
6.480226936800000000e+10 9.826700000000000000e+04
6.480231890400000000e+10 1.095399999999999636e+04
6.506156559200000000e+10 6.596000000000000000e+04
6.506161792800000000e+10 7.805000000000000000e+03
6.626880498400000000e+10 9.127200000000000000e+04
6.656552128800000000e+10 6.088300000000000000e+04
6.656557517600000000e+10 1.031000000000000728e+04
6.696276632800000000e+10 6.542100000000000000e+04
6.753557279200000000e+10 6.303700000000000000e+04
6.794624029600000000e+10 6.461600000000000000e+04
6.812222228000000000e+10 4.819200000000000000e+04
6.903613333600000000e+10 7.408000000000000000e+04
6.907964223200000000e+10 5.047000000000000000e+04
6.912058408800000000e+10 3.482600000000000000e+04
6.912063860000000000e+10 3.528999999999996362e+03
7.016335786400000000e+10 7.516299999999998545e+04
7.095922805600000000e+10 7.671200000000000000e+04
7.095927352800000000e+10 3.559000000000003638e+03
7.208352621600000000e+10 8.967800000000000000e+04
7.226755996000000000e+10 5.978400000000000000e+04
7.260949060000000000e+10 6.333800000000000000e+04
7.404365108000000000e+10 9.380800000000000000e+04
7.459718431200000000e+10 8.068900000000000000e+04
7.459723983200000000e+10 1.268100000000000000e+04
7.494275901600000000e+10 5.749600000000000000e+04
7.519260919200000000e+10 5.109500000000000000e+04
7.519265621600000000e+10 2.501000000000007276e+03
7.549224669600000000e+10 4.795000000000000000e+04
7.590160490400000000e+10 5.851200000000000000e+04
7.590165333600000000e+10 4.741000000000003638e+03
7.613323436000000000e+10 4.547300000000000000e+04
7.680898653600000000e+10 6.351600000000000000e+04
7.680918207200000000e+10 4.056200000000000000e+04
7.708470538400000000e+10 4.773500000000000000e+04
7.721234464800000000e+10 3.652400000000000000e+04
7.741966632800000000e+10 4.097600000000000000e+04
7.814319128800000000e+10 7.912100000000000000e+04
7.814325330400000000e+10 1.304999999999999272e+04
7.814340039200000000e+10 1.779300000000000728e+04
7.820436460000000000e+10 3.001900000000000000e+04
7.826154482400000000e+10 2.511600000000000000e+04
8.030575117600000000e+10 9.597700000000000000e+04
8.030579690400000000e+10 6.918000000000003638e+03
8.064122960800000000e+10 6.661700000000000000e+04
8.139513042400000000e+10 8.173599999999998545e+04
8.290963904800000000e+10 9.296000000000000000e+04
8.365767399200000000e+10 8.088300000000000000e+04
8.510528508000000000e+10 9.974600000000000000e+04
8.510533530400000000e+10 1.086100000000000364e+04
8.604897624800000000e+10 8.158700000000000000e+04
8.678513172000000000e+10 8.215400000000000000e+04
8.678523045600000000e+10 3.113899999999999272e+04
8.705053789600000000e+10 5.352600000000000000e+04
8.739854447200000000e+10 5.006400000000000000e+04
8.742915919200000000e+10 3.466200000000000000e+04
8.788359682400000000e+10 4.977800000000000000e+04
8.849450663200000000e+10 6.535400000000000000e+04
8.850236533600000000e+10 4.336100000000000000e+04
8.871264807200000000e+10 4.067100000000000000e+04
8.945750815200000000e+10 6.748900000000000000e+04
