# Timestamps in ns,Energies
1.029325640000000000e+09 9.464100000000000000e+04
1.629674920000000000e+09 7.472800000000000000e+04
1.644626232000000000e+09 4.996000000000000000e+04
1.797731320000000000e+09 3.894400000000000000e+04
1.916843624000000000e+09 3.635999999999999272e+04
2.049555336000000000e+09 3.453200000000000000e+04
2.543890728000000000e+09 4.850500000000000000e+04
2.667317768000000000e+09 3.900800000000000000e+04
3.120431016000000000e+09 4.777100000000000000e+04
3.177389064000000000e+09 3.521000000000000000e+04
4.018164072000000000e+09 6.652900000000000000e+04
4.063186744000000000e+09 4.016100000000000000e+04
4.094106200000000000e+09 3.234999999999999272e+04
4.094159144000000000e+09 2.540999999999992724e+03
4.483696552000000000e+09 3.969000000000000000e+04
4.706773992000000000e+09 4.657500000000000000e+04
4.724979368000000000e+09 3.081800000000000000e+04
4.820934856000000000e+09 3.110100000000000000e+04
5.202385224000000000e+09 4.197700000000000000e+04
6.719849144000000000e+09 7.901300000000000000e+04
7.190177496000000000e+09 7.403200000000000000e+04
7.429685720000000000e+09 5.744400000000000000e+04
7.631266552000000000e+09 4.378900000000000000e+04
7.641788232000000000e+09 3.419800000000000000e+04
7.961674680000000000e+09 3.953100000000000000e+04
8.132075848000000000e+09 4.002000000000000000e+04
8.372458408000000000e+09 3.982200000000000000e+04
8.801222280000000000e+09 4.901600000000000000e+04
9.881471096000000000e+09 7.593300000000000000e+04
1.010459336800000000e+10 6.037800000000000000e+04
1.014122037600000000e+10 3.793000000000000000e+04
1.019601205600000000e+10 3.354599999999999272e+04
1.079887752800000000e+10 4.935200000000000000e+04
1.138943514400000000e+10 6.438000000000000000e+04
1.277513679200000000e+10 8.844200000000000000e+04
1.285751172000000000e+10 4.984000000000000000e+04
1.287702978400000000e+10 3.682200000000000000e+04
1.312703628000000000e+10 3.901500000000000000e+04
1.356025063200000000e+10 5.347700000000000000e+04
1.386393762400000000e+10 4.928100000000000000e+04
1.423690789600000000e+10 5.165300000000000000e+04
1.529764255200000000e+10 6.936200000000000000e+04
1.570586029600000000e+10 6.962800000000000000e+04
1.596255688800000000e+10 4.780900000000000000e+04
1.656750708000000000e+10 5.902200000000000000e+04
1.660485480800000000e+10 3.944500000000000000e+04
1.667773506400000000e+10 3.343500000000000000e+04
1.728758671200000000e+10 5.344100000000000000e+04
1.858487005600000000e+10 8.572100000000000000e+04
1.863496962400000000e+10 4.891400000000000000e+04
1.926832004000000000e+10 6.890400000000000000e+04
1.975997684000000000e+10 5.774700000000000000e+04
1.980164338400000000e+10 3.921600000000000000e+04
2.022434701600000000e+10 5.001100000000000000e+04
2.025040144800000000e+10 3.830400000000000000e+04
2.077992319200000000e+10 5.299200000000000000e+04
2.106229509600000000e+10 5.345800000000000000e+04
2.323931300000000000e+10 9.293200000000000000e+04
2.429405840800000000e+10 8.262900000000000000e+04
2.626432095200000000e+10 8.530000000000000000e+04
2.626440421600000000e+10 3.339899999999999272e+04
2.641403698400000000e+10 4.937700000000000000e+04
2.673946116000000000e+10 5.325500000000000000e+04
2.692022332000000000e+10 4.085400000000000000e+04
2.722801074400000000e+10 4.995200000000000000e+04
2.757165391200000000e+10 4.647700000000000000e+04
2.842703719200000000e+10 6.569800000000000000e+04
2.875169384800000000e+10 5.287600000000000000e+04
2.931665690400000000e+10 6.407700000000000000e+04
2.931670658400000000e+10 7.305000000000003638e+03
2.991188034400000000e+10 6.388800000000000000e+04
3.048093730400000000e+10 7.430399999999998545e+04
3.086373266400000000e+10 5.956100000000000000e+04
3.122214903200000000e+10 5.408900000000000000e+04
3.229673844000000000e+10 7.026600000000000000e+04
3.262599997600000000e+10 5.813100000000000000e+04
3.262920861600000000e+10 3.571400000000000000e+04
3.265556514400000000e+10 2.934600000000000000e+04
3.280173082400000000e+10 3.094000000000000000e+04
3.332742527200000000e+10 4.531400000000000000e+04
3.517210700000000000e+10 8.443400000000000000e+04
3.522491452000000000e+10 5.321900000000000000e+04
3.564907810400000000e+10 5.167600000000000000e+04
3.601804413600000000e+10 6.029000000000000000e+04
3.601810511200000000e+10 1.129400000000000728e+04
3.618465208800000000e+10 4.076600000000000000e+04
3.674722487200000000e+10 5.239200000000000000e+04
3.751505727200000000e+10 6.473200000000000000e+04
3.765407792800000000e+10 4.780600000000000000e+04
3.803199808800000000e+10 5.009800000000000000e+04
3.824343888800000000e+10 4.523200000000000000e+04
3.831696720800000000e+10 3.370700000000000000e+04
3.832546381600000000e+10 2.806500000000000000e+04
3.835979423200000000e+10 2.152099999999999272e+04
3.837622677600000000e+10 1.864100000000000000e+04
3.869070775200000000e+10 3.127000000000000000e+04
3.890484176800000000e+10 3.460499999999999272e+04
3.900662959200000000e+10 2.909499999999999272e+04
3.966595010400000000e+10 5.364800000000000000e+04
3.982705781600000000e+10 4.340500000000000000e+04
3.984176188000000000e+10 3.108100000000000000e+04
3.984792448800000000e+10 2.400000000000000000e+04
4.032802536800000000e+10 4.110200000000000000e+04
4.037957458400000000e+10 3.224800000000000000e+04
4.149679472800000000e+10 7.225700000000000000e+04
4.149686924000000000e+10 2.058500000000000000e+04
4.176462498400000000e+10 5.195100000000000000e+04
4.176467359200000000e+10 5.019000000000003638e+03
4.176689994400000000e+10 3.087200000000000000e+04
4.243454213600000000e+10 5.520600000000000000e+04
4.249744898400000000e+10 4.230500000000000000e+04
4.286684256800000000e+10 4.826400000000000000e+04
4.364358303200000000e+10 6.066600000000000000e+04
4.406126429600000000e+10 6.491600000000000000e+04
4.428584144800000000e+10 4.871600000000000000e+04
4.495081794400000000e+10 6.849000000000000000e+04
4.503073597600000000e+10 4.588000000000000000e+04
4.503681036000000000e+10 3.065000000000000000e+04
4.573421317600000000e+10 5.383200000000000000e+04
4.681248597600000000e+10 7.062700000000000000e+04
4.701917863200000000e+10 5.841600000000000000e+04
4.744466631200000000e+10 6.220300000000000000e+04
4.749023288800000000e+10 3.778800000000000000e+04
4.783827191200000000e+10 4.641900000000000000e+04
4.835420740000000000e+10 5.292500000000000000e+04
4.853501460000000000e+10 4.883200000000000000e+04
4.853506026400000000e+10 1.698000000000003638e+03
4.893402567200000000e+10 4.900600000000000000e+04
4.906297271200000000e+10 4.168000000000000000e+04
4.919505829600000000e+10 3.732600000000000000e+04
4.937423634400000000e+10 3.689100000000000000e+04
4.950717788000000000e+10 3.224600000000000728e+04
4.980400503200000000e+10 3.785700000000000000e+04
5.016986112800000000e+10 4.623900000000000000e+04
5.031287456800000000e+10 3.802100000000000000e+04
5.031295144800000000e+10 1.425899999999999636e+04
5.077739564000000000e+10 4.895400000000000000e+04
5.082881152800000000e+10 3.390599999999999272e+04
5.227984066400000000e+10 7.307500000000000000e+04
5.300902813600000000e+10 6.958800000000000000e+04
5.312219439200000000e+10 4.677500000000000000e+04
5.362471224800000000e+10 5.679800000000000000e+04
5.367110325600000000e+10 3.928900000000000000e+04
5.428163693600000000e+10 6.079400000000000000e+04
5.507401248800000000e+10 6.505100000000000000e+04
5.507406778400000000e+10 1.293900000000000364e+04
5.543075805600000000e+10 5.383200000000000000e+04
5.551541200800000000e+10 4.071200000000000000e+04
5.553218804000000000e+10 3.054100000000000728e+04
5.606335848800000000e+10 5.125600000000000000e+04
5.606340693600000000e+10 4.690999999999996362e+03
5.606346909600000000e+10 4.141000000000000000e+03
5.631312885600000000e+10 4.102200000000000000e+04
5.695992453600000000e+10 6.698500000000000000e+04
5.734584452000000000e+10 5.186600000000000000e+04
5.760427029600000000e+10 4.737700000000000000e+04
5.769466237600000000e+10 4.115400000000000000e+04
5.785238511200000000e+10 3.627200000000000000e+04
5.785250407200000000e+10 1.997600000000000000e+04
5.790258866400000000e+10 2.482500000000000000e+04
5.862724207200000000e+10 5.175300000000000000e+04
6.092191487200000000e+10 8.891700000000000000e+04
6.092199128800000000e+10 3.244100000000000728e+04
6.135950138400000000e+10 5.752600000000000000e+04
6.135956277600000000e+10 1.353200000000000728e+04
6.272582072800000000e+10 7.985100000000000000e+04
6.389789647200000000e+10 8.280100000000000000e+04
6.403069320800000000e+10 5.805600000000000000e+04
6.516675495200000000e+10 7.678200000000000000e+04
6.554458853600000000e+10 5.884100000000000000e+04
6.582235927200000000e+10 5.144800000000000000e+04
6.582258986400000000e+10 3.590900000000000000e+04
6.584655168800000000e+10 2.935200000000000000e+04
6.616124477600000000e+10 3.726600000000000000e+04
6.757670162400000000e+10 7.664800000000000000e+04
6.788145341600000000e+10 5.950200000000000000e+04
6.855217943200000000e+10 6.418400000000000000e+04
6.855224312800000000e+10 1.798400000000000728e+04
6.916851920800000000e+10 6.723200000000000000e+04
6.975171164000000000e+10 6.344000000000000000e+04
6.998647117600000000e+10 6.015900000000000000e+04
7.021092412000000000e+10 4.861600000000000000e+04
7.060656376800000000e+10 5.081100000000000000e+04
7.061972812000000000e+10 3.439699999999999272e+04
7.067699437600000000e+10 3.126299999999999272e+04
7.074241591200000000e+10 2.548800000000000728e+04
7.099951303200000000e+10 3.195200000000000000e+04
7.136161303200000000e+10 4.287400000000000000e+04
7.397977839200000000e+10 9.505800000000000000e+04
7.446091266400000000e+10 6.855700000000000000e+04
7.593289605600000000e+10 9.080800000000000000e+04
7.674270960800000000e+10 8.254400000000000000e+04
7.698839160800000000e+10 5.575300000000000000e+04
7.755362882400000000e+10 6.562700000000000000e+04
7.774612888800000000e+10 5.183600000000000000e+04
7.814944111200000000e+10 4.977600000000000000e+04
7.928476570400000000e+10 7.251600000000000000e+04
8.003000268000000000e+10 6.886200000000000000e+04
8.003004748000000000e+10 5.402999999999992724e+03
8.042361986400000000e+10 5.938000000000000000e+04
8.084697653600000000e+10 6.543400000000000000e+04
8.182845103200000000e+10 7.193000000000000000e+04
8.182850552800000000e+10 1.349200000000000728e+04
8.224205156000000000e+10 5.472000000000000000e+04
8.251085397600000000e+10 5.254600000000000000e+04
8.340044658400000000e+10 6.522500000000000000e+04
8.403814732000000000e+10 7.071200000000000000e+04
8.403834429600000000e+10 4.010500000000000000e+04
8.448208845600000000e+10 5.480200000000000000e+04
8.485819420000000000e+10 5.105100000000000000e+04
8.485834050400000000e+10 2.695400000000000728e+04
8.559399117600000000e+10 5.736900000000000000e+04
8.664224639200000000e+10 8.038400000000000000e+04
8.674575688800000000e+10 5.462500000000000000e+04
8.711047735200000000e+10 5.374000000000000000e+04
8.741413964000000000e+10 5.141600000000000000e+04
8.778089464800000000e+10 5.039000000000000000e+04
8.804022013600000000e+10 4.443900000000000000e+04
8.842422072800000000e+10 5.159700000000000000e+04
8.863332752800000000e+10 4.275600000000000000e+04
8.914153757600000000e+10 5.177600000000000000e+04
8.932639348000000000e+10 4.337000000000000000e+04
