# Timestamps in ns,Energies
1.859438480000000000e+08 3.473600000000000000e+04
5.604739760000000000e+08 4.694500000000000000e+04
1.187397784000000000e+09 6.112000000000000000e+04
1.239587816000000000e+09 4.165100000000000000e+04
1.324796456000000000e+09 3.470700000000000728e+04
1.884795208000000000e+09 5.342500000000000000e+04
2.083002088000000000e+09 4.628000000000000000e+04
2.271908216000000000e+09 4.494200000000000000e+04
3.155836712000000000e+09 6.514400000000000000e+04
3.155882056000000000e+09 5.043000000000000000e+03
3.809739096000000000e+09 6.868000000000000000e+04
4.097603400000000000e+09 5.693000000000000000e+04
4.140587064000000000e+09 3.912400000000000000e+04
4.252437384000000000e+09 3.670300000000000000e+04
4.670941544000000000e+09 4.665900000000000000e+04
5.010239432000000000e+09 5.175300000000000000e+04
5.348302456000000000e+09 4.869200000000000000e+04
5.516891064000000000e+09 4.519500000000000000e+04
5.664865352000000000e+09 4.159100000000000000e+04
5.794692344000000000e+09 3.344699999999999272e+04
6.362188024000000000e+09 5.549900000000000000e+04
6.416798904000000000e+09 3.648700000000000000e+04
7.090193224000000000e+09 6.284500000000000000e+04
7.293387624000000000e+09 5.234400000000000000e+04
7.446520440000000000e+09 4.163300000000000000e+04
7.463840232000000000e+09 3.038300000000000728e+04
8.094420168000000000e+09 5.500700000000000000e+04
8.583909816000000000e+09 6.253500000000000000e+04
8.600170952000000000e+09 3.884700000000000000e+04
8.975828952000000000e+09 4.614100000000000000e+04
9.202623960000000000e+09 4.477800000000000000e+04
9.202742120000000000e+09 1.832600000000000000e+04
9.231605848000000000e+09 2.750900000000000728e+04
9.231752008000000000e+09 2.513000000000007276e+03
9.338866120000000000e+09 2.375400000000000000e+04
9.392452776000000000e+09 2.157600000000000000e+04
9.426124152000000000e+09 1.890700000000000000e+04
9.462070648000000000e+09 1.707299999999999272e+04
9.530384136000000000e+09 1.704199999999999636e+04
9.600000152000000000e+09 1.752900000000000364e+04
1.007453013600000000e+10 3.592500000000000000e+04
1.017896290400000000e+10 3.500099999999999272e+04
1.017901781600000000e+10 4.569999999999992724e+03
1.065228224800000000e+10 4.381600000000000000e+04
1.086339648800000000e+10 4.993500000000000000e+04
1.138749072800000000e+10 5.397300000000000000e+04
1.173046162400000000e+10 5.152300000000000000e+04
1.219719352800000000e+10 5.674500000000000000e+04
1.274486592800000000e+10 6.330000000000000000e+04
1.303666493600000000e+10 5.891200000000000000e+04
1.342531271200000000e+10 5.364100000000000000e+04
1.388121767200000000e+10 6.612800000000000000e+04
1.434683424800000000e+10 5.728100000000000000e+04
1.497299143200000000e+10 6.851500000000000000e+04
1.501409103200000000e+10 3.989900000000000000e+04
1.502517672800000000e+10 2.773000000000000000e+04
1.552530215200000000e+10 6.059000000000000000e+04
1.607673596000000000e+10 5.535200000000000000e+04
1.609338868000000000e+10 3.952400000000000000e+04
1.628331762400000000e+10 3.727100000000000000e+04
1.664859476000000000e+10 4.652700000000000000e+04
1.664866010400000000e+10 5.679999999999992724e+03
1.680149650400000000e+10 3.624000000000000000e+04
1.698867682400000000e+10 3.700000000000000000e+04
1.765503954400000000e+10 5.980700000000000000e+04
1.791140052000000000e+10 5.114600000000000000e+04
1.817147471200000000e+10 4.728000000000000000e+04
1.819374493600000000e+10 3.403500000000000000e+04
1.851007538400000000e+10 3.932700000000000000e+04
1.859656756000000000e+10 3.401600000000000000e+04
1.875079856800000000e+10 3.219400000000000000e+04
1.924214205600000000e+10 5.076900000000000000e+04
1.977464128800000000e+10 6.487600000000000000e+04
1.987894903200000000e+10 4.102100000000000000e+04
1.996811122400000000e+10 3.765800000000000000e+04
2.012524000800000000e+10 3.420900000000000728e+04
2.014586400800000000e+10 2.511100000000000000e+04
2.075263744800000000e+10 4.835500000000000000e+04
2.103008439200000000e+10 5.203200000000000000e+04
2.103016285600000000e+10 1.775800000000000364e+04
2.185755668000000000e+10 7.104000000000000000e+04
2.201710368800000000e+10 5.081200000000000000e+04
2.225377901600000000e+10 4.690400000000000000e+04
2.304023498400000000e+10 6.348500000000000000e+04
2.357683628000000000e+10 6.896100000000000000e+04
2.501051752800000000e+10 8.056000000000000000e+04
2.548267829600000000e+10 7.993300000000000000e+04
2.579122935200000000e+10 6.007300000000000000e+04
2.707545436000000000e+10 8.442800000000000000e+04
2.732934584800000000e+10 6.090200000000000000e+04
2.746116920800000000e+10 4.411900000000000000e+04
2.748812341600000000e+10 3.279500000000000000e+04
2.766951992800000000e+10 3.603899999999999272e+04
2.818275114400000000e+10 4.931800000000000000e+04
2.818281295200000000e+10 1.111999999999999636e+04
2.824317207200000000e+10 3.189499999999999272e+04
2.852472677600000000e+10 4.007300000000000000e+04
2.863815437600000000e+10 3.496600000000000000e+04
2.881026274400000000e+10 3.409699999999999272e+04
2.903661149600000000e+10 3.912000000000000000e+04
2.921075301600000000e+10 3.639400000000000000e+04
2.926704642400000000e+10 2.923500000000000728e+04
2.930476866400000000e+10 2.353500000000000000e+04
2.948166456800000000e+10 2.767200000000000728e+04
2.957179744800000000e+10 2.552399999999999272e+04
2.962094191200000000e+10 2.377800000000000000e+04
2.968912855200000000e+10 2.116000000000000000e+04
2.968924445600000000e+10 3.630999999999996362e+03
2.992598429600000000e+10 2.753400000000000000e+04
3.026246924000000000e+10 3.708800000000000000e+04
3.062884421600000000e+10 5.073500000000000000e+04
3.125889836000000000e+10 5.784900000000000000e+04
3.125895170400000000e+10 9.040000000000000000e+03
3.128050260000000000e+10 3.342500000000000728e+04
3.190400936800000000e+10 6.054300000000000000e+04
3.190408810400000000e+10 1.960900000000000728e+04
3.198818351200000000e+10 3.613400000000000000e+04
3.226255263200000000e+10 4.136000000000000000e+04
3.247479055200000000e+10 3.947200000000000000e+04
3.249015196000000000e+10 2.942100000000000000e+04
3.257191804000000000e+10 2.912100000000000000e+04
3.324529416800000000e+10 5.529200000000000000e+04
3.329979866400000000e+10 3.900600000000000000e+04
3.345098808800000000e+10 3.672200000000000000e+04
3.345802560800000000e+10 2.592600000000000000e+04
3.346210626400000000e+10 1.991000000000000000e+04
3.393681813600000000e+10 4.428700000000000000e+04
3.405044204000000000e+10 3.497600000000000000e+04
3.439103031200000000e+10 4.042100000000000000e+04
3.445988040800000000e+10 3.257500000000000000e+04
3.495195684000000000e+10 5.119300000000000000e+04
3.526528730400000000e+10 4.694200000000000000e+04
3.560712165600000000e+10 5.124200000000000000e+04
3.560716836000000000e+10 3.365999999999996362e+03
3.564597975200000000e+10 3.333199999999999272e+04
3.605638576800000000e+10 4.696800000000000000e+04
3.739248468000000000e+10 7.900000000000000000e+04
3.756998618400000000e+10 5.716800000000000000e+04
3.792766829600000000e+10 5.727000000000000000e+04
3.804281599200000000e+10 4.265700000000000000e+04
3.817452616800000000e+10 4.043000000000000000e+04
3.829577154400000000e+10 3.555200000000000000e+04
3.890657066400000000e+10 5.389800000000000000e+04
3.925956639200000000e+10 5.678500000000000000e+04
3.925964932000000000e+10 1.294699999999999272e+04
3.947831580000000000e+10 4.312500000000000000e+04
4.003670506400000000e+10 5.378500000000000000e+04
4.010943754400000000e+10 4.268100000000000000e+04
4.024078394400000000e+10 3.664600000000000000e+04
4.040621140000000000e+10 3.838700000000000000e+04
4.106892479200000000e+10 6.198500000000000000e+04
4.107365042400000000e+10 3.578099999999999272e+04
4.107375050400000000e+10 1.615199999999999636e+04
4.132721888800000000e+10 3.860300000000000000e+04
4.158557532000000000e+10 4.183300000000000000e+04
4.174051277600000000e+10 3.601600000000000000e+04
4.178331860000000000e+10 2.826700000000000000e+04
4.180036616800000000e+10 2.274500000000000000e+04
4.220731423200000000e+10 4.107400000000000000e+04
4.226743255200000000e+10 3.067300000000000728e+04
4.292085173600000000e+10 5.489100000000000000e+04
4.366474776800000000e+10 6.645200000000000000e+04
4.367381375200000000e+10 4.088900000000000000e+04
4.392169938400000000e+10 4.278900000000000000e+04
4.393643480800000000e+10 3.285700000000000000e+04
4.395861044000000000e+10 2.562100000000000000e+04
4.406221938400000000e+10 2.438599999999999272e+04
4.420557202400000000e+10 2.607300000000000728e+04
4.450073661600000000e+10 3.537700000000000000e+04
4.450081111200000000e+10 7.662000000000007276e+03
4.465043920800000000e+10 3.166399999999999272e+04
4.467588535200000000e+10 2.421800000000000000e+04
4.500376658400000000e+10 3.716800000000000000e+04
4.501497924000000000e+10 2.723300000000000000e+04
4.596772516000000000e+10 6.687300000000000000e+04
4.596776890400000000e+10 3.135999999999992724e+03
4.658709368800000000e+10 6.634000000000000000e+04
4.668411962400000000e+10 4.285200000000000000e+04
4.694722660000000000e+10 4.502900000000000000e+04
4.715894396000000000e+10 4.130100000000000000e+04
4.736660050400000000e+10 4.381600000000000000e+04
4.772024514400000000e+10 4.614500000000000000e+04
4.772029501600000000e+10 5.240000000000000000e+03
4.774848295200000000e+10 3.067699999999999272e+04
4.786680773600000000e+10 2.965400000000000000e+04
4.832910360800000000e+10 4.781700000000000000e+04
4.836107554400000000e+10 3.272000000000000000e+04
4.878878218400000000e+10 4.704600000000000000e+04
4.878885245600000000e+10 1.309199999999999636e+04
4.916088242400000000e+10 4.824000000000000000e+04
4.947109114400000000e+10 4.734400000000000000e+04
4.956469775200000000e+10 4.165000000000000000e+04
5.025069071200000000e+10 5.822100000000000000e+04
5.025078628000000000e+10 2.942500000000000000e+04
5.036841584800000000e+10 3.740900000000000000e+04
5.037963778400000000e+10 2.663000000000000728e+04
5.103104788000000000e+10 5.723200000000000000e+04
5.111526925600000000e+10 4.128200000000000000e+04
5.122951986400000000e+10 3.565700000000000000e+04
5.138686522400000000e+10 3.417599999999999272e+04
5.163049546400000000e+10 3.945900000000000000e+04
5.217668234400000000e+10 5.438400000000000000e+04
5.221209514400000000e+10 3.758700000000000000e+04
5.291416967200000000e+10 6.138900000000000000e+04
5.291425020000000000e+10 1.970600000000000728e+04
5.294804997600000000e+10 3.368600000000000000e+04
5.384661740000000000e+10 7.389900000000001455e+04
5.395014084000000000e+10 4.338500000000000000e+04
5.443601079200000000e+10 6.411200000000000000e+04
5.468951690400000000e+10 5.335700000000000000e+04
5.468956938400000000e+10 6.880999999999996362e+03
5.483067690400000000e+10 3.842900000000000000e+04
5.489159405600000000e+10 3.052100000000000000e+04
5.509488114400000000e+10 3.555000000000000000e+04
5.525985416800000000e+10 3.377099999999999272e+04
5.532736066400000000e+10 3.122600000000000000e+04
5.546472650400000000e+10 2.869300000000000000e+04
5.614036240800000000e+10 5.539500000000000000e+04
5.614271168800000000e+10 3.233600000000000000e+04
5.625336818400000000e+10 3.581500000000000728e+04
5.645453610400000000e+10 3.651200000000000000e+04
5.741645258400000000e+10 6.682400000000000000e+04
5.783576720800000000e+10 6.621000000000000000e+04
5.830271648800000000e+10 5.819300000000000000e+04
5.847118200800000000e+10 4.741000000000000000e+04
5.874516245600000000e+10 4.960800000000000000e+04
5.986747464800000000e+10 8.025800000000000000e+04
6.047245084000000000e+10 7.732200000000001455e+04
6.047254429600000000e+10 2.791900000000000000e+04
6.121803800800000000e+10 6.456900000000000000e+04
6.126615434400000000e+10 5.074900000000000000e+04
6.205408525600000000e+10 6.560300000000000000e+04
6.225438892000000000e+10 4.992900000000000000e+04
6.225447348000000000e+10 1.957300000000000728e+04
6.245010784800000000e+10 4.187900000000000000e+04
6.324227808800000000e+10 6.227200000000000000e+04
6.338501626400000000e+10 4.780900000000000000e+04
6.345233092000000000e+10 3.841400000000000000e+04
6.353203026400000000e+10 2.937599999999999272e+04
6.353210274400000000e+10 9.117000000000003638e+03
6.362963752800000000e+10 2.466000000000000000e+04
6.367935743200000000e+10 2.282399999999999272e+04
6.374822223200000000e+10 2.110400000000000000e+04
6.380612293600000000e+10 1.981600000000000000e+04
6.415624104800000000e+10 3.427100000000000000e+04
6.415631188000000000e+10 9.520000000000007276e+03
6.448564788000000000e+10 4.009700000000000000e+04
6.502156898400000000e+10 5.463600000000000000e+04
6.502168621600000000e+10 2.470900000000000000e+04
6.727658490400000000e+10 1.043170000000000000e+05
6.778229060000000000e+10 7.280300000000000000e+04
6.811594444000000000e+10 6.761600000000000000e+04
6.915938349600000000e+10 8.361699999999998545e+04
6.925199829600000000e+10 4.973500000000000000e+04
6.943731114400000000e+10 4.545900000000000000e+04
6.943737221600000000e+10 1.066800000000000000e+04
7.143043983200000000e+10 9.424100000000000000e+04
7.187789709600000000e+10 8.032300000000001455e+04
7.223124389600000000e+10 5.600800000000000000e+04
7.256372836000000000e+10 5.538500000000000000e+04
7.277388045600000000e+10 4.663500000000000000e+04
7.277398261600000000e+10 1.627100000000000728e+04
7.310108368800000000e+10 4.334300000000000000e+04
7.348860156000000000e+10 5.051200000000000000e+04
7.348872893600000000e+10 2.573700000000000000e+04
7.350593716000000000e+10 2.637700000000000000e+04
7.350608397600000000e+10 1.954700000000000000e+04
7.361953536800000000e+10 2.395899999999999272e+04
7.365654898400000000e+10 2.040000000000000000e+04
7.381205685600000000e+10 2.668500000000000000e+04
7.383789250400000000e+10 1.968200000000000000e+04
7.401767008800000000e+10 2.518900000000000000e+04
7.458842762400000000e+10 4.813700000000000000e+04
7.470996692000000000e+10 3.987200000000000000e+04
7.489227975200000000e+10 3.643400000000000000e+04
7.544818058400000000e+10 5.406800000000000000e+04
7.564394317600000000e+10 4.924300000000000000e+04
7.608592556000000000e+10 5.131900000000000000e+04
7.637534861600000000e+10 5.505100000000000000e+04
7.694862031200000000e+10 6.335100000000000000e+04
7.716785359200000000e+10 4.917700000000000000e+04
7.731232986400000000e+10 4.207200000000000000e+04
7.764439901600000000e+10 4.855200000000000000e+04
7.766731338400000000e+10 3.244699999999999272e+04
7.813226767200000000e+10 5.084100000000000000e+04
7.887711090400000000e+10 6.306800000000000000e+04
7.888293812000000000e+10 4.078700000000000000e+04
7.898270509600000000e+10 3.610899999999999272e+04
7.932796023200000000e+10 4.413700000000000000e+04
8.065725368800000000e+10 7.794300000000000000e+04
8.065730405600000000e+10 1.139300000000000728e+04
8.075683860000000000e+10 4.644700000000000000e+04
8.208884010400000000e+10 8.283900000000000000e+04
8.353576431200000000e+10 8.448400000000000000e+04
8.353716994400000000e+10 5.454700000000000000e+04
8.379915876000000000e+10 4.728000000000000000e+04
8.454685202400000000e+10 6.616100000000000000e+04
8.482179181600000000e+10 5.938700000000000000e+04
8.491257636000000000e+10 4.045000000000000000e+04
8.543707328800000000e+10 5.778500000000000000e+04
8.544641544800000000e+10 3.893400000000000000e+04
8.570531301600000000e+10 4.285000000000000000e+04
8.570699378400000000e+10 2.991200000000000000e+04
8.586338996000000000e+10 2.982600000000000000e+04
8.607689631200000000e+10 3.585200000000000728e+04
8.635958647200000000e+10 3.868900000000000000e+04
8.655385946400000000e+10 4.188400000000000000e+04
8.655396880800000000e+10 1.914600000000000000e+04
8.738606624800000000e+10 6.398600000000000000e+04
8.748955388000000000e+10 4.391200000000000000e+04
8.753383053600000000e+10 3.416200000000000728e+04
8.757074304800000000e+10 2.703300000000000000e+04
8.812258096800000000e+10 4.669700000000000000e+04
8.812263224800000000e+10 6.404999999999992724e+03
8.858927485600000000e+10 5.220900000000000000e+04
8.967273703200000000e+10 7.514500000000000000e+04
8.972725463200000000e+10 4.884900000000000000e+04
