# Timestamps in ns,Energies
1.195272400000000000e+08 7.280200000000000000e+04
4.393309680000000000e+08 5.600000000000000000e+04
1.197921976000000000e+09 7.824200000000000000e+04
2.555302328000000000e+09 1.038110000000000000e+05
2.966874024000000000e+09 7.490200000000000000e+04
3.338377736000000000e+09 5.952100000000000000e+04
5.308964776000000000e+09 9.432100000000000000e+04
6.489550264000000000e+09 1.078810000000000291e+05
6.605347912000000000e+09 5.603200000000000000e+04
8.686621816000000000e+09 9.821700000000000000e+04
8.686667976000000000e+09 8.308000000000003638e+03
8.686727688000000000e+09 8.819999999999996362e+03
8.686809720000000000e+09 1.210099999999999272e+04
8.745203624000000000e+09 3.407499999999999272e+04
9.337553928000000000e+09 6.212000000000000000e+04
1.062716351200000000e+10 8.552800000000000000e+04
1.158723824800000000e+10 8.608100000000000000e+04
1.179569839200000000e+10 6.346400000000000000e+04
1.252487295200000000e+10 7.609800000000000000e+04
1.328744762400000000e+10 7.279600000000000000e+04
1.396973527200000000e+10 8.076799999999998545e+04
1.401918101600000000e+10 4.717600000000000000e+04
1.417446564000000000e+10 4.297200000000000000e+04
1.489821348000000000e+10 6.845600000000000000e+04
1.512872178400000000e+10 5.048000000000000000e+04
1.525198296800000000e+10 4.296900000000000000e+04
1.544110792800000000e+10 4.504600000000000000e+04
1.726433221600000000e+10 9.003700000000000000e+04
1.752627373600000000e+10 6.935400000000000000e+04
1.759080157600000000e+10 4.639900000000000000e+04
1.764355613600000000e+10 3.151800000000000000e+04
1.821087245600000000e+10 5.431300000000000000e+04
1.835794656800000000e+10 4.372300000000000000e+04
1.859248101600000000e+10 4.311200000000000000e+04
1.980098064800000000e+10 7.982400000000000000e+04
1.980105506400000000e+10 1.588600000000000364e+04
2.000098653600000000e+10 5.165600000000000000e+04
2.000103746400000000e+10 6.632999999999992724e+03
2.030495935200000000e+10 4.768200000000000000e+04
2.048262338400000000e+10 4.172800000000000000e+04
2.128293231200000000e+10 8.157700000000000000e+04
2.138552218400000000e+10 4.504600000000000000e+04
2.214970568800000000e+10 6.672200000000000000e+04
2.225074031200000000e+10 4.693600000000000000e+04
2.280204418400000000e+10 6.524200000000000000e+04
2.280783042400000000e+10 3.661800000000000000e+04
2.305271421600000000e+10 4.659200000000000000e+04
2.312634786400000000e+10 3.468900000000000000e+04
2.424877509600000000e+10 7.745700000000000000e+04
2.452025952800000000e+10 6.185000000000000000e+04
2.469870034400000000e+10 4.744700000000000000e+04
2.541705808800000000e+10 7.338800000000000000e+04
2.552042853600000000e+10 4.724100000000000000e+04
2.552047511200000000e+10 1.588999999999996362e+03
2.575121068000000000e+10 4.193800000000000000e+04
2.582603847200000000e+10 3.552200000000000000e+04
2.584485940000000000e+10 2.580000000000000000e+04
2.654433744800000000e+10 6.156900000000000000e+04
2.684950053600000000e+10 5.211900000000000000e+04
2.697398757600000000e+10 4.146500000000000000e+04
2.707697524000000000e+10 3.699900000000000000e+04
2.718289536800000000e+10 3.105900000000000000e+04
2.739751767200000000e+10 3.714700000000000000e+04
2.744092474400000000e+10 2.715200000000000000e+04
2.768138508000000000e+10 3.491899999999999272e+04
2.803226855200000000e+10 4.821800000000000000e+04
2.810562212000000000e+10 3.374900000000000000e+04
2.816938733600000000e+10 2.752900000000000000e+04
2.866619863200000000e+10 4.622800000000000000e+04
2.907116997600000000e+10 5.690500000000000000e+04
2.911127010400000000e+10 3.483900000000000728e+04
3.029150930400000000e+10 8.405400000000000000e+04
3.062875162400000000e+10 6.195700000000000000e+04
3.107370264800000000e+10 6.357200000000000000e+04
3.192606516000000000e+10 7.362700000000000000e+04
3.208423757600000000e+10 5.392200000000000000e+04
3.294238940000000000e+10 7.118400000000000000e+04
3.325964573600000000e+10 6.634800000000000000e+04
3.386390132000000000e+10 6.802600000000000000e+04
3.420254616800000000e+10 5.686100000000000000e+04
3.439916050400000000e+10 4.628900000000000000e+04
3.503357669600000000e+10 6.241700000000000000e+04
3.563132864800000000e+10 7.265800000000000000e+04
3.584460588000000000e+10 6.104100000000000000e+04
3.743173826400000000e+10 9.644900000000000000e+04
3.766058255200000000e+10 7.094600000000000000e+04
3.856845456800000000e+10 7.552000000000000000e+04
3.856859535200000000e+10 4.331500000000000000e+04
3.859380823200000000e+10 3.115100000000000728e+04
3.862679583200000000e+10 2.703200000000000000e+04
3.883367751200000000e+10 3.176800000000000728e+04
3.883379154400000000e+10 1.644200000000000364e+04
3.925250712800000000e+10 4.373300000000000000e+04
3.954570706400000000e+10 4.504500000000000000e+04
3.954594104800000000e+10 2.865899999999999272e+04
3.968624799200000000e+10 3.147200000000000000e+04
4.062722999200000000e+10 6.899500000000000000e+04
4.083893616800000000e+10 5.110400000000000000e+04
4.172591170400000000e+10 7.513200000000000000e+04
4.243080221600000000e+10 7.605100000000000000e+04
4.243087140000000000e+10 1.972000000000000000e+04
4.253115591200000000e+10 4.231200000000000000e+04
4.387294484000000000e+10 8.344900000000000000e+04
4.423141196000000000e+10 7.212800000000000000e+04
4.423146021600000000e+10 6.906999999999996362e+03
4.451583277600000000e+10 5.349400000000000000e+04
4.451589165600000000e+10 1.021500000000000364e+04
4.487778543200000000e+10 5.356100000000000000e+04
4.490405647200000000e+10 3.554400000000000000e+04
4.504141418400000000e+10 3.293500000000000000e+04
4.506126197600000000e+10 2.592000000000000000e+04
4.589601941600000000e+10 6.300800000000000000e+04
4.709473501600000000e+10 8.790600000000000000e+04
4.709479480800000000e+10 1.685399999999999272e+04
4.750746461600000000e+10 6.441600000000000000e+04
4.766609597600000000e+10 4.959600000000000000e+04
4.766626426400000000e+10 3.000200000000000000e+04
4.809743269600000000e+10 5.375400000000000000e+04
4.820538964000000000e+10 3.895000000000000000e+04
4.975486868000000000e+10 8.896100000000000000e+04
4.988325300000000000e+10 6.098500000000000000e+04
5.019148453600000000e+10 6.344200000000000000e+04
5.019375992800000000e+10 3.107300000000000000e+04
5.033304581600000000e+10 3.568200000000000000e+04
5.120980839200000000e+10 7.274400000000000000e+04
5.120991376800000000e+10 2.820199999999999272e+04
5.145948010400000000e+10 4.644900000000000000e+04
5.233993898400000000e+10 8.124900000000000000e+04
5.270635752800000000e+10 7.464700000000000000e+04
5.287247060000000000e+10 4.775300000000000000e+04
5.375289490400000000e+10 7.511200000000000000e+04
5.399541903200000000e+10 6.354500000000000000e+04
5.465791826400000000e+10 6.886400000000000000e+04
5.613471172000000000e+10 9.869800000000000000e+04
5.684220333600000000e+10 8.155200000000000000e+04
5.711782370400000000e+10 5.697000000000000000e+04
5.726803159200000000e+10 4.680700000000000000e+04
5.767879877600000000e+10 5.464800000000000000e+04
5.821831775200000000e+10 6.965200000000000000e+04
5.903378437600000000e+10 7.245000000000000000e+04
5.954412781600000000e+10 7.121100000000000000e+04
5.954417178400000000e+10 2.650000000000007276e+03
5.994363186400000000e+10 6.245900000000000000e+04
6.100499800800000000e+10 8.409600000000000000e+04
6.120645981600000000e+10 5.566900000000000000e+04
6.120651482400000000e+10 1.008400000000000728e+04
6.229200522400000000e+10 8.857700000000000000e+04
6.262035058400000000e+10 6.980800000000000000e+04
6.302123488800000000e+10 6.192200000000000000e+04
6.323769165600000000e+10 4.778400000000000000e+04
6.323775108000000000e+10 9.685000000000000000e+03
6.397933002400000000e+10 6.570700000000000000e+04
6.516052616800000000e+10 9.150900000000000000e+04
6.524818064800000000e+10 5.477600000000000000e+04
6.582612037600000000e+10 6.795500000000000000e+04
6.582616584800000000e+10 2.416000000000003638e+03
6.664109695200000000e+10 7.674600000000000000e+04
6.676539888800000000e+10 5.895800000000000000e+04
6.895890584800000000e+10 9.619300000000000000e+04
6.990339575200000000e+10 8.415400000000000000e+04
6.990344504800000000e+10 9.845000000000003638e+03
7.012274247200000000e+10 5.520000000000000000e+04
7.012293700000000000e+10 3.627600000000000000e+04
7.031604074400000000e+10 4.072700000000000000e+04
7.160509212000000000e+10 8.341600000000000000e+04
7.201234696800000000e+10 6.784000000000000000e+04
7.246245175200000000e+10 6.637700000000000000e+04
7.266433253600000000e+10 4.873200000000000000e+04
7.316173570400000000e+10 5.973400000000000000e+04
7.402612980000000000e+10 7.472100000000000000e+04
7.416782250400000000e+10 5.418000000000000000e+04
7.416787437600000000e+10 7.571000000000003638e+03
7.465954175200000000e+10 6.090200000000000000e+04
7.510336644000000000e+10 6.079200000000000000e+04
7.532920207200000000e+10 5.233600000000000000e+04
7.565775540000000000e+10 5.067200000000000000e+04
7.565782074400000000e+10 1.260300000000000000e+04
7.604977141600000000e+10 5.283600000000000000e+04
7.612141706400000000e+10 3.758400000000000000e+04
7.639088856800000000e+10 4.192200000000000000e+04
7.644714629600000000e+10 3.175800000000000728e+04
7.659992688800000000e+10 3.336600000000000000e+04
7.668676909600000000e+10 2.833000000000000000e+04
7.682773220000000000e+10 3.074300000000000000e+04
7.738817629600000000e+10 5.472100000000000000e+04
7.743828703200000000e+10 3.647100000000000000e+04
7.763831778400000000e+10 3.740300000000000000e+04
7.763836639200000000e+10 1.683999999999996362e+03
7.781837532000000000e+10 3.439199999999999272e+04
7.781845133600000000e+10 1.113599999999999272e+04
7.822610424800000000e+10 4.496100000000000000e+04
7.911586104800000000e+10 7.395600000000000000e+04
7.911592844000000000e+10 1.890000000000000728e+04
7.911599837600000000e+10 9.193000000000000000e+03
7.911611845600000000e+10 1.279200000000000728e+04
7.953767504800000000e+10 4.829600000000000000e+04
8.023241520800000000e+10 7.023400000000000000e+04
8.248546989600000000e+10 1.156740000000000000e+05
8.275356821600000000e+10 6.780100000000000000e+04
8.377384445600000000e+10 8.188800000000000000e+04
8.414598138400000000e+10 6.264800000000000000e+04
8.441327496800000000e+10 5.246700000000000000e+04
8.442872269600000000e+10 3.675000000000000000e+04
8.467482221600000000e+10 4.399900000000000000e+04
8.474172493600000000e+10 3.430600000000000000e+04
8.537686159200000000e+10 6.400100000000000000e+04
8.764833549600000000e+10 1.004170000000000000e+05
8.813336068000000000e+10 7.630500000000000000e+04
8.860388029600000000e+10 6.957100000000000000e+04
8.906128428000000000e+10 6.349600000000000000e+04
8.969503567200000000e+10 7.168300000000000000e+04
