# Timestamps in ns,Energies
2.422030960000000000e+08 1.015210000000000000e+05
2.422500080000000000e+08 7.638000000000003638e+03
3.451470480000000000e+08 6.718500000000000000e+04
3.825090800000000000e+08 4.200000000000000000e+04
9.239117200000000000e+08 5.628200000000000000e+04
1.113252952000000000e+09 4.669700000000000000e+04
1.224797800000000000e+09 3.731100000000000000e+04
2.132007960000000000e+09 7.211000000000000000e+04
2.336433928000000000e+09 5.546300000000000000e+04
2.843891208000000000e+09 6.192000000000000000e+04
3.193135368000000000e+09 5.634600000000000000e+04
3.564443768000000000e+09 5.789500000000000000e+04
3.564606648000000000e+09 3.546500000000000728e+04
4.108007192000000000e+09 6.093600000000000000e+04
4.108068424000000000e+09 1.325299999999999272e+04
4.375608232000000000e+09 4.935600000000000000e+04
6.275266504000000000e+09 9.416500000000000000e+04
6.628980600000000000e+09 6.553600000000000000e+04
7.045224728000000000e+09 6.422600000000000000e+04
7.045272056000000000e+09 5.006999999999996362e+03
7.045335256000000000e+09 6.959999999999996362e+03
7.304987368000000000e+09 4.557100000000000000e+04
7.305120936000000000e+09 2.379800000000000000e+04
7.887978248000000000e+09 6.101100000000000000e+04
8.942106632000000000e+09 8.004300000000000000e+04
1.016394701600000000e+10 9.164200000000000000e+04
1.016402341600000000e+10 2.489699999999999272e+04
1.054370805600000000e+10 5.808100000000000000e+04
1.081118975200000000e+10 5.046800000000000000e+04
1.170366404000000000e+10 8.994200000000000000e+04
1.325270197600000000e+10 1.007820000000000000e+05
1.602322712800000000e+10 1.101000000000000000e+05
1.612094493600000000e+10 6.352500000000000000e+04
1.676843047200000000e+10 7.736000000000001455e+04
1.815398944800000000e+10 1.009450000000000000e+05
1.858654836000000000e+10 7.599300000000000000e+04
1.858667319200000000e+10 1.156400000000000000e+04
1.982829664800000000e+10 8.260400000000000000e+04
2.040065319200000000e+10 7.553700000000000000e+04
2.111099127200000000e+10 7.504200000000000000e+04
2.111103584800000000e+10 2.903000000000003638e+03
2.262651364000000000e+10 9.226300000000000000e+04
2.262660290400000000e+10 3.309500000000000000e+04
2.552982133600000000e+10 1.105540000000000000e+05
2.672022333600000000e+10 9.256300000000000000e+04
2.672029268000000000e+10 2.374799999999999272e+04
2.813213340000000000e+10 8.912100000000000000e+04
2.856082924000000000e+10 6.897800000000000000e+04
2.856090924000000000e+10 2.482100000000000728e+04
2.982157856800000000e+10 8.588100000000000000e+04
2.982158490400000000e+10 5.078000000000003638e+03
3.001579527200000000e+10 6.048100000000000000e+04
3.040956576800000000e+10 5.869900000000000000e+04
3.115786484000000000e+10 7.482600000000000000e+04
3.180825647200000000e+10 8.274500000000001455e+04
3.180834624800000000e+10 3.088899999999999272e+04
3.202473032800000000e+10 4.685300000000000000e+04
3.288095508000000000e+10 7.768000000000001455e+04
3.301867629600000000e+10 5.135300000000000000e+04
3.309620488800000000e+10 3.844000000000000000e+04
3.321321213600000000e+10 3.364700000000000000e+04
3.459480012000000000e+10 8.337600000000000000e+04
3.621940056800000000e+10 9.399500000000000000e+04
3.676911509600000000e+10 8.256100000000000000e+04
3.702895021600000000e+10 5.698500000000000000e+04
3.768954562400000000e+10 7.908500000000000000e+04
3.808458002400000000e+10 6.724900000000000000e+04
3.817987082400000000e+10 5.068400000000000000e+04
3.868047458400000000e+10 6.699300000000000000e+04
3.876751170400000000e+10 4.097500000000000000e+04
3.929409626400000000e+10 5.484000000000000000e+04
4.111164415200000000e+10 9.318700000000000000e+04
4.139288192800000000e+10 6.875100000000000000e+04
4.144052144800000000e+10 4.360000000000000000e+04
4.249734192800000000e+10 8.316000000000000000e+04
4.252972543200000000e+10 4.381100000000000000e+04
4.293659872800000000e+10 5.403200000000000000e+04
4.410090612000000000e+10 8.328100000000000000e+04
4.410095762400000000e+10 1.137500000000000000e+04
4.474489600800000000e+10 8.183200000000000000e+04
4.559401004000000000e+10 8.594300000000001455e+04
4.574334032800000000e+10 5.481100000000000000e+04
4.589143096800000000e+10 4.860700000000000000e+04
4.717278490400000000e+10 8.361400000000000000e+04
4.728984320800000000e+10 5.221800000000000000e+04
4.738025426400000000e+10 4.572700000000000000e+04
4.881324618400000000e+10 9.286200000000000000e+04
4.943449288800000000e+10 8.684899999999997090e+04
5.013551940000000000e+10 7.466500000000000000e+04
5.033567122400000000e+10 6.417300000000000000e+04
5.146876664800000000e+10 8.295700000000000000e+04
5.146883812000000000e+10 2.447600000000000000e+04
5.216696568800000000e+10 7.029400000000000000e+04
5.280154250400000000e+10 7.020000000000000000e+04
5.416408101600000000e+10 9.517200000000000000e+04
5.419501005600000000e+10 4.678600000000000000e+04
5.425184596000000000e+10 3.591900000000000000e+04
5.478559381600000000e+10 6.248100000000000000e+04
5.504105912800000000e+10 4.794500000000000000e+04
5.507983701600000000e+10 3.478900000000000000e+04
5.607861797600000000e+10 7.498600000000000000e+04
5.629446120800000000e+10 5.390700000000000000e+04
5.651957026400000000e+10 4.803500000000000000e+04
5.652295423200000000e+10 3.158800000000000000e+04
5.737183138400000000e+10 6.498400000000000000e+04
5.925525900000000000e+10 1.017620000000000000e+05
5.935975788000000000e+10 5.633800000000000000e+04
5.948509021600000000e+10 4.963900000000000000e+04
6.011784728800000000e+10 6.853800000000000000e+04
6.024643876000000000e+10 5.172000000000000000e+04
6.060639456800000000e+10 4.965700000000000000e+04
6.085562879200000000e+10 5.049500000000000000e+04
6.087034978400000000e+10 3.063299999999999272e+04
6.121347671200000000e+10 4.382200000000000000e+04
6.255792252000000000e+10 8.272800000000000000e+04
6.339950960800000000e+10 8.497199999999998545e+04
6.389336677600000000e+10 7.963600000000001455e+04
6.389457639200000000e+10 4.206300000000000000e+04
6.428006327200000000e+10 5.098500000000000000e+04
6.486569333600000000e+10 6.383500000000000000e+04
6.547066436000000000e+10 6.760000000000000000e+04
6.633533559200000000e+10 7.708000000000000000e+04
6.633539215200000000e+10 1.347299999999999272e+04
6.754003415200000000e+10 8.584300000000000000e+04
6.754007895200000000e+10 5.439999999999992724e+03
6.802124229600000000e+10 7.122400000000000000e+04
6.951476314400000000e+10 9.125800000000000000e+04
6.999784095200000000e+10 7.248000000000000000e+04
7.007030018400000000e+10 4.875200000000000000e+04
7.097665983200000000e+10 7.426600000000000000e+04
7.104446040800000000e+10 5.130300000000000000e+04
7.107625978400000000e+10 3.761800000000000000e+04
7.216298968800000000e+10 7.561200000000000000e+04
7.216307957600000000e+10 2.913100000000000000e+04
7.219951722400000000e+10 3.904100000000000000e+04
7.300324701600000000e+10 6.624800000000000000e+04
7.346401160800000000e+10 6.776800000000000000e+04
7.516056496800000000e+10 1.043170000000000000e+05
7.537880223200000000e+10 6.198400000000000000e+04
7.537893386400000000e+10 3.790900000000000000e+04
7.537904104800000000e+10 1.752400000000000728e+04
7.559877911200000000e+10 3.627800000000000000e+04
7.727217580000000000e+10 8.801600000000000000e+04
7.802850578400000000e+10 7.842500000000000000e+04
7.803895349600000000e+10 4.468000000000000000e+04
7.878328760800000000e+10 6.904100000000000000e+04
7.891523476000000000e+10 4.865600000000000000e+04
7.903151335200000000e+10 3.834300000000000000e+04
7.918910477600000000e+10 4.136900000000000000e+04
7.975592216800000000e+10 5.772700000000000000e+04
7.981781282400000000e+10 4.135900000000000000e+04
8.020220791200000000e+10 4.952900000000000000e+04
8.020231949600000000e+10 2.397300000000000728e+04
8.035666994400000000e+10 3.395000000000000000e+04
8.035673117600000000e+10 6.701000000000000000e+03
8.293117684000000000e+10 9.933400000000001455e+04
8.311129399200000000e+10 7.214400000000000000e+04
8.405914327200000000e+10 9.297100000000002910e+04
8.452857455200000000e+10 7.095300000000000000e+04
8.482312799200000000e+10 5.516800000000000000e+04
8.482320648800000000e+10 1.867000000000000000e+04
8.635060536800000000e+10 8.951200000000000000e+04
8.761398512800000000e+10 8.864000000000000000e+04
8.833509548000000000e+10 7.930400000000000000e+04
8.864198664800000000e+10 6.094200000000000000e+04
8.908589376800000000e+10 6.124200000000000000e+04
