# Timestamps in ns,Energies
1.868693600000000000e+07 3.707000000000000000e+04
1.085570480000000000e+08 3.042900000000000000e+04
2.512279920000000000e+08 3.156200000000000000e+04
7.433560240000000000e+08 4.811400000000000000e+04
7.434617200000000000e+08 2.058299999999999272e+04
8.446419760000000000e+08 3.049600000000000728e+04
1.162063896000000000e+09 4.480200000000000000e+04
1.183273368000000000e+09 2.875000000000000000e+04
1.884254216000000000e+09 5.859000000000000000e+04
1.884504424000000000e+09 3.686900000000000000e+04
2.046980536000000000e+09 3.666400000000000000e+04
2.603547272000000000e+09 5.354500000000000000e+04
2.749799128000000000e+09 4.401600000000000000e+04
2.761493544000000000e+09 3.090200000000000728e+04
2.770882120000000000e+09 2.313000000000000000e+04
2.978850392000000000e+09 2.971800000000000728e+04
3.031841416000000000e+09 2.622700000000000728e+04
3.217491528000000000e+09 3.077300000000000000e+04
3.217558856000000000e+09 7.192000000000000000e+03
3.345770520000000000e+09 2.708699999999999272e+04
3.374793528000000000e+09 2.121800000000000000e+04
3.742398888000000000e+09 3.821400000000000000e+04
3.816401128000000000e+09 3.006199999999999272e+04
4.056480536000000000e+09 3.741200000000000000e+04
4.120838648000000000e+09 2.841600000000000000e+04
4.402217512000000000e+09 3.773000000000000000e+04
5.196751624000000000e+09 6.665900000000000000e+04
5.202901496000000000e+09 3.724100000000000000e+04
5.466090600000000000e+09 5.084000000000000000e+04
5.631892824000000000e+09 3.973000000000000000e+04
5.744166600000000000e+09 3.659400000000000000e+04
5.876681816000000000e+09 3.223800000000000000e+04
6.096930136000000000e+09 3.584600000000000000e+04
6.126376520000000000e+09 2.632399999999999272e+04
6.667836280000000000e+09 5.137600000000000000e+04
6.729787656000000000e+09 3.536500000000000000e+04
6.782807688000000000e+09 2.859100000000000000e+04
6.783903672000000000e+09 2.054299999999999272e+04
7.525338216000000000e+09 5.536000000000000000e+04
7.525383400000000000e+09 2.608000000000007276e+03
7.525467960000000000e+09 1.720300000000000364e+04
7.707130376000000000e+09 3.715300000000000000e+04
8.231894360000000000e+09 5.049600000000000000e+04
8.231970600000000000e+09 1.637299999999999636e+04
8.498598808000000000e+09 4.481600000000000000e+04
8.498649976000000000e+09 5.805999999999996362e+03
8.506762120000000000e+09 2.705299999999999272e+04
8.902091080000000000e+09 4.129800000000000000e+04
9.310998936000000000e+09 4.942400000000000000e+04
9.311153896000000000e+09 3.279500000000000000e+04
9.680001240000000000e+09 5.039300000000000000e+04
9.770715752000000000e+09 3.705400000000000000e+04
9.780197368000000000e+09 2.594300000000000000e+04
1.011441300000000000e+10 4.147300000000000000e+04
1.030918988000000000e+10 3.601900000000000728e+04
1.037970207200000000e+10 3.107499999999999272e+04
1.054711029600000000e+10 3.359700000000000728e+04
1.061377021600000000e+10 2.837100000000000000e+04
1.104737320800000000e+10 4.259200000000000000e+04
1.117252949600000000e+10 4.035800000000000000e+04
1.117994887200000000e+10 2.561000000000000000e+04
1.143306767200000000e+10 3.434399999999999272e+04
1.167469989600000000e+10 4.082800000000000000e+04
1.179110282400000000e+10 3.331900000000000000e+04
1.192411093600000000e+10 3.117000000000000000e+04
1.196458300000000000e+10 2.402800000000000000e+04
1.231437008800000000e+10 3.906900000000000000e+04
1.261453372000000000e+10 4.159600000000000000e+04
1.269533037600000000e+10 3.587000000000000000e+04
1.286990959200000000e+10 3.579200000000000000e+04
1.298064768800000000e+10 3.103000000000000000e+04
1.305694580000000000e+10 2.888900000000000000e+04
1.324594160800000000e+10 3.128800000000000000e+04
1.379118445600000000e+10 5.228000000000000000e+04
1.475727797600000000e+10 7.581700000000000000e+04
1.480997232800000000e+10 4.616000000000000000e+04
1.481016765600000000e+10 2.949599999999999272e+04
1.484722943200000000e+10 2.718399999999999272e+04
1.520646820000000000e+10 4.121400000000000000e+04
1.523448900000000000e+10 2.850400000000000000e+04
1.524125309600000000e+10 2.107300000000000000e+04
1.526795957600000000e+10 1.903900000000000000e+04
1.543487983200000000e+10 2.511400000000000000e+04
1.551937000800000000e+10 2.250500000000000000e+04
1.574846592800000000e+10 3.132300000000000000e+04
1.580658852000000000e+10 2.496200000000000000e+04
1.582531461600000000e+10 2.069000000000000000e+04
1.597167860000000000e+10 2.431200000000000000e+04
1.607655623200000000e+10 2.376100000000000000e+04
1.632413085600000000e+10 3.222600000000000000e+04
1.662496720800000000e+10 3.811000000000000000e+04
1.663709716000000000e+10 2.744800000000000000e+04
1.678330029600000000e+10 2.927200000000000728e+04
1.706303701600000000e+10 3.767200000000000000e+04
1.734159252000000000e+10 3.942600000000000000e+04
1.739087704800000000e+10 3.324700000000000000e+04
1.741070450400000000e+10 2.366500000000000000e+04
1.792375517600000000e+10 4.264000000000000000e+04
1.804596444000000000e+10 3.901600000000000000e+04
1.806846335200000000e+10 2.989799999999999272e+04
1.857172644000000000e+10 4.559500000000000000e+04
1.862454231200000000e+10 3.351700000000000000e+04
1.871762146400000000e+10 3.254200000000000728e+04
1.875305591200000000e+10 2.364100000000000000e+04
1.961244034400000000e+10 6.576100000000000000e+04
1.974145927200000000e+10 4.924100000000000000e+04
1.975623152800000000e+10 2.973900000000000000e+04
1.984756255200000000e+10 3.042499999999999272e+04
2.045607620000000000e+10 5.144200000000000000e+04
2.063101036000000000e+10 4.368000000000000000e+04
2.075304829600000000e+10 3.672000000000000000e+04
2.108269410400000000e+10 4.179200000000000000e+04
2.137350285600000000e+10 4.706700000000000000e+04
2.163190802400000000e+10 4.286700000000000000e+04
2.178826808800000000e+10 3.857600000000000000e+04
2.270764016800000000e+10 6.942400000000000000e+04
2.293750055200000000e+10 5.263600000000000000e+04
2.293756991200000000e+10 1.500700000000000364e+04
2.311002368800000000e+10 3.939200000000000000e+04
2.340699551200000000e+10 4.758500000000000000e+04
2.343671282400000000e+10 3.176899999999999272e+04
2.364939016800000000e+10 3.783500000000000000e+04
2.405869092000000000e+10 4.444300000000000000e+04
2.408935442400000000e+10 3.419300000000000000e+04
2.417054218400000000e+10 3.244400000000000000e+04
2.417060885600000000e+10 7.556999999999996362e+03
2.436787188000000000e+10 3.091500000000000000e+04
2.462027200800000000e+10 3.649000000000000000e+04
2.462032325600000000e+10 3.492999999999992724e+03
2.465434452000000000e+10 2.543900000000000000e+04
2.468263783200000000e+10 2.207200000000000000e+04
2.499819460000000000e+10 3.188100000000000000e+04
2.540347805600000000e+10 4.296100000000000000e+04
2.560714360800000000e+10 4.040100000000000000e+04
2.560719023200000000e+10 1.730000000000000000e+03
2.579174725600000000e+10 3.869200000000000000e+04
2.598111615200000000e+10 3.698500000000000000e+04
2.601068925600000000e+10 2.809700000000000000e+04
2.625873242400000000e+10 3.477800000000000000e+04
2.628800493600000000e+10 2.906500000000000000e+04
2.631936527200000000e+10 2.293700000000000000e+04
2.635883272800000000e+10 1.999500000000000000e+04
2.637142685600000000e+10 1.609099999999999272e+04
2.671756189600000000e+10 3.230300000000000000e+04
2.673534447200000000e+10 2.338500000000000000e+04
2.690302423200000000e+10 2.795200000000000000e+04
2.718572506400000000e+10 3.586300000000000728e+04
2.736819853600000000e+10 3.745300000000000000e+04
2.755380452000000000e+10 3.440100000000000000e+04
2.768589087200000000e+10 3.346700000000000000e+04
2.780061536800000000e+10 2.955800000000000000e+04
2.797429533600000000e+10 3.128900000000000728e+04
2.797438536800000000e+10 1.266799999999999636e+04
2.808483519200000000e+10 2.685400000000000000e+04
2.822856623200000000e+10 2.718400000000000728e+04
2.848223765600000000e+10 3.649500000000000000e+04
2.849420732000000000e+10 2.440200000000000000e+04
2.911042276000000000e+10 4.814700000000000000e+04
2.930443780000000000e+10 4.328300000000000000e+04
2.952522092000000000e+10 4.370500000000000000e+04
2.957648298400000000e+10 3.263000000000000728e+04
3.003812989600000000e+10 4.834800000000000000e+04
3.016476036000000000e+10 4.184200000000000000e+04
3.026005869600000000e+10 3.545600000000000000e+04
3.032719125600000000e+10 2.829399999999999272e+04
3.045942656800000000e+10 2.821700000000000000e+04
3.049605300000000000e+10 2.345100000000000000e+04
3.070452738400000000e+10 2.860700000000000000e+04
3.075962032800000000e+10 2.489299999999999272e+04
3.154192176800000000e+10 6.384100000000000000e+04
3.177920175200000000e+10 5.329000000000000000e+04
3.181633645600000000e+10 3.433600000000000000e+04
3.220921362400000000e+10 5.190400000000000000e+04
3.255439508000000000e+10 5.392300000000000000e+04
3.255444039200000000e+10 1.752000000000000000e+03
3.310593448800000000e+10 5.576200000000000000e+04
3.349126152800000000e+10 5.642600000000000000e+04
3.376367772000000000e+10 5.477600000000000000e+04
3.376373189600000000e+10 8.159000000000007276e+03
3.383403845600000000e+10 3.322899999999999272e+04
3.391188882400000000e+10 2.844000000000000000e+04
3.422314530400000000e+10 4.111900000000000000e+04
3.428993023200000000e+10 3.100799999999999272e+04
3.446685303200000000e+10 3.209200000000000000e+04
3.453421514400000000e+10 2.852799999999999272e+04
3.458732008800000000e+10 2.383900000000000728e+04
3.473532989600000000e+10 2.764399999999999272e+04
3.489244386400000000e+10 2.824700000000000000e+04
3.506146212000000000e+10 3.003499999999999272e+04
3.519795015200000000e+10 3.000700000000000728e+04
3.535714332000000000e+10 3.334400000000000000e+04
3.540579159200000000e+10 2.527399999999999272e+04
3.584894260000000000e+10 4.164200000000000000e+04
3.584901597600000000e+10 1.314500000000000364e+04
3.594093141600000000e+10 2.915800000000000000e+04
3.603738988000000000e+10 2.767800000000000728e+04
3.603750370400000000e+10 1.447599999999999272e+04
3.632733581600000000e+10 3.314700000000000000e+04
3.646424824800000000e+10 3.430000000000000000e+04
3.686977002400000000e+10 4.603200000000000000e+04
3.689502824800000000e+10 3.018300000000000728e+04
3.698869828000000000e+10 2.750500000000000000e+04
3.757110128800000000e+10 5.494500000000000000e+04
3.770048471200000000e+10 3.856100000000000000e+04
3.780980944800000000e+10 3.458100000000000000e+04
3.815881552800000000e+10 4.232100000000000000e+04
3.832991058400000000e+10 4.274800000000000000e+04
3.878944053600000000e+10 4.774900000000000000e+04
3.897533132000000000e+10 4.488200000000000000e+04
3.900682032800000000e+10 3.349799999999999272e+04
3.940268791200000000e+10 4.244800000000000000e+04
4.022809485600000000e+10 6.603600000000000000e+04
4.024689527200000000e+10 4.344000000000000000e+04
4.044619517600000000e+10 4.275900000000000000e+04
4.065305576800000000e+10 3.867900000000000000e+04
4.066963447200000000e+10 2.918600000000000000e+04
4.079632282400000000e+10 2.976199999999999272e+04
4.122160016800000000e+10 4.597600000000000000e+04
4.131797488800000000e+10 3.599400000000000000e+04
4.137933362400000000e+10 3.001400000000000000e+04
4.154301132000000000e+10 3.192600000000000000e+04
4.170117258400000000e+10 3.123399999999999272e+04
4.171653978400000000e+10 2.334100000000000000e+04
4.172784836000000000e+10 1.883399999999999272e+04
4.181179789600000000e+10 2.061700000000000000e+04
4.181191384800000000e+10 1.037900000000000364e+04
4.217550992800000000e+10 3.315099999999999272e+04
4.295932866400000000e+10 6.008300000000000000e+04
4.295938599200000000e+10 1.127799999999999272e+04
4.307469236000000000e+10 4.174200000000000000e+04
4.341928656800000000e+10 4.828900000000000000e+04
4.383678541600000000e+10 5.022800000000000000e+04
4.396700138400000000e+10 4.276700000000000000e+04
4.408238709600000000e+10 3.372800000000000000e+04
4.408248788000000000e+10 1.554999999999999272e+04
4.448522272800000000e+10 4.331400000000000000e+04
4.451534327200000000e+10 3.004400000000000728e+04
4.477425896800000000e+10 3.740100000000000000e+04
4.510109156000000000e+10 4.790800000000000000e+04
4.566026676000000000e+10 6.287200000000000000e+04
4.598502503200000000e+10 5.341700000000000000e+04
4.607570652000000000e+10 3.793200000000000000e+04
4.617515554400000000e+10 3.215299999999999272e+04
4.623973240800000000e+10 3.090900000000000000e+04
4.624670650400000000e+10 2.088300000000000000e+04
4.642526978400000000e+10 2.599400000000000000e+04
4.659171016800000000e+10 2.831599999999999272e+04
4.664826789600000000e+10 2.512800000000000000e+04
4.668714040800000000e+10 2.120800000000000000e+04
4.677651591200000000e+10 2.193100000000000000e+04
4.682833194400000000e+10 1.993200000000000000e+04
4.689953676000000000e+10 1.944000000000000000e+04
4.702190807200000000e+10 2.091900000000000000e+04
4.734326986400000000e+10 3.256700000000000000e+04
4.755671032800000000e+10 3.572599999999999272e+04
4.755676285600000000e+10 3.935000000000007276e+03
4.777704778400000000e+10 3.393100000000000000e+04
4.798795364000000000e+10 3.961000000000000000e+04
4.814756045600000000e+10 3.579800000000000000e+04
4.887474917600000000e+10 6.620000000000000000e+04
4.897377744800000000e+10 4.499100000000000000e+04
4.948308663200000000e+10 5.507500000000000000e+04
4.975928359200000000e+10 5.072900000000000000e+04
4.995009372000000000e+10 4.626400000000000000e+04
4.997730045600000000e+10 3.210500000000000000e+04
5.020910504800000000e+10 3.642400000000000000e+04
5.093985540000000000e+10 6.268800000000000000e+04
5.124982856800000000e+10 5.416300000000000000e+04
5.133905325600000000e+10 4.205000000000000000e+04
5.142248956000000000e+10 3.434400000000000000e+04
5.147781564000000000e+10 2.629700000000000000e+04
5.165700072800000000e+10 3.169000000000000000e+04
5.220013936800000000e+10 5.084000000000000000e+04
5.265300764000000000e+10 6.090500000000000000e+04
5.267836357600000000e+10 3.843100000000000000e+04
5.273385576800000000e+10 3.255800000000000728e+04
5.288116356000000000e+10 3.246400000000000728e+04
5.288585557600000000e+10 2.240500000000000000e+04
5.338806725600000000e+10 4.755800000000000000e+04
5.346029196000000000e+10 3.508800000000000728e+04
5.420065535200000000e+10 6.284600000000000000e+04
5.425609632800000000e+10 4.691600000000000000e+04
5.434928308000000000e+10 3.504500000000000000e+04
5.462818860000000000e+10 3.940000000000000000e+04
5.490949184800000000e+10 4.251000000000000000e+04
5.496002596000000000e+10 3.468799999999999272e+04
5.496013580000000000e+10 1.641000000000000364e+04
5.496024650400000000e+10 8.870000000000003638e+03
5.497251816800000000e+10 1.745800000000000000e+04
5.500533021600000000e+10 1.660799999999999272e+04
5.500543738400000000e+10 8.369000000000007276e+03
5.515269642400000000e+10 1.911100000000000000e+04
5.547434888800000000e+10 3.138400000000000000e+04
5.591766298400000000e+10 4.692800000000000000e+04
5.669904007200000000e+10 7.064100000000000000e+04
5.687693834400000000e+10 4.744000000000000000e+04
5.834269596000000000e+10 9.005100000000000000e+04
5.835004330400000000e+10 4.817000000000000000e+04
5.835787437600000000e+10 3.297299999999999272e+04
5.856832138400000000e+10 3.584100000000000000e+04
5.861062876000000000e+10 2.870900000000000728e+04
5.869626418400000000e+10 2.952000000000000000e+04
5.877738378400000000e+10 2.578200000000000000e+04
5.929977266400000000e+10 4.523600000000000000e+04
5.942925343200000000e+10 3.936000000000000000e+04
5.950307597600000000e+10 3.536100000000000000e+04
5.952733911200000000e+10 2.480000000000000000e+04
5.963935135200000000e+10 2.507299999999999272e+04
6.006993304800000000e+10 4.617100000000000000e+04
6.029197044000000000e+10 4.116100000000000000e+04
6.054562269600000000e+10 4.372400000000000000e+04
6.056187615200000000e+10 2.860000000000000000e+04
6.057815024800000000e+10 2.262500000000000000e+04
6.103648244000000000e+10 4.515500000000000000e+04
6.111642191200000000e+10 3.279200000000000000e+04
6.151627157600000000e+10 4.455900000000000000e+04
6.151632800800000000e+10 8.990000000000000000e+03
6.170392474400000000e+10 3.672800000000000000e+04
6.194482728800000000e+10 4.071600000000000000e+04
6.196024855200000000e+10 3.121900000000000000e+04
6.198426608800000000e+10 2.456000000000000000e+04
6.218045108000000000e+10 3.003300000000000728e+04
6.234695012000000000e+10 3.074300000000000000e+04
6.265799020000000000e+10 4.466900000000000000e+04
6.284302600800000000e+10 3.713800000000000000e+04
6.290486751200000000e+10 2.943100000000000000e+04
6.296050487200000000e+10 2.571100000000000000e+04
6.315545434400000000e+10 2.955099999999999272e+04
6.327913652000000000e+10 2.992199999999999272e+04
6.328480348000000000e+10 2.054300000000000000e+04
6.352761359200000000e+10 3.001400000000000000e+04
6.380945738400000000e+10 3.762500000000000000e+04
6.407432101600000000e+10 4.056400000000000000e+04
6.443125618400000000e+10 4.672700000000000000e+04
6.444272599200000000e+10 3.125400000000000000e+04
6.445595288800000000e+10 2.347900000000000000e+04
6.467768085600000000e+10 3.234399999999999272e+04
6.531383575200000000e+10 5.453400000000000000e+04
6.531391071200000000e+10 1.642400000000000364e+04
6.567881602400000000e+10 4.980200000000000000e+04
6.569735583200000000e+10 3.158300000000000000e+04
6.600045984800000000e+10 4.256900000000000000e+04
6.606839498400000000e+10 3.370600000000000000e+04
6.644395965600000000e+10 4.408000000000000000e+04
6.672129480800000000e+10 4.301200000000000000e+04
6.692077989600000000e+10 4.028000000000000000e+04
6.693106719200000000e+10 2.759899999999999272e+04
6.694894101600000000e+10 2.372200000000000000e+04
6.737885335200000000e+10 4.028000000000000000e+04
6.745797784800000000e+10 3.354300000000000000e+04
6.764294736800000000e+10 3.344400000000000000e+04
6.773732752800000000e+10 3.136000000000000000e+04
6.787820973600000000e+10 2.971600000000000000e+04
6.877824028000000000e+10 6.181400000000000000e+04
6.894133418400000000e+10 4.918800000000000000e+04
6.917151810400000000e+10 4.374500000000000000e+04
6.957926736800000000e+10 5.540300000000000000e+04
6.976725767200000000e+10 4.285700000000000000e+04
6.984091320800000000e+10 3.652700000000000000e+04
7.014793754400000000e+10 4.725700000000000000e+04
7.034470680800000000e+10 3.976700000000000000e+04
7.058429383200000000e+10 3.885100000000000000e+04
7.078803800800000000e+10 4.123200000000000000e+04
7.079019932000000000e+10 2.688000000000000000e+04
7.079812328800000000e+10 2.060900000000000728e+04
7.097426136800000000e+10 2.611700000000000000e+04
7.098995386400000000e+10 2.097300000000000000e+04
7.123430223200000000e+10 3.008699999999999272e+04
7.153192736800000000e+10 3.750300000000000000e+04
7.217390207200000000e+10 5.396900000000000000e+04
7.231752892000000000e+10 4.653500000000000000e+04
7.254138533600000000e+10 4.190000000000000000e+04
7.255984637600000000e+10 3.244600000000000000e+04
7.256786495200000000e+10 2.103300000000000000e+04
7.284073976800000000e+10 3.294200000000000000e+04
7.286278594400000000e+10 2.471900000000000728e+04
7.286378740000000000e+10 1.861000000000000000e+04
7.320566469600000000e+10 3.494299999999999272e+04
7.365488412000000000e+10 5.025700000000000000e+04
7.370448877600000000e+10 3.371800000000000000e+04
7.375181688800000000e+10 2.801800000000000000e+04
7.399037308000000000e+10 3.584100000000000728e+04
7.409706436000000000e+10 3.042200000000000000e+04
7.423467586400000000e+10 3.200200000000000000e+04
7.424313543200000000e+10 2.177300000000000000e+04
7.453611781600000000e+10 3.397499999999999272e+04
7.463431901600000000e+10 3.000000000000000000e+04
7.502156605600000000e+10 4.015900000000000000e+04
7.523600901600000000e+10 4.370800000000000000e+04
7.528092149600000000e+10 3.148900000000000000e+04
7.541103327200000000e+10 3.131900000000000000e+04
7.561639314400000000e+10 3.501300000000000000e+04
7.579788079200000000e+10 3.343900000000000000e+04
7.605335733600000000e+10 4.093800000000000000e+04
7.615380797600000000e+10 3.392400000000000000e+04
7.615388509600000000e+10 1.075300000000000000e+04
7.630392327200000000e+10 2.931300000000000000e+04
7.644967346400000000e+10 2.919900000000000000e+04
7.672342306400000000e+10 3.515200000000000000e+04
7.681219556000000000e+10 3.129799999999999272e+04
7.708209039200000000e+10 3.603400000000000728e+04
7.716335152800000000e+10 3.211200000000000000e+04
7.734458458400000000e+10 3.301700000000000000e+04
7.734465192800000000e+10 8.205000000000003638e+03
7.769109437600000000e+10 4.101500000000000000e+04
7.786739612000000000e+10 3.778600000000000000e+04
7.830496325600000000e+10 5.332900000000000000e+04
7.830502205600000000e+10 1.033300000000000728e+04
7.931270554400000000e+10 7.002500000000000000e+04
7.945250672800000000e+10 5.161500000000000000e+04
7.971429250400000000e+10 4.972600000000000000e+04
8.001089760800000000e+10 4.977300000000000000e+04
8.063611210400000000e+10 6.655200000000000000e+04
8.072598914400000000e+10 4.475100000000000000e+04
8.078928252000000000e+10 3.399200000000000000e+04
8.095612495200000000e+10 3.713100000000000000e+04
8.106772917600000000e+10 3.064000000000000728e+04
8.121178016800000000e+10 3.330900000000000728e+04
8.121183055200000000e+10 2.578999999999992724e+03
8.141885847200000000e+10 3.282100000000000728e+04
8.189452335200000000e+10 4.500800000000000000e+04
8.202663120800000000e+10 3.839100000000000000e+04
8.203915031200000000e+10 2.800800000000000000e+04
8.204567735200000000e+10 2.000300000000000000e+04
8.205980125600000000e+10 1.785000000000000000e+04
8.208686989600000000e+10 1.652700000000000728e+04
8.247821639200000000e+10 3.529500000000000000e+04
8.248390301600000000e+10 2.296800000000000728e+04
8.257268168800000000e+10 2.425800000000000000e+04
8.260693495200000000e+10 1.965100000000000000e+04
8.301841730400000000e+10 3.732200000000000000e+04
8.318831164000000000e+10 3.748800000000000000e+04
8.363390762400000000e+10 5.067100000000000000e+04
8.415764783200000000e+10 6.069600000000000000e+04
8.415776880800000000e+10 2.632200000000000000e+04
8.415782492000000000e+10 1.709999999999996362e+03
8.419906804000000000e+10 3.147100000000000000e+04
8.434799813600000000e+10 3.170200000000000728e+04
8.483181684000000000e+10 5.282000000000000000e+04
8.504172800800000000e+10 4.413600000000000000e+04
8.504299271200000000e+10 2.848300000000000000e+04
8.588387765600000000e+10 5.998700000000000000e+04
8.600931260000000000e+10 4.627900000000000000e+04
8.646549370400000000e+10 5.051400000000000000e+04
8.684202108000000000e+10 5.056100000000000000e+04
8.700479016800000000e+10 4.271700000000000000e+04
8.718207004000000000e+10 4.021000000000000000e+04
8.722099111200000000e+10 3.178600000000000728e+04
8.768321080800000000e+10 5.289600000000000000e+04
8.768621815200000000e+10 3.048800000000000728e+04
8.768627093600000000e+10 2.252000000000000000e+03
8.769242245600000000e+10 2.133800000000000000e+04
8.779049624800000000e+10 2.314400000000000000e+04
8.818457944800000000e+10 4.088500000000000000e+04
8.865994432800000000e+10 5.184900000000000000e+04
8.884282140000000000e+10 4.199500000000000000e+04
8.933886892000000000e+10 5.858800000000000000e+04
8.934789980000000000e+10 3.803800000000000000e+04
8.939281784800000000e+10 2.924300000000000000e+04
8.943968642400000000e+10 2.475200000000000000e+04
8.975463695200000000e+10 3.688900000000000000e+04
8.993816768800000000e+10 3.719400000000000000e+04
