# Timestamps in ns,Energies
1.572108000000000000e+07 5.961000000000000000e+04
4.814025040000000000e+08 5.921700000000000000e+04
4.814893200000000000e+08 1.950900000000000000e+04
4.816255760000000000e+08 1.243800000000000000e+04
1.095960648000000000e+09 5.689000000000000000e+04
1.154985688000000000e+09 3.956700000000000000e+04
1.472628984000000000e+09 4.443200000000000000e+04
1.767984984000000000e+09 4.595900000000000000e+04
2.212036856000000000e+09 5.503300000000000000e+04
2.431809656000000000e+09 4.781600000000000000e+04
2.739031656000000000e+09 5.466300000000000000e+04
2.903675816000000000e+09 4.069100000000000000e+04
3.033801528000000000e+09 3.983800000000000000e+04
3.357475816000000000e+09 4.786400000000000000e+04
5.001007944000000000e+09 1.006020000000000000e+05
5.116287336000000000e+09 5.203300000000000000e+04
5.959794360000000000e+09 7.971599999999998545e+04
6.327450296000000000e+09 7.584700000000000000e+04
6.642539752000000000e+09 5.220200000000000000e+04
6.725338504000000000e+09 4.193300000000000000e+04
6.795841544000000000e+09 3.268000000000000000e+04
6.795892360000000000e+09 1.967999999999992724e+03
7.227540952000000000e+09 4.674900000000000000e+04
7.701904696000000000e+09 6.667900000000000000e+04
1.004758261600000000e+10 9.858800000000000000e+04
1.010916436000000000e+10 5.445700000000000000e+04
1.108625189600000000e+10 8.656200000000000000e+04
1.193211917600000000e+10 8.547400000000000000e+04
1.194961852000000000e+10 4.184400000000000000e+04
1.200929975200000000e+10 3.556500000000000000e+04
1.234033882400000000e+10 4.286400000000000000e+04
1.234042717600000000e+10 1.785200000000000000e+04
1.244147495200000000e+10 3.033700000000000728e+04
1.244155456800000000e+10 1.302399999999999272e+04
1.265152967200000000e+10 3.183799999999999272e+04
1.270255274400000000e+10 2.613300000000000000e+04
1.313823536800000000e+10 4.714400000000000000e+04
1.351597624800000000e+10 5.243200000000000000e+04
1.455299634400000000e+10 7.625800000000000000e+04
1.498504575200000000e+10 6.958500000000000000e+04
1.523624711200000000e+10 5.884200000000000000e+04
1.550869690400000000e+10 4.943000000000000000e+04
1.560836384800000000e+10 4.017800000000000000e+04
1.587086538400000000e+10 4.038400000000000000e+04
1.643419242400000000e+10 6.349800000000000000e+04
1.643425856800000000e+10 1.481799999999999272e+04
1.677796266400000000e+10 5.221700000000000000e+04
1.682325357600000000e+10 3.541599999999999272e+04
1.779578311200000000e+10 8.029600000000000000e+04
1.779591744800000000e+10 2.506200000000000728e+04
1.882743708000000000e+10 7.568900000000000000e+04
1.882769384800000000e+10 5.203100000000000000e+04
1.926533792800000000e+10 5.833700000000000000e+04
1.926541140000000000e+10 1.660899999999999636e+04
1.952962557600000000e+10 4.614900000000000000e+04
2.009885893600000000e+10 6.138400000000000000e+04
2.014526695200000000e+10 4.158400000000000000e+04
2.068598504800000000e+10 5.737200000000000000e+04
2.071796196000000000e+10 4.104600000000000000e+04
2.136100279200000000e+10 5.851700000000000000e+04
2.159409380000000000e+10 4.924800000000000000e+04
2.186192053600000000e+10 5.332900000000000000e+04
2.207736757600000000e+10 4.261000000000000000e+04
2.221562818400000000e+10 3.841600000000000000e+04
2.232411357600000000e+10 3.707000000000000000e+04
2.236732661600000000e+10 2.850000000000000000e+04
2.236742624800000000e+10 1.225000000000000000e+04
2.286992586400000000e+10 4.696600000000000000e+04
2.328787602400000000e+10 5.356200000000000000e+04
2.361344879200000000e+10 5.492000000000000000e+04
2.383869215200000000e+10 4.947200000000000000e+04
2.406945607200000000e+10 4.264800000000000000e+04
2.511170039200000000e+10 7.249600000000000000e+04
2.548689391200000000e+10 6.414800000000000000e+04
2.633831231200000000e+10 8.945599999999998545e+04
2.633845519200000000e+10 1.146300000000000000e+04
2.647532173600000000e+10 4.259000000000000000e+04
2.657753440800000000e+10 3.449000000000000000e+04
2.726008370400000000e+10 5.904300000000000000e+04
2.769478320800000000e+10 6.301700000000000000e+04
2.769483168800000000e+10 6.242000000000007276e+03
2.769491872800000000e+10 1.408000000000000364e+04
2.769497880800000000e+10 2.401000000000000000e+03
2.866576700000000000e+10 7.584100000000000000e+04
2.867469460000000000e+10 4.618200000000000000e+04
2.875708703200000000e+10 3.809500000000000000e+04
2.876808759200000000e+10 2.424800000000000000e+04
2.974081786400000000e+10 6.928800000000000000e+04
2.974086148000000000e+10 2.455000000000007276e+03
3.047971826400000000e+10 7.761800000000000000e+04
3.047979637600000000e+10 2.305400000000000000e+04
3.065000304800000000e+10 4.266500000000000000e+04
3.102156424800000000e+10 5.056300000000000000e+04
3.162294164000000000e+10 6.086100000000000000e+04
3.162308736800000000e+10 3.554500000000000000e+04
3.162316906400000000e+10 1.113200000000000728e+04
3.175613871200000000e+10 3.426200000000000000e+04
3.196713658400000000e+10 3.633000000000000000e+04
3.277676871200000000e+10 7.230500000000000000e+04
3.277684615200000000e+10 1.373100000000000000e+04
3.349778967200000000e+10 7.722500000000000000e+04
3.428155760800000000e+10 7.817700000000000000e+04
3.431832556000000000e+10 4.772200000000000000e+04
3.431846930400000000e+10 2.476300000000000728e+04
3.465231007200000000e+10 4.675700000000000000e+04
3.479387906400000000e+10 3.929900000000000000e+04
3.522546898400000000e+10 5.285500000000000000e+04
3.548534607200000000e+10 5.031200000000000000e+04
3.548547332000000000e+10 2.389200000000000000e+04
3.641192525600000000e+10 7.393200000000000000e+04
3.641198389600000000e+10 1.515799999999999636e+04
3.739771285600000000e+10 8.204900000000000000e+04
3.807112728800000000e+10 7.264800000000000000e+04
3.881041292000000000e+10 7.412800000000000000e+04
3.903548258400000000e+10 5.416200000000000000e+04
3.903556519200000000e+10 1.922000000000000000e+04
3.913971676000000000e+10 3.947400000000000000e+04
3.964188122400000000e+10 5.072900000000000000e+04
3.979013757600000000e+10 4.177300000000000000e+04
3.979029202400000000e+10 2.799699999999999272e+04
4.071483754400000000e+10 7.625600000000001455e+04
4.071498367200000000e+10 3.625600000000000728e+04
4.131153972000000000e+10 7.173700000000000000e+04
4.168036064800000000e+10 5.663600000000000000e+04
4.183336380000000000e+10 4.594500000000000000e+04
4.212917421600000000e+10 4.810500000000000000e+04
4.214092576800000000e+10 3.026400000000000000e+04
4.383784780000000000e+10 9.632200000000000000e+04
4.473913636000000000e+10 8.512100000000000000e+04
4.514138309600000000e+10 6.980400000000000000e+04
4.550487058400000000e+10 6.320100000000000000e+04
4.564815021600000000e+10 4.565600000000000000e+04
4.658453634400000000e+10 7.600200000000000000e+04
4.658464389600000000e+10 2.913800000000000000e+04
4.670801021600000000e+10 3.905100000000000000e+04
4.791823282400000000e+10 7.944500000000000000e+04
4.821087653600000000e+10 6.837900000000000000e+04
4.821095896800000000e+10 2.254699999999999272e+04
4.844619572000000000e+10 4.944200000000000000e+04
4.860715765600000000e+10 3.884800000000000000e+04
4.994862740000000000e+10 8.589000000000000000e+04
5.048337348000000000e+10 6.863200000000000000e+04
5.141699136800000000e+10 7.787400000000000000e+04
5.152959716000000000e+10 5.546300000000000000e+04
5.155860245600000000e+10 3.426400000000000000e+04
5.198891122400000000e+10 5.370400000000000000e+04
5.207634728800000000e+10 3.917200000000000000e+04
5.261544610400000000e+10 5.584000000000000000e+04
5.262787772000000000e+10 3.644400000000000000e+04
5.284595540000000000e+10 3.951200000000000000e+04
5.349298404000000000e+10 6.549600000000000000e+04
5.383284428000000000e+10 6.088800000000000000e+04
5.544675816800000000e+10 9.917800000000000000e+04
5.544681151200000000e+10 1.530800000000000364e+04
5.559411492000000000e+10 5.645700000000000000e+04
5.585922988000000000e+10 5.495400000000000000e+04
5.598910756000000000e+10 4.063200000000000000e+04
5.616224695200000000e+10 3.854400000000000000e+04
5.740826951200000000e+10 8.808100000000000000e+04
5.740827546400000000e+10 5.085000000000000000e+03
5.761147194400000000e+10 5.817800000000000000e+04
5.801997567200000000e+10 5.408800000000000000e+04
6.010353245600000000e+10 9.688400000000000000e+04
6.019792581600000000e+10 5.433500000000000000e+04
6.072481541600000000e+10 7.073700000000000000e+04
6.072488036000000000e+10 1.256000000000007276e+03
6.072496853600000000e+10 1.685699999999999272e+04
6.121937952800000000e+10 5.616800000000000000e+04
6.170451754400000000e+10 6.143300000000000000e+04
6.183459880800000000e+10 4.563200000000000000e+04
6.192559144800000000e+10 3.448700000000000000e+04
6.249036724000000000e+10 5.897600000000000000e+04
6.304575823200000000e+10 6.509700000000000000e+04
6.348281162400000000e+10 6.161000000000000000e+04
6.361438023200000000e+10 4.756800000000000000e+04
6.361443074400000000e+10 4.626000000000003638e+03
6.373765253600000000e+10 3.525699999999999272e+04
6.391663644000000000e+10 3.755000000000000000e+04
6.414579348000000000e+10 3.753600000000000000e+04
6.425709733600000000e+10 3.341399999999999272e+04
6.444483799200000000e+10 3.377399999999999272e+04
6.486079410400000000e+10 5.007300000000000000e+04
6.511440581600000000e+10 4.667200000000000000e+04
6.511450052000000000e+10 1.842400000000000000e+04
6.539377716000000000e+10 4.356400000000000000e+04
6.735766445600000000e+10 9.678200000000000000e+04
6.735784359200000000e+10 3.834900000000000000e+04
6.850960556000000000e+10 7.920800000000000000e+04
6.922241100000000000e+10 8.585600000000000000e+04
6.987903856800000000e+10 8.209599999999998545e+04
6.993558776800000000e+10 4.750400000000000000e+04
7.077230810400000000e+10 7.301900000000000000e+04
7.089002802400000000e+10 5.391500000000000000e+04
7.089007876000000000e+10 5.240999999999992724e+03
7.116033970400000000e+10 5.182400000000000000e+04
7.221503850400000000e+10 8.097199999999998545e+04
7.221512554400000000e+10 2.163100000000000728e+04
7.236095522400000000e+10 4.225100000000000000e+04
7.356613735200000000e+10 8.560800000000000000e+04
7.392082370400000000e+10 6.669200000000000000e+04
7.452696316000000000e+10 7.930400000000000000e+04
7.452701652000000000e+10 1.090300000000000364e+04
7.467386140000000000e+10 4.618600000000000000e+04
7.480488324000000000e+10 3.641200000000000000e+04
7.586518920800000000e+10 7.750500000000000000e+04
7.640003496800000000e+10 6.782900000000000000e+04
7.651647372000000000e+10 4.865100000000000000e+04
7.652511807200000000e+10 2.899900000000000000e+04
7.665548863200000000e+10 3.255100000000000728e+04
7.710182194400000000e+10 4.780400000000000000e+04
7.723557863200000000e+10 4.233400000000000000e+04
7.740054069600000000e+10 3.811100000000000000e+04
7.757549962400000000e+10 3.670300000000000000e+04
7.783596900000000000e+10 4.462400000000000000e+04
7.812633426400000000e+10 4.299800000000000000e+04
7.814801855200000000e+10 3.121700000000000000e+04
7.814807186400000000e+10 3.038000000000000000e+03
7.818642440800000000e+10 2.437900000000000000e+04
7.834039012000000000e+10 2.698600000000000728e+04
7.855851252000000000e+10 3.239200000000000728e+04
7.863348770400000000e+10 2.727600000000000728e+04
7.873313965600000000e+10 2.650999999999999272e+04
7.901164008800000000e+10 3.676700000000000000e+04
7.901170082400000000e+10 7.258999999999996362e+03
7.904408015200000000e+10 2.417399999999999272e+04
7.948228218400000000e+10 4.580700000000000000e+04
7.964413560800000000e+10 3.897300000000000000e+04
7.977490967200000000e+10 3.439100000000000728e+04
7.995880756000000000e+10 3.477900000000000000e+04
8.005022151200000000e+10 2.832900000000000000e+04
8.005029788000000000e+10 9.588000000000003638e+03
8.008684887200000000e+10 2.249800000000000000e+04
8.062723508000000000e+10 4.573100000000000000e+04
8.062729316000000000e+10 8.573000000000007276e+03
8.062735736800000000e+10 1.925000000000003638e+03
8.145114357600000000e+10 6.301600000000000000e+04
8.183168556000000000e+10 6.116200000000000000e+04
8.216085778400000000e+10 5.466500000000000000e+04
8.244151492000000000e+10 5.383100000000000000e+04
8.267794871200000000e+10 5.145600000000000000e+04
8.267825818400000000e+10 3.751100000000000000e+04
8.355625586400000000e+10 7.169000000000000000e+04
8.355635474400000000e+10 2.822800000000000000e+04
8.394211400800000000e+10 5.736800000000000000e+04
8.394222069600000000e+10 4.357999999999992724e+03
8.395567839200000000e+10 2.830900000000000728e+04
8.418114172000000000e+10 3.459999999999999272e+04
8.472200196000000000e+10 5.612600000000000000e+04
8.523725493600000000e+10 6.125900000000000000e+04
8.557957589600000000e+10 5.763800000000000000e+04
8.589499109600000000e+10 6.004800000000000000e+04
8.603269256800000000e+10 4.197900000000000000e+04
8.609352463200000000e+10 3.541100000000000000e+04
8.719958340000000000e+10 7.186500000000000000e+04
8.768578100000000000e+10 6.785800000000000000e+04
8.781900052000000000e+10 4.731400000000000000e+04
8.782877893600000000e+10 3.341600000000000000e+04
8.857625471200000000e+10 6.592300000000000000e+04
8.857632279200000000e+10 1.902200000000000000e+04
8.868673602400000000e+10 3.734500000000000000e+04
8.940401080800000000e+10 6.108000000000000000e+04
8.947488796000000000e+10 4.489800000000000000e+04
8.970718567200000000e+10 4.771900000000000000e+04
8.987938541600000000e+10 3.669600000000000000e+04
