# Timestamps in ns,Energies
8.852804000000000000e+07 4.357100000000000000e+04
1.278979280000000000e+08 2.897399999999999272e+04
2.369227600000000000e+08 2.744000000000000000e+04
2.828977360000000000e+08 2.296900000000000000e+04
6.786182000000000000e+08 4.135400000000000000e+04
8.809890000000000000e+08 3.971000000000000000e+04
1.210753368000000000e+09 4.798400000000000000e+04
1.210819032000000000e+09 1.708000000000007276e+03
1.431169912000000000e+09 4.525500000000000000e+04
1.517792024000000000e+09 3.154200000000000728e+04
1.597915592000000000e+09 2.848000000000000728e+04
1.668195928000000000e+09 2.592900000000000000e+04
2.303894440000000000e+09 5.323500000000000000e+04
2.523474840000000000e+09 4.571200000000000000e+04
2.677125016000000000e+09 3.992100000000000000e+04
2.864123960000000000e+09 4.108700000000000000e+04
2.994831160000000000e+09 3.671900000000000000e+04
3.049715464000000000e+09 2.755700000000000000e+04
3.064939144000000000e+09 2.157600000000000000e+04
3.229686136000000000e+09 2.703200000000000000e+04
3.321134232000000000e+09 2.706000000000000000e+04
3.395255320000000000e+09 2.237500000000000000e+04
3.634443336000000000e+09 3.145500000000000000e+04
3.634494456000000000e+09 1.897999999999992724e+03
3.725967320000000000e+09 2.632300000000000000e+04
3.867628616000000000e+09 2.741400000000000728e+04
3.926720024000000000e+09 2.400900000000000000e+04
4.073886440000000000e+09 2.552799999999999272e+04
4.241249416000000000e+09 2.991000000000000000e+04
4.445250472000000000e+09 3.445400000000000000e+04
4.773124040000000000e+09 4.361600000000000000e+04
4.797974728000000000e+09 2.937699999999999272e+04
4.846502312000000000e+09 2.508899999999999272e+04
5.026529240000000000e+09 2.911100000000000000e+04
5.067815976000000000e+09 2.376900000000000000e+04
5.072301736000000000e+09 1.721499999999999636e+04
5.072379352000000000e+09 5.042999999999996362e+03
5.101208456000000000e+09 1.507200000000000364e+04
5.101393688000000000e+09 1.067000000000000000e+04
5.223290184000000000e+09 1.679099999999999636e+04
5.378062472000000000e+09 2.148200000000000000e+04
5.643028552000000000e+09 3.236000000000000000e+04
5.643211992000000000e+09 2.068900000000000000e+04
5.732708632000000000e+09 2.258900000000000000e+04
5.732849112000000000e+09 1.307800000000000364e+04
5.736458568000000000e+09 1.324600000000000000e+04
5.880805368000000000e+09 1.943800000000000000e+04
5.921780360000000000e+09 1.753000000000000000e+04
6.121679160000000000e+09 2.377900000000000000e+04
6.129457544000000000e+09 1.855600000000000000e+04
6.248203352000000000e+09 2.073800000000000000e+04
7.125707304000000000e+09 6.769100000000000000e+04
7.281136056000000000e+09 5.118700000000000000e+04
7.722124680000000000e+09 5.345400000000000000e+04
7.859034776000000000e+09 4.453200000000000000e+04
7.859143592000000000e+09 2.203200000000000000e+04
8.017248456000000000e+09 3.173200000000000000e+04
8.017412280000000000e+09 2.111600000000000000e+04
8.080240056000000000e+09 2.287500000000000000e+04
8.272503352000000000e+09 2.848000000000000728e+04
8.272561912000000000e+09 5.242999999999992724e+03
8.446310856000000000e+09 2.956099999999999272e+04
8.685566696000000000e+09 3.656500000000000000e+04
8.823559736000000000e+09 3.324400000000000728e+04
8.873076952000000000e+09 2.540900000000000000e+04
9.153869576000000000e+09 3.675300000000000000e+04
9.310629592000000000e+09 3.248000000000000000e+04
9.474529720000000000e+09 3.289100000000000000e+04
9.633650216000000000e+09 3.417800000000000000e+04
9.923375304000000000e+09 4.300700000000000000e+04
1.028681231200000000e+10 4.919200000000000000e+04
1.028686474400000000e+10 7.058000000000003638e+03
1.059080493600000000e+10 4.621900000000000000e+04
1.076250245600000000e+10 4.332300000000000000e+04
1.076257616800000000e+10 1.249599999999999272e+04
1.083360727200000000e+10 2.991399999999999272e+04
1.085959690400000000e+10 2.168300000000000000e+04
1.104134268000000000e+10 2.897100000000000000e+04
1.170612202400000000e+10 6.209700000000000000e+04
1.184907434400000000e+10 4.482100000000000000e+04
1.203175786400000000e+10 4.054500000000000000e+04
1.203180850400000000e+10 4.017000000000007276e+03
1.212902605600000000e+10 3.159200000000000000e+04
1.216750223200000000e+10 2.590200000000000000e+04
1.223428332000000000e+10 2.288000000000000000e+04
1.227880610400000000e+10 2.055300000000000000e+04
1.229417354400000000e+10 1.649900000000000728e+04
1.251202170400000000e+10 2.551200000000000000e+04
1.263533645600000000e+10 2.753700000000000000e+04
1.263539786400000000e+10 4.599999999999992724e+03
1.270203152800000000e+10 2.081500000000000000e+04
1.295002773600000000e+10 3.212899999999999272e+04
1.313862724000000000e+10 3.386200000000000000e+04
1.325157165600000000e+10 3.046800000000000000e+04
1.338299552800000000e+10 2.937200000000000728e+04
1.342164365600000000e+10 2.496900000000000000e+04
1.358100724000000000e+10 2.719499999999999272e+04
1.361186687200000000e+10 2.151300000000000000e+04
1.365228362400000000e+10 1.836100000000000000e+04
1.376916924000000000e+10 2.120900000000000000e+04
1.392475807200000000e+10 2.448600000000000000e+04
1.400894576800000000e+10 2.301600000000000000e+04
1.441058215200000000e+10 4.338700000000000000e+04
1.443252944800000000e+10 2.812200000000000000e+04
1.473561340000000000e+10 4.189600000000000000e+04
1.497321860000000000e+10 4.108700000000000000e+04
1.502347986400000000e+10 3.169100000000000000e+04
1.509660709600000000e+10 2.728999999999999272e+04
1.516743592800000000e+10 2.450000000000000000e+04
1.517012965600000000e+10 1.810599999999999272e+04
1.541257807200000000e+10 3.092100000000000000e+04
1.567717573600000000e+10 3.572299999999999272e+04
1.587300799200000000e+10 3.482900000000000000e+04
1.595486696800000000e+10 3.007800000000000000e+04
1.647356712800000000e+10 5.624400000000000000e+04
1.654753525600000000e+10 3.484600000000000000e+04
1.657439255200000000e+10 2.598000000000000000e+04
1.669618428000000000e+10 2.782600000000000000e+04
1.669624032800000000e+10 4.164000000000007276e+03
1.690460815200000000e+10 3.131800000000000000e+04
1.718334757600000000e+10 3.887400000000000000e+04
1.718339551200000000e+10 2.203000000000000000e+03
1.729379799200000000e+10 3.200000000000000728e+04
1.736067184800000000e+10 2.909500000000000000e+04
1.741062986400000000e+10 2.336000000000000000e+04
1.753886384800000000e+10 2.700400000000000000e+04
1.753893908000000000e+10 7.512000000000003638e+03
1.773024293600000000e+10 2.766000000000000000e+04
1.783939524000000000e+10 2.457500000000000000e+04
1.784988386400000000e+10 1.989100000000000000e+04
1.798238415200000000e+10 2.287399999999999272e+04
1.849065784800000000e+10 4.617600000000000000e+04
1.849073632800000000e+10 1.514500000000000364e+04
1.871523576800000000e+10 4.301500000000000000e+04
1.872569642400000000e+10 2.588800000000000000e+04
1.885825767200000000e+10 2.959400000000000000e+04
1.953963879200000000e+10 5.738000000000000000e+04
1.953977450400000000e+10 2.806300000000000728e+04
1.971989736800000000e+10 3.907200000000000000e+04
1.972892882400000000e+10 2.618500000000000000e+04
1.984795480800000000e+10 2.757400000000000728e+04
1.991342620000000000e+10 2.441800000000000000e+04
1.991360644000000000e+10 1.735799999999999636e+04
1.996736445600000000e+10 1.827199999999999272e+04
1.999741175200000000e+10 1.547200000000000364e+04
2.052211373600000000e+10 4.043500000000000000e+04
2.070050237600000000e+10 3.880800000000000000e+04
2.071214783200000000e+10 2.586800000000000000e+04
2.071225706400000000e+10 1.211000000000000000e+04
2.074216372000000000e+10 1.880900000000000000e+04
2.074228303200000000e+10 1.252200000000000000e+04
2.074238207200000000e+10 4.018999999999996362e+03
2.090890871200000000e+10 2.142500000000000000e+04
2.092793144800000000e+10 1.660099999999999272e+04
2.099487640800000000e+10 1.763600000000000000e+04
2.126311796000000000e+10 2.763600000000000000e+04
2.142340794400000000e+10 3.075200000000000000e+04
2.152487181600000000e+10 2.719100000000000000e+04
2.152493304800000000e+10 5.176000000000003638e+03
2.200373581600000000e+10 4.580500000000000000e+04
2.217422917600000000e+10 4.142900000000000000e+04
2.217432562400000000e+10 2.196500000000000000e+04
2.235981304800000000e+10 3.424499999999999272e+04
2.235992557600000000e+10 1.682199999999999272e+04
2.253639744800000000e+10 2.898700000000000728e+04
2.253914615200000000e+10 2.088900000000000000e+04
2.266007799200000000e+10 2.391200000000000000e+04
2.267888063200000000e+10 1.880900000000000000e+04
2.269513146400000000e+10 1.560700000000000000e+04
2.278682384800000000e+10 1.787200000000000728e+04
2.291283804000000000e+10 2.144000000000000000e+04
2.294204792800000000e+10 1.718299999999999272e+04
2.307805060000000000e+10 2.149400000000000000e+04
2.307864932000000000e+10 1.530499999999999272e+04
2.307872896800000000e+10 4.008000000000003638e+03
2.310166941600000000e+10 1.312400000000000000e+04
2.311502405600000000e+10 1.096200000000000364e+04
2.311522220000000000e+10 7.888000000000000000e+03
2.312014528800000000e+10 7.387000000000000000e+03
2.316489663200000000e+10 9.100999999999992724e+03
2.339677272800000000e+10 1.874900000000000000e+04
2.382836071200000000e+10 3.924600000000000000e+04
2.389714280800000000e+10 3.069900000000000000e+04
2.412124199200000000e+10 3.465600000000000000e+04
2.419867460000000000e+10 2.978500000000000728e+04
2.419874780000000000e+10 8.777999999999992724e+03
2.430565517600000000e+10 2.555200000000000000e+04
2.445319696800000000e+10 2.740600000000000000e+04
2.475288109600000000e+10 4.094600000000000000e+04
2.475294498400000000e+10 8.818999999999996362e+03
2.490626210400000000e+10 3.144200000000000000e+04
2.524776234400000000e+10 4.584600000000000000e+04
2.558311317600000000e+10 5.017900000000000000e+04
2.606562600800000000e+10 5.755300000000000000e+04
2.606567229600000000e+10 3.681000000000007276e+03
2.610122460000000000e+10 3.433100000000000728e+04
2.614589520800000000e+10 2.802700000000000000e+04
2.633310760800000000e+10 3.147000000000000000e+04
2.635923104800000000e+10 2.658500000000000000e+04
2.635938104800000000e+10 1.699900000000000728e+04
2.689434394400000000e+10 4.734700000000000000e+04
2.696610162400000000e+10 3.464200000000000000e+04
2.700885000800000000e+10 2.701100000000000000e+04
2.710833077600000000e+10 2.753000000000000000e+04
2.727553248800000000e+10 3.077600000000000728e+04
2.728914495200000000e+10 2.144900000000000000e+04
2.745211434400000000e+10 2.722999999999999272e+04
2.753471540000000000e+10 2.392000000000000000e+04
2.832514952800000000e+10 5.841300000000000000e+04
2.832524661600000000e+10 2.526200000000000000e+04
2.832533524000000000e+10 1.350000000000000728e+04
2.852894989600000000e+10 3.673800000000000000e+04
2.862402692000000000e+10 3.219100000000000000e+04
2.877522500000000000e+10 3.364800000000000000e+04
2.921346720800000000e+10 4.798100000000000000e+04
2.930139092000000000e+10 3.790400000000000000e+04
2.930146343200000000e+10 1.063700000000000000e+04
2.946047303200000000e+10 3.270500000000000000e+04
2.947800908000000000e+10 2.264100000000000000e+04
2.950763400800000000e+10 2.029900000000000000e+04
2.961588152800000000e+10 2.267200000000000000e+04
2.966282784800000000e+10 1.965800000000000728e+04
2.976624951200000000e+10 2.130200000000000000e+04
2.982852760800000000e+10 2.078399999999999272e+04
3.014125727200000000e+10 3.211000000000000728e+04
3.020481898400000000e+10 2.611500000000000000e+04
3.035075216800000000e+10 2.785599999999999272e+04
3.039794029600000000e+10 2.316300000000000000e+04
3.116083536800000000e+10 6.042700000000000000e+04
3.116239354400000000e+10 3.327100000000000000e+04
3.128844085600000000e+10 3.518900000000000000e+04
3.145907232800000000e+10 3.795300000000000000e+04
3.145919405600000000e+10 1.832900000000000000e+04
3.148985655200000000e+10 2.127600000000000000e+04
3.163082122400000000e+10 2.535000000000000000e+04
3.211101396000000000e+10 4.619900000000000000e+04
3.228242328800000000e+10 3.977400000000000000e+04
3.228247805600000000e+10 6.144000000000003638e+03
3.239792271200000000e+10 3.379200000000000728e+04
3.263952861600000000e+10 4.031600000000000000e+04
3.269876220000000000e+10 2.910999999999999272e+04
3.317479621600000000e+10 5.106500000000000000e+04
3.345507256800000000e+10 5.426300000000000000e+04
3.361573298400000000e+10 3.920100000000000000e+04
3.361579212000000000e+10 7.884999999999992724e+03
3.361598925600000000e+10 1.496100000000000000e+04
3.389806621600000000e+10 3.964400000000000000e+04
3.429069212000000000e+10 4.741000000000000000e+04
3.429074973600000000e+10 1.002800000000000364e+04
3.430574196000000000e+10 2.753600000000000000e+04
3.440863704800000000e+10 3.063600000000000000e+04
3.453608671200000000e+10 2.836300000000000000e+04
3.454512471200000000e+10 2.103500000000000728e+04
3.472335237600000000e+10 2.584600000000000000e+04
3.472344925600000000e+10 1.205100000000000000e+04
3.481616877600000000e+10 2.217600000000000000e+04
3.489777184800000000e+10 2.128800000000000000e+04
3.492386989600000000e+10 1.820800000000000000e+04
3.494815135200000000e+10 1.573699999999999636e+04
3.521501231200000000e+10 2.726500000000000000e+04
3.533164661600000000e+10 2.832000000000000000e+04
3.534384789600000000e+10 1.952000000000000000e+04
3.541911332000000000e+10 2.079200000000000728e+04
3.572881647200000000e+10 3.164299999999999272e+04
3.572893314400000000e+10 1.664000000000000728e+04
3.573131440800000000e+10 1.715300000000000000e+04
3.579886701600000000e+10 1.911900000000000000e+04
3.597756300000000000e+10 2.537000000000000000e+04
3.607721576800000000e+10 2.397600000000000000e+04
3.623025900000000000e+10 2.767600000000000000e+04
3.645949148000000000e+10 3.395100000000000000e+04
3.655861748000000000e+10 2.905600000000000000e+04
3.731264156000000000e+10 5.952000000000000000e+04
3.731273357600000000e+10 2.511500000000000728e+04
3.745628002400000000e+10 3.736700000000000000e+04
3.777974949600000000e+10 4.423500000000000000e+04
3.784472304800000000e+10 3.515700000000000000e+04
3.806159976800000000e+10 4.095600000000000000e+04
3.809204962400000000e+10 2.904700000000000000e+04
3.846684434400000000e+10 4.133700000000000000e+04
3.859582271200000000e+10 3.807100000000000000e+04
3.876093597600000000e+10 3.355400000000000000e+04
3.880087488800000000e+10 2.848100000000000000e+04
3.893449741600000000e+10 2.813199999999999272e+04
3.915737135200000000e+10 3.517500000000000000e+04
3.970364821600000000e+10 5.581700000000000000e+04
3.992062000800000000e+10 4.774700000000000000e+04
4.008245076000000000e+10 4.420700000000000000e+04
4.022685474400000000e+10 3.564000000000000000e+04
4.039400365600000000e+10 3.920700000000000000e+04
4.059248536800000000e+10 3.506700000000000000e+04
4.078563452000000000e+10 3.801400000000000000e+04
4.090552207200000000e+10 3.226500000000000000e+04
4.092187180000000000e+10 2.251299999999999272e+04
4.095697186400000000e+10 2.035300000000000000e+04
4.095970802400000000e+10 1.531900000000000728e+04
4.145308959200000000e+10 4.210000000000000000e+04
4.145315727200000000e+10 1.043900000000000728e+04
4.182071756000000000e+10 4.600100000000000000e+04
4.208391970400000000e+10 4.643600000000000000e+04
4.236784972000000000e+10 4.484700000000000000e+04
4.247726613600000000e+10 3.911600000000000000e+04
4.251795229600000000e+10 2.884400000000000000e+04
4.261086885600000000e+10 2.645900000000000000e+04
4.267323644000000000e+10 2.432800000000000000e+04
4.282821901600000000e+10 2.794500000000000000e+04
4.286437880800000000e+10 2.216900000000000000e+04
4.295844480800000000e+10 2.256400000000000000e+04
4.302032028000000000e+10 2.088800000000000000e+04
4.354356890400000000e+10 4.243500000000000000e+04
4.360747711200000000e+10 3.498500000000000000e+04
4.408222919200000000e+10 5.096900000000000000e+04
4.408228700000000000e+10 9.458999999999992724e+03
4.436658039200000000e+10 4.720900000000000000e+04
4.454439805600000000e+10 4.301400000000000000e+04
4.454448853600000000e+10 1.752100000000000364e+04
4.494957146400000000e+10 5.123700000000000000e+04
4.509610653600000000e+10 4.187800000000000000e+04
4.535145236000000000e+10 4.190400000000000000e+04
4.549063440800000000e+10 3.680600000000000000e+04
4.549898429600000000e+10 2.579500000000000000e+04
4.555500890400000000e+10 2.413100000000000000e+04
4.562250372000000000e+10 2.192300000000000000e+04
4.565207631200000000e+10 1.879300000000000000e+04
4.566056060000000000e+10 1.464100000000000000e+04
4.572974440800000000e+10 1.625300000000000000e+04
4.611296684000000000e+10 3.627400000000000000e+04
4.653583128800000000e+10 4.960300000000000000e+04
4.653589567200000000e+10 1.126500000000000728e+04
4.662020317600000000e+10 3.376200000000000000e+04
4.701181876000000000e+10 5.039900000000000000e+04
4.724698109600000000e+10 5.042500000000000000e+04
4.732770485600000000e+10 3.471100000000000000e+04
4.732782012000000000e+10 1.717000000000000728e+04
4.764754589600000000e+10 3.788800000000000000e+04
4.775392109600000000e+10 3.605000000000000728e+04
4.812265957600000000e+10 4.751200000000000000e+04
4.838674308000000000e+10 5.098900000000000000e+04
4.838674805600000000e+10 7.089000000000007276e+03
4.841856504800000000e+10 3.002900000000000000e+04
4.845514991200000000e+10 2.576000000000000000e+04
4.868360333600000000e+10 3.235200000000000000e+04
4.869581040800000000e+10 2.326400000000000000e+04
4.880873492000000000e+10 2.528200000000000000e+04
4.887078196000000000e+10 2.306700000000000000e+04
4.888683440800000000e+10 1.822400000000000728e+04
4.905738591200000000e+10 2.350600000000000000e+04
4.913137780000000000e+10 2.238400000000000000e+04
4.923574127200000000e+10 2.395200000000000000e+04
4.931111314400000000e+10 2.153400000000000000e+04
4.942728327200000000e+10 2.352800000000000000e+04
4.951268570400000000e+10 2.261700000000000000e+04
4.960396439200000000e+10 2.272000000000000000e+04
4.962212535200000000e+10 1.749500000000000364e+04
4.975675434400000000e+10 2.162700000000000000e+04
4.979684176800000000e+10 1.847200000000000000e+04
5.004014760800000000e+10 2.943900000000000000e+04
5.025844647200000000e+10 3.377599999999999272e+04
5.033757624800000000e+10 2.777700000000000000e+04
5.043867367200000000e+10 2.522400000000000000e+04
5.107901764000000000e+10 5.247200000000000000e+04
5.117824092000000000e+10 4.124100000000000000e+04
5.117828896800000000e+10 2.183000000000000000e+03
5.126566863200000000e+10 3.140700000000000000e+04
5.128851988000000000e+10 2.371600000000000000e+04
5.137664700000000000e+10 2.453300000000000000e+04
5.140624656800000000e+10 2.043400000000000000e+04
5.142547693600000000e+10 1.650499999999999272e+04
5.174371981600000000e+10 2.935999999999999272e+04
5.185047612000000000e+10 2.798900000000000000e+04
5.203331423200000000e+10 3.277500000000000000e+04
5.235902828000000000e+10 4.167200000000000000e+04
5.245658772000000000e+10 3.631099999999999272e+04
5.263291821600000000e+10 3.395000000000000000e+04
5.302904970400000000e+10 4.423600000000000000e+04
5.303083047200000000e+10 3.161600000000000000e+04
5.309910634400000000e+10 2.616000000000000000e+04
5.321680148000000000e+10 2.747700000000000728e+04
5.334230244000000000e+10 2.846000000000000000e+04
5.352569172000000000e+10 3.344600000000000000e+04
5.362159813600000000e+10 2.730099999999999272e+04
5.374178021600000000e+10 2.960000000000000000e+04
5.374186962400000000e+10 1.074700000000000364e+04
5.374987042400000000e+10 1.701399999999999272e+04
5.389468554400000000e+10 2.216199999999999272e+04
5.392543901600000000e+10 1.939299999999999272e+04
5.406526440800000000e+10 2.270400000000000000e+04
5.453266335200000000e+10 4.157100000000000000e+04
5.458916228000000000e+10 3.471800000000000000e+04
5.464085728800000000e+10 2.607300000000000000e+04
5.487199044000000000e+10 3.349100000000000728e+04
5.501888079200000000e+10 3.388799999999999272e+04
5.535623037600000000e+10 4.257900000000000000e+04
5.540628437600000000e+10 3.204700000000000728e+04
5.546085746400000000e+10 2.618000000000000000e+04
5.546175136800000000e+10 1.918499999999999272e+04
5.555629860000000000e+10 2.209100000000000000e+04
5.576164804000000000e+10 2.805600000000000000e+04
5.674064882400000000e+10 6.854700000000000000e+04
5.678215103200000000e+10 4.101800000000000000e+04
5.695829840800000000e+10 4.296100000000000000e+04
5.698698781600000000e+10 3.063700000000000000e+04
5.700246469600000000e+10 2.090000000000000000e+04
5.701426868000000000e+10 1.652799999999999272e+04
5.744571224800000000e+10 3.893500000000000000e+04
5.766860154400000000e+10 4.064500000000000000e+04
5.771615855200000000e+10 2.916900000000000000e+04
5.780587508000000000e+10 2.718200000000000000e+04
5.781153624800000000e+10 2.067400000000000000e+04
5.790563514400000000e+10 2.135200000000000000e+04
5.831239504800000000e+10 4.119300000000000000e+04
5.837168613600000000e+10 3.095500000000000000e+04
5.837181704800000000e+10 1.835199999999999272e+04
5.845317879200000000e+10 2.308199999999999272e+04
5.854865351200000000e+10 2.287200000000000000e+04
5.871840471200000000e+10 2.784000000000000000e+04
5.871846786400000000e+10 5.586000000000003638e+03
5.875707376800000000e+10 2.002400000000000000e+04
5.887885076000000000e+10 2.271799999999999272e+04
5.914446618400000000e+10 3.195200000000000728e+04
5.930978792800000000e+10 3.187600000000000000e+04
5.931989000800000000e+10 2.456900000000000728e+04
5.945319080800000000e+10 2.591600000000000000e+04
5.961227589600000000e+10 2.879800000000000000e+04
5.961238364000000000e+10 1.529100000000000364e+04
5.972527213600000000e+10 2.433700000000000000e+04
5.981709968800000000e+10 2.304200000000000000e+04
6.000682175200000000e+10 2.940000000000000000e+04
6.004292389600000000e+10 2.327200000000000000e+04
6.016643151200000000e+10 2.560700000000000000e+04
6.018737536800000000e+10 1.920100000000000000e+04
6.053432031200000000e+10 3.647100000000000000e+04
6.056911496800000000e+10 2.782400000000000000e+04
6.082924088800000000e+10 3.478300000000000000e+04
6.099215540000000000e+10 3.562100000000000000e+04
6.127564794400000000e+10 4.116700000000000000e+04
6.129458949600000000e+10 2.623900000000000000e+04
6.140085285600000000e+10 2.744100000000000000e+04
6.155731506400000000e+10 2.982999999999999272e+04
6.155737668000000000e+10 5.797999999999996362e+03
6.223910882400000000e+10 5.454100000000000000e+04
6.226724911200000000e+10 3.775100000000000000e+04
6.248084709600000000e+10 4.219600000000000000e+04
6.248093908000000000e+10 1.550700000000000728e+04
6.253908479200000000e+10 2.496600000000000000e+04
6.262695127200000000e+10 2.479500000000000000e+04
6.270067018400000000e+10 2.282500000000000000e+04
6.275378474400000000e+10 2.088400000000000000e+04
6.279234236000000000e+10 1.857600000000000000e+04
6.308390916000000000e+10 2.994600000000000000e+04
6.343716778400000000e+10 4.172700000000000000e+04
6.357339196000000000e+10 3.794000000000000000e+04
6.386266352800000000e+10 4.156000000000000000e+04
6.393564668000000000e+10 3.668500000000000000e+04
6.406866815200000000e+10 3.188500000000000000e+04
6.443416036000000000e+10 4.529600000000000000e+04
6.459359204000000000e+10 4.151600000000000000e+04
6.459366354400000000e+10 1.350300000000000000e+04
6.517762725600000000e+10 5.417700000000000000e+04
6.529818180000000000e+10 4.620800000000000000e+04
6.540128716000000000e+10 3.732800000000000000e+04
6.549069312800000000e+10 3.258600000000000000e+04
6.549077069600000000e+10 9.871000000000003638e+03
6.549090239200000000e+10 8.994000000000003638e+03
6.564048188000000000e+10 2.532300000000000000e+04
6.578272423200000000e+10 2.897900000000000000e+04
6.583078159200000000e+10 2.288700000000000000e+04
6.585367223200000000e+10 1.849700000000000000e+04
6.598103100000000000e+10 2.124400000000000000e+04
6.619127208800000000e+10 3.066400000000000000e+04
6.623691020000000000e+10 2.345000000000000000e+04
6.623698896800000000e+10 7.381999999999992724e+03
6.626745036000000000e+10 1.738099999999999272e+04
6.672765632800000000e+10 4.284300000000000000e+04
6.700511298400000000e+10 4.467000000000000000e+04
6.704948460000000000e+10 2.952599999999999272e+04
6.706796727200000000e+10 2.289300000000000000e+04
6.729735490400000000e+10 3.218200000000000000e+04
6.729978068000000000e+10 2.276799999999999272e+04
6.733277010400000000e+10 1.896900000000000000e+04
6.754343540000000000e+10 2.719799999999999272e+04
6.755919282400000000e+10 2.081100000000000000e+04
6.784259343200000000e+10 3.480699999999999272e+04
6.785617997600000000e+10 2.335200000000000000e+04
6.797885029600000000e+10 2.470100000000000000e+04
6.844307458400000000e+10 4.684300000000000000e+04
6.850392188000000000e+10 3.323000000000000000e+04
6.862279258400000000e+10 3.312300000000000000e+04
6.879636522400000000e+10 3.481600000000000000e+04
6.885299752800000000e+10 2.585700000000000000e+04
6.885306042400000000e+10 5.391000000000003638e+03
6.895934935200000000e+10 2.559200000000000000e+04
6.911728252000000000e+10 2.642299999999999272e+04
6.921423949600000000e+10 2.543900000000000000e+04
6.937701669600000000e+10 2.914900000000000000e+04
6.986465767200000000e+10 5.378400000000000000e+04
6.986484594400000000e+10 3.815600000000000000e+04
7.019718344800000000e+10 4.076000000000000000e+04
7.036584284000000000e+10 3.736100000000000000e+04
7.041465640800000000e+10 3.138400000000000728e+04
7.041486928800000000e+10 2.167199999999999272e+04
7.063236476000000000e+10 3.054500000000000728e+04
7.063244050400000000e+10 1.142800000000000000e+04
7.082528276000000000e+10 3.072599999999999272e+04
7.105806191200000000e+10 3.677700000000000000e+04
7.118727826400000000e+10 3.068300000000000728e+04
7.118733044000000000e+10 2.898000000000000000e+03
7.125976524000000000e+10 2.553100000000000000e+04
7.129983215200000000e+10 2.184000000000000728e+04
7.156212647200000000e+10 3.454400000000000000e+04
7.158931509600000000e+10 2.349700000000000000e+04
7.166682714400000000e+10 2.379299999999999272e+04
7.187284364000000000e+10 2.979700000000000000e+04
7.222251261600000000e+10 4.228600000000000000e+04
7.222257138400000000e+10 7.686000000000003638e+03
7.235874586400000000e+10 3.237500000000000728e+04
7.252015047200000000e+10 3.439900000000000000e+04
7.275030186400000000e+10 4.304200000000000000e+04
7.275036911200000000e+10 1.036299999999999636e+04
7.293557832800000000e+10 3.273599999999999272e+04
7.293574644000000000e+10 1.659200000000000364e+04
7.317451572000000000e+10 3.227200000000000000e+04
7.367411556000000000e+10 5.253600000000000000e+04
7.376256943200000000e+10 3.756600000000000000e+04
7.415864679200000000e+10 4.987900000000000000e+04
7.442070248800000000e+10 4.792000000000000000e+04
7.468009693600000000e+10 5.081000000000000000e+04
7.483799677600000000e+10 3.991400000000000000e+04
7.483807876000000000e+10 1.529399999999999636e+04
7.511956333600000000e+10 3.942500000000000000e+04
7.530445754400000000e+10 4.298400000000000000e+04
7.532970309600000000e+10 2.757200000000000000e+04
7.546821352800000000e+10 3.047099999999999272e+04
7.550615106400000000e+10 2.376000000000000000e+04
7.571777434400000000e+10 3.076700000000000000e+04
7.571783884000000000e+10 6.649999999999992724e+03
7.581521976800000000e+10 2.435200000000000728e+04
7.590897668000000000e+10 2.584000000000000000e+04
7.612534296800000000e+10 2.977400000000000000e+04
7.629451535200000000e+10 3.266500000000000000e+04
7.634438152800000000e+10 2.632000000000000000e+04
7.634449708000000000e+10 1.287599999999999636e+04
7.646705191200000000e+10 2.402400000000000000e+04
7.646711788000000000e+10 5.471000000000007276e+03
7.648730837600000000e+10 1.702600000000000364e+04
7.649247837600000000e+10 1.305899999999999636e+04
7.662494645600000000e+10 1.878299999999999272e+04
7.663509991200000000e+10 1.438899999999999272e+04
7.666378994400000000e+10 1.314800000000000364e+04
7.678518727200000000e+10 1.755100000000000728e+04
7.695763948000000000e+10 2.208000000000000728e+04
7.706226775200000000e+10 2.328800000000000000e+04
7.713634996000000000e+10 2.189700000000000000e+04
7.729937276000000000e+10 2.532500000000000728e+04
7.746133133600000000e+10 2.776400000000000000e+04
7.746158087200000000e+10 2.243200000000000000e+04
7.746177724000000000e+10 1.370400000000000364e+04
7.754168938400000000e+10 1.844100000000000000e+04
7.765391575200000000e+10 1.953000000000000000e+04
7.823569516000000000e+10 4.740800000000000000e+04
7.823575703200000000e+10 1.015500000000000000e+04
7.828764781600000000e+10 2.972000000000000000e+04
7.828773474400000000e+10 1.115699999999999272e+04
7.829422284000000000e+10 1.779199999999999272e+04
7.844397770400000000e+10 2.356300000000000000e+04
7.845645140000000000e+10 1.868999999999999272e+04
7.849597714400000000e+10 1.693599999999999636e+04
7.853172408800000000e+10 1.608000000000000364e+04
7.886927260000000000e+10 3.178900000000000000e+04
7.904832327200000000e+10 3.202899999999999272e+04
7.919586794400000000e+10 3.485800000000000000e+04
7.919595973600000000e+10 1.279600000000000000e+04
7.931209776800000000e+10 2.784800000000000000e+04
7.938536909600000000e+10 2.417300000000000000e+04
7.977496391200000000e+10 3.831700000000000000e+04
7.982426314400000000e+10 3.230300000000000000e+04
8.013490314400000000e+10 4.073500000000000000e+04
8.013495060000000000e+10 2.490000000000007276e+03
8.016720482400000000e+10 2.791400000000000000e+04
8.063263541600000000e+10 4.762200000000000000e+04
8.063288127200000000e+10 3.004100000000000728e+04
8.076331528800000000e+10 3.236500000000000728e+04
8.082182480800000000e+10 2.605700000000000000e+04
8.082189088800000000e+10 5.943000000000007276e+03
8.092200226400000000e+10 2.402100000000000000e+04
8.106780788000000000e+10 2.492100000000000000e+04
8.106791372000000000e+10 1.239300000000000000e+04
8.107639936800000000e+10 1.577600000000000000e+04
8.140502879200000000e+10 3.313400000000000000e+04
8.175159668000000000e+10 4.306600000000000000e+04
8.201618221600000000e+10 4.259600000000000000e+04
8.208238911200000000e+10 3.204000000000000000e+04
8.208244674400000000e+10 5.624999999999992724e+03
8.221098688800000000e+10 3.088600000000000000e+04
8.246811744800000000e+10 4.042500000000000000e+04
8.246819477600000000e+10 1.178100000000000364e+04
8.257064207200000000e+10 2.713299999999999272e+04
8.281075122400000000e+10 3.897300000000000000e+04
8.290612341600000000e+10 3.051600000000000728e+04
8.313521397600000000e+10 3.410800000000000000e+04
8.313529581600000000e+10 5.363000000000003638e+03
8.348727576800000000e+10 4.141600000000000000e+04
8.389298564000000000e+10 5.636400000000000000e+04
8.389311572000000000e+10 2.946800000000000728e+04
8.414291807200000000e+10 3.849300000000000000e+04
8.415227045600000000e+10 2.742600000000000000e+04
8.423560388000000000e+10 2.930000000000000000e+04
8.436076847200000000e+10 2.833700000000000000e+04
8.473104930400000000e+10 4.335800000000000000e+04
8.477072444000000000e+10 2.906199999999999272e+04
8.501253108000000000e+10 3.649100000000000000e+04
8.532596466400000000e+10 4.320800000000000000e+04
8.539587495200000000e+10 3.380800000000000000e+04
8.542928828000000000e+10 2.431200000000000000e+04
8.542946696800000000e+10 1.809500000000000728e+04
8.543887149600000000e+10 1.515599999999999272e+04
8.583480631200000000e+10 3.535500000000000000e+04
8.588735055200000000e+10 2.761799999999999272e+04
8.588740805600000000e+10 4.657000000000003638e+03
8.618679079200000000e+10 3.519200000000000000e+04
8.677204684000000000e+10 5.964700000000000000e+04
8.701963839200000000e+10 4.845600000000000000e+04
8.712025837600000000e+10 3.935600000000000000e+04
8.734381999200000000e+10 4.029600000000000000e+04
8.752250319200000000e+10 3.836200000000000000e+04
8.765475424800000000e+10 3.459300000000000000e+04
8.770833684000000000e+10 2.521499999999999272e+04
8.791997653600000000e+10 3.313100000000000000e+04
8.823110580000000000e+10 4.246800000000000000e+04
8.865315634400000000e+10 5.324900000000000000e+04
8.887791280800000000e+10 4.540100000000000000e+04
8.897198156000000000e+10 3.468000000000000000e+04
8.915774192800000000e+10 3.567900000000000000e+04
8.918525919200000000e+10 2.849600000000000000e+04
8.920120788000000000e+10 2.158300000000000000e+04
8.920896741600000000e+10 1.634999999999999272e+04
8.941155472800000000e+10 2.611500000000000728e+04
8.949349906400000000e+10 2.503200000000000000e+04
8.950530480800000000e+10 1.719299999999999272e+04
8.959064256800000000e+10 1.912000000000000000e+04
8.967570213600000000e+10 2.008000000000000000e+04
