# Timestamps in ns,Energies
9.802752800000000000e+07 3.829700000000000000e+04
2.903565040000000000e+08 3.710400000000000000e+04
3.006043440000000000e+08 2.465600000000000000e+04
7.349373680000000000e+08 4.525400000000000000e+04
1.186120392000000000e+09 6.130300000000000000e+04
1.338789384000000000e+09 4.806400000000000000e+04
1.390950360000000000e+09 3.373800000000000000e+04
1.678559736000000000e+09 4.140000000000000000e+04
1.928135960000000000e+09 4.216600000000000000e+04
2.166073400000000000e+09 4.141100000000000000e+04
2.198726648000000000e+09 3.100300000000000000e+04
2.425493688000000000e+09 3.987800000000000000e+04
2.664036600000000000e+09 4.051400000000000000e+04
3.048525080000000000e+09 4.748000000000000000e+04
3.181748296000000000e+09 3.996700000000000000e+04
3.187806888000000000e+09 2.688900000000000000e+04
3.187945240000000000e+09 1.580800000000000000e+04
3.708993736000000000e+09 4.647200000000000000e+04
4.518626152000000000e+09 7.488300000000000000e+04
4.657835752000000000e+09 4.804800000000000000e+04
5.099520744000000000e+09 6.110600000000000000e+04
5.099568280000000000e+09 4.351000000000003638e+03
5.099649640000000000e+09 1.477800000000000728e+04
5.099717224000000000e+09 5.326999999999996362e+03
5.320517160000000000e+09 4.352900000000000000e+04
5.442128888000000000e+09 3.360000000000000000e+04
5.566123928000000000e+09 3.090300000000000000e+04
5.723448088000000000e+09 3.294199999999999272e+04
6.240501656000000000e+09 4.996900000000000000e+04
6.329672728000000000e+09 3.857200000000000000e+04
6.478220696000000000e+09 3.524700000000000000e+04
6.660674232000000000e+09 3.833800000000000000e+04
6.715068744000000000e+09 2.784300000000000000e+04
6.715196264000000000e+09 1.730200000000000364e+04
6.719049288000000000e+09 1.605300000000000364e+04
6.794872872000000000e+09 1.890700000000000728e+04
6.953024664000000000e+09 2.328000000000000000e+04
6.953109912000000000e+09 9.338000000000000000e+03
6.992230728000000000e+09 1.779200000000000000e+04
7.004196072000000000e+09 1.456500000000000000e+04
7.413184088000000000e+09 3.223099999999999272e+04
7.572945752000000000e+09 3.528499999999999272e+04
7.840233848000000000e+09 4.072700000000000000e+04
7.840338696000000000e+09 1.673100000000000364e+04
7.873598712000000000e+09 2.374700000000000000e+04
8.135682360000000000e+09 3.429800000000000000e+04
8.144030200000000000e+09 2.352300000000000000e+04
8.238318056000000000e+09 2.539200000000000000e+04
8.689986376000000000e+09 4.324300000000000000e+04
9.217048200000000000e+09 6.292800000000000000e+04
9.506246664000000000e+09 5.689400000000000000e+04
9.506294184000000000e+09 3.427999999999996362e+03
9.654040632000000000e+09 4.387000000000000000e+04
9.654168312000000000e+09 2.887300000000000000e+04
9.864224568000000000e+09 3.470000000000000000e+04
1.020108978400000000e+10 4.511200000000000000e+04
1.023226666400000000e+10 3.143000000000000000e+04
1.157626516000000000e+10 9.247600000000002910e+04
1.291002599200000000e+10 9.658600000000000000e+04
1.291009797600000000e+10 2.358600000000000728e+04
1.384068338400000000e+10 7.904800000000000000e+04
1.384079084000000000e+10 3.417500000000000728e+04
1.440266551200000000e+10 7.506400000000001455e+04
1.443872608800000000e+10 4.292900000000000000e+04
1.447931804000000000e+10 2.851000000000000000e+04
1.538823103200000000e+10 7.499300000000000000e+04
1.557662973600000000e+10 5.257700000000000000e+04
1.664380536800000000e+10 7.809900000000000000e+04
1.664388623200000000e+10 2.705400000000000728e+04
1.677836416800000000e+10 4.834300000000000000e+04
1.745848293600000000e+10 6.728200000000000000e+04
1.782786501600000000e+10 6.216700000000000000e+04
1.803151554400000000e+10 5.915900000000000000e+04
1.803159658400000000e+10 1.565799999999999272e+04
1.825467781600000000e+10 3.892800000000000000e+04
1.850956050400000000e+10 4.072300000000000000e+04
1.866741530400000000e+10 4.140200000000000000e+04
1.911988541600000000e+10 5.319500000000000000e+04
1.936152764000000000e+10 4.680900000000000000e+04
2.012209522400000000e+10 7.928800000000001455e+04
2.023586941600000000e+10 4.728200000000000000e+04
2.064885236000000000e+10 5.405200000000000000e+04
2.069412847200000000e+10 3.648700000000000000e+04
2.104462852000000000e+10 4.589600000000000000e+04
2.114536128800000000e+10 4.048600000000000000e+04
2.144737308000000000e+10 4.704700000000000000e+04
2.164198223200000000e+10 3.851900000000000000e+04
2.172205692000000000e+10 3.329400000000000000e+04
2.249234204000000000e+10 6.241400000000000000e+04
2.323694367200000000e+10 7.465600000000000000e+04
2.363412727200000000e+10 6.560400000000000000e+04
2.405501941600000000e+10 5.972800000000000000e+04
2.417027652000000000e+10 4.966000000000000000e+04
2.432423685600000000e+10 3.700800000000000000e+04
2.442048050400000000e+10 3.243599999999999272e+04
2.449766698400000000e+10 2.932700000000000000e+04
2.449774031200000000e+10 8.396999999999996362e+03
2.450509360800000000e+10 1.851399999999999272e+04
2.545403317600000000e+10 6.797000000000000000e+04
2.555793546400000000e+10 4.337800000000000000e+04
2.557531434400000000e+10 2.919199999999999272e+04
2.566642500000000000e+10 2.960700000000000000e+04
2.575739405600000000e+10 2.622100000000000728e+04
2.580233869600000000e+10 2.185000000000000000e+04
2.595548762400000000e+10 2.598400000000000000e+04
2.605899149600000000e+10 2.440500000000000000e+04
2.632068885600000000e+10 3.273399999999999272e+04
2.809339266400000000e+10 8.821600000000000000e+04
2.822836458400000000e+10 5.896100000000000000e+04
2.911674072800000000e+10 8.242600000000000000e+04
2.911684229600000000e+10 2.637300000000000000e+04
2.916844304800000000e+10 3.902800000000000000e+04
2.924528704800000000e+10 3.319900000000000728e+04
3.008512389600000000e+10 6.942400000000000000e+04
3.008636277600000000e+10 3.824100000000000000e+04
3.049532322400000000e+10 5.534800000000000000e+04
3.052739589600000000e+10 3.641800000000000000e+04
3.066507200800000000e+10 3.335800000000000728e+04
3.110252511200000000e+10 5.336000000000000000e+04
3.135949882400000000e+10 4.496300000000000000e+04
3.136005874400000000e+10 2.824200000000000000e+04
3.173224004000000000e+10 4.562400000000000000e+04
3.225717287200000000e+10 7.112100000000000000e+04
3.235518376800000000e+10 4.295700000000000000e+04
3.254741920800000000e+10 4.389300000000000000e+04
3.257590685600000000e+10 2.715300000000000000e+04
3.271586503200000000e+10 3.131900000000000000e+04
3.283638578400000000e+10 2.895700000000000000e+04
3.287051597600000000e+10 2.364399999999999272e+04
3.316978383200000000e+10 3.388800000000000000e+04
3.320729879200000000e+10 2.848600000000000000e+04
3.388148370400000000e+10 5.890400000000000000e+04
3.402181527200000000e+10 4.401000000000000000e+04
3.420069874400000000e+10 4.125400000000000000e+04
3.433260957600000000e+10 3.935300000000000000e+04
3.436499938400000000e+10 2.384599999999999272e+04
3.449795517600000000e+10 2.944800000000000000e+04
3.449812986400000000e+10 1.795900000000000728e+04
3.474621127200000000e+10 3.143099999999999272e+04
3.474628600800000000e+10 9.069000000000000000e+03
3.474637412000000000e+10 1.861000000000007276e+03
3.489355944800000000e+10 2.662400000000000000e+04
3.524213162400000000e+10 3.669200000000000000e+04
3.561230037600000000e+10 5.180500000000000000e+04
3.622823741600000000e+10 6.689100000000000000e+04
3.634797213600000000e+10 4.665800000000000000e+04
3.674300991200000000e+10 5.982500000000000000e+04
3.677534597600000000e+10 3.873600000000000000e+04
3.679461048800000000e+10 2.468300000000000728e+04
3.696656378400000000e+10 3.065700000000000000e+04
3.744526133600000000e+10 5.165700000000000000e+04
3.756099991200000000e+10 3.766000000000000000e+04
3.784928061600000000e+10 4.171400000000000000e+04
3.789465620000000000e+10 3.465500000000000000e+04
3.790464975200000000e+10 2.328799999999999272e+04
3.792565594400000000e+10 1.916899999999999272e+04
3.867234407200000000e+10 5.876800000000000000e+04
3.878212908000000000e+10 4.550100000000000000e+04
3.890010437600000000e+10 3.637300000000000000e+04
3.911968642400000000e+10 3.718800000000000000e+04
3.921838224800000000e+10 3.502000000000000000e+04
3.922968810400000000e+10 2.495300000000000000e+04
3.967773258400000000e+10 4.510400000000000000e+04
3.986031754400000000e+10 4.069600000000000000e+04
4.020056149600000000e+10 4.465000000000000000e+04
4.043764189600000000e+10 4.344000000000000000e+04
4.052529941600000000e+10 3.548900000000000000e+04
4.070768552800000000e+10 3.449900000000000000e+04
4.086796183200000000e+10 3.279200000000000000e+04
4.104470188000000000e+10 3.495100000000000728e+04
4.104481492000000000e+10 1.671900000000000728e+04
4.144044735200000000e+10 4.264000000000000000e+04
4.154429596000000000e+10 3.490900000000000000e+04
4.183583032800000000e+10 4.157700000000000000e+04
4.198574359200000000e+10 4.156600000000000000e+04
4.221956744800000000e+10 3.757700000000000000e+04
4.243072717600000000e+10 4.073500000000000000e+04
4.291426133600000000e+10 5.119600000000000000e+04
4.323852463200000000e+10 5.148800000000000000e+04
4.323857890400000000e+10 9.336000000000007276e+03
4.340127141600000000e+10 4.382200000000000000e+04
4.346860380000000000e+10 3.626700000000000000e+04
4.350308133600000000e+10 2.675200000000000000e+04
4.355176204000000000e+10 2.304400000000000000e+04
4.357743797600000000e+10 1.789099999999999272e+04
4.373836924000000000e+10 2.326600000000000000e+04
4.414899976800000000e+10 4.315400000000000000e+04
4.422910997600000000e+10 3.363800000000000000e+04
4.458544800800000000e+10 4.656400000000000000e+04
4.494748600800000000e+10 4.831500000000000000e+04
4.494755000800000000e+10 1.202300000000000364e+04
4.515937605600000000e+10 4.672200000000000000e+04
4.515945437600000000e+10 1.340200000000000000e+04
4.515957576800000000e+10 1.156300000000000728e+04
4.521829760800000000e+10 2.504900000000000000e+04
4.555966309600000000e+10 3.757600000000000000e+04
4.616191448800000000e+10 5.859200000000000000e+04
4.616196615200000000e+10 7.882000000000000000e+03
4.698767792800000000e+10 7.533800000000000000e+04
4.698773196000000000e+10 1.078399999999999272e+04
4.728080064800000000e+10 5.522400000000000000e+04
4.754351271200000000e+10 4.963200000000000000e+04
4.754368527200000000e+10 2.837000000000000728e+04
4.769702776800000000e+10 3.581899999999999272e+04
4.778414892000000000e+10 3.052199999999999272e+04
4.838660176800000000e+10 5.356900000000000000e+04
4.862835808800000000e+10 5.180100000000000000e+04
4.920264842400000000e+10 6.001600000000000000e+04
4.927669288800000000e+10 4.596300000000000000e+04
4.969424068000000000e+10 5.365700000000000000e+04
4.973206608800000000e+10 3.736400000000000000e+04
4.973215602400000000e+10 1.678599999999999272e+04
4.999265712800000000e+10 4.288000000000000000e+04
4.999279911200000000e+10 2.253900000000000000e+04
5.005982440800000000e+10 2.400200000000000000e+04
5.047417455200000000e+10 4.819700000000000000e+04
5.050943191200000000e+10 2.908000000000000000e+04
5.098689412000000000e+10 5.058500000000000000e+04
5.118654714400000000e+10 4.640000000000000000e+04
5.122596610400000000e+10 3.448600000000000000e+04
5.129925692000000000e+10 2.805300000000000000e+04
5.382603543200000000e+10 9.910400000000000000e+04
5.429486576800000000e+10 7.909900000000000000e+04
5.429857648800000000e+10 4.098700000000000000e+04
5.449960816800000000e+10 4.594900000000000000e+04
5.581235722400000000e+10 8.628800000000000000e+04
5.618602832800000000e+10 6.889000000000000000e+04
5.645418389600000000e+10 5.908000000000000000e+04
5.699675760800000000e+10 6.444100000000000000e+04
5.699688284000000000e+10 1.809000000000000728e+04
5.699695234400000000e+10 7.898000000000007276e+03
5.705820325600000000e+10 3.231700000000000000e+04
5.734539207200000000e+10 3.850900000000000000e+04
5.734546220000000000e+10 1.094100000000000000e+04
5.743885872800000000e+10 3.193700000000000000e+04
5.777841413600000000e+10 4.148200000000000000e+04
5.784405029600000000e+10 3.281400000000000728e+04
5.784410272800000000e+10 2.723000000000000000e+03
5.825721191200000000e+10 5.069200000000000000e+04
5.826550031200000000e+10 3.102400000000000000e+04
5.891490629600000000e+10 6.125500000000000000e+04
5.934996272800000000e+10 5.819600000000000000e+04
5.935000784800000000e+10 1.853999999999996362e+03
5.962181402400000000e+10 5.172800000000000000e+04
6.022507239200000000e+10 6.462400000000000000e+04
6.022512740000000000e+10 1.059300000000000728e+04
6.043191901600000000e+10 4.868500000000000000e+04
6.043199239200000000e+10 1.627100000000000364e+04
6.045860469600000000e+10 2.661600000000000000e+04
6.094215823200000000e+10 4.931900000000000000e+04
6.102191352800000000e+10 3.651100000000000000e+04
6.129650719200000000e+10 4.413500000000000000e+04
6.137304048800000000e+10 3.365500000000000728e+04
6.167369224800000000e+10 4.078200000000000000e+04
6.167373972000000000e+10 1.978999999999992724e+03
6.232770279200000000e+10 6.831200000000000000e+04
6.287286261600000000e+10 6.301300000000000000e+04
6.299666180000000000e+10 4.556900000000000000e+04
6.376274586400000000e+10 6.884500000000000000e+04
6.425895780000000000e+10 6.288800000000000000e+04
6.432497220000000000e+10 4.270300000000000000e+04
6.432502058400000000e+10 2.761000000000007276e+03
6.456985615200000000e+10 4.140100000000000000e+04
6.474354458400000000e+10 3.765400000000000000e+04
6.498774757600000000e+10 4.101600000000000000e+04
6.570713896800000000e+10 6.676800000000000000e+04
6.595847261600000000e+10 5.432800000000000000e+04
6.607434084000000000e+10 4.551900000000000000e+04
6.607441624800000000e+10 4.959999999999992724e+03
6.653248463200000000e+10 5.044100000000000000e+04
6.663235960800000000e+10 3.842400000000000000e+04
6.686657434400000000e+10 4.554600000000000000e+04
6.697982954400000000e+10 3.600500000000000000e+04
6.700131816800000000e+10 2.533800000000000000e+04
6.750236421600000000e+10 4.637400000000000000e+04
6.770436511200000000e+10 4.867000000000000000e+04
6.770522188000000000e+10 2.793500000000000000e+04
6.839787956000000000e+10 5.821700000000000000e+04
6.861501528800000000e+10 5.416100000000000000e+04
6.895099135200000000e+10 5.033200000000000000e+04
6.906026679200000000e+10 3.858000000000000000e+04
6.970081954400000000e+10 6.623400000000000000e+04
6.970087895200000000e+10 1.222999999999999636e+04
6.970094567200000000e+10 5.866000000000000000e+03
6.975245279200000000e+10 3.079899999999999272e+04
6.987275362400000000e+10 3.112300000000000000e+04
7.014258652000000000e+10 4.255400000000000000e+04
7.049898976800000000e+10 4.907000000000000000e+04
7.049906920800000000e+10 1.503300000000000000e+04
7.051433752800000000e+10 2.560100000000000000e+04
7.052440186400000000e+10 1.917099999999999272e+04
7.093006703200000000e+10 4.018300000000000000e+04
7.093012840800000000e+10 8.173999999999992724e+03
7.156937844000000000e+10 6.688000000000000000e+04
7.160889261600000000e+10 3.847300000000000000e+04
7.166424431200000000e+10 2.904900000000000728e+04
7.166431000800000000e+10 7.239999999999996362e+03
7.167214293600000000e+10 1.872499999999999272e+04
7.233512589600000000e+10 5.630600000000000000e+04
7.233527026400000000e+10 1.794000000000000728e+04
7.244611047200000000e+10 3.226300000000000000e+04
7.264311490400000000e+10 3.536500000000000000e+04
7.286165352800000000e+10 4.340500000000000000e+04
7.286173119200000000e+10 1.216399999999999636e+04
7.289441332000000000e+10 2.379500000000000000e+04
7.289449100000000000e+10 7.467999999999996362e+03
7.313088792800000000e+10 2.976000000000000728e+04
7.357367860000000000e+10 4.605900000000000000e+04
7.359606925600000000e+10 2.919900000000000728e+04
7.362421231200000000e+10 2.578000000000000000e+04
7.387440012000000000e+10 3.367900000000000000e+04
7.412536012000000000e+10 4.168100000000000000e+04
7.412541056800000000e+10 2.878999999999996362e+03
7.457002093600000000e+10 5.018400000000000000e+04
7.534460074400000000e+10 7.735600000000000000e+04
7.601862276000000000e+10 8.312100000000000000e+04
7.635224525600000000e+10 5.980100000000000000e+04
7.649412087200000000e+10 4.623300000000000000e+04
7.686597546400000000e+10 5.175200000000000000e+04
7.689863941600000000e+10 3.856500000000000000e+04
7.714579215200000000e+10 4.126400000000000000e+04
7.724012533600000000e+10 3.624800000000000000e+04
7.730951597600000000e+10 2.718300000000000000e+04
7.731516752800000000e+10 2.011200000000000000e+04
7.766003168800000000e+10 3.784300000000000000e+04
7.787356013600000000e+10 3.815600000000000000e+04
7.804582823200000000e+10 3.556400000000000000e+04
7.809367432800000000e+10 3.186500000000000000e+04
7.859689119200000000e+10 4.932800000000000000e+04
7.902601631200000000e+10 5.908100000000000000e+04
7.945239653600000000e+10 5.831200000000000000e+04
7.971742348000000000e+10 5.781800000000000000e+04
7.979450717600000000e+10 4.189300000000000000e+04
8.003830367200000000e+10 3.911400000000000000e+04
8.016958360800000000e+10 3.676600000000000000e+04
8.029088740000000000e+10 3.446700000000000000e+04
8.044901373600000000e+10 3.607799999999999272e+04
8.066960876000000000e+10 3.751100000000000000e+04
8.097637442400000000e+10 4.049000000000000000e+04
8.153325664800000000e+10 6.709600000000000000e+04
8.153336908000000000e+10 2.760600000000000000e+04
8.156376437600000000e+10 3.120800000000000000e+04
8.177216239200000000e+10 3.824000000000000000e+04
8.188327207200000000e+10 3.200000000000000000e+04
8.188338650400000000e+10 1.651900000000000728e+04
8.206960944800000000e+10 3.008600000000000000e+04
8.206970237600000000e+10 1.197600000000000000e+04
8.208553277600000000e+10 1.798600000000000000e+04
8.251821997600000000e+10 3.792300000000000000e+04
8.272401328800000000e+10 3.777600000000000000e+04
8.272418066400000000e+10 2.282100000000000000e+04
8.282889604000000000e+10 2.831999999999999272e+04
8.350412530400000000e+10 5.536800000000000000e+04
8.404962509600000000e+10 6.131200000000000000e+04
8.404978029600000000e+10 3.858100000000000000e+04
8.461466146400000000e+10 6.322500000000000000e+04
8.480735152800000000e+10 5.132300000000000000e+04
8.515656200800000000e+10 5.367800000000000000e+04
8.532393034400000000e+10 4.808000000000000000e+04
8.556609076000000000e+10 4.540800000000000000e+04
8.637557848800000000e+10 7.209700000000000000e+04
8.640389356000000000e+10 4.527000000000000000e+04
8.691532733600000000e+10 5.523300000000000000e+04
8.691540932000000000e+10 2.377500000000000000e+04
8.691915973600000000e+10 2.801700000000000000e+04
8.740909476000000000e+10 5.202900000000000000e+04
8.795950036000000000e+10 6.867200000000000000e+04
8.810120520800000000e+10 4.964700000000000000e+04
8.888364376800000000e+10 7.831200000000000000e+04
8.907760956000000000e+10 5.776900000000000000e+04
8.908328719200000000e+10 2.946300000000000728e+04
8.910392720800000000e+10 2.433700000000000000e+04
8.918089799200000000e+10 2.540600000000000000e+04
8.943091231200000000e+10 3.327900000000000000e+04
8.954882127200000000e+10 3.084200000000000728e+04
8.972367479200000000e+10 3.235900000000000000e+04
