# Timestamps in ns,Energies
3.738519200000000000e+07 5.405500000000000000e+04
4.975825360000000000e+08 6.249700000000000000e+04
1.191435608000000000e+09 6.745700000000000000e+04
2.011847256000000000e+09 7.762700000000000000e+04
2.114165256000000000e+09 4.899600000000000000e+04
2.114230856000000000e+09 1.300800000000000728e+04
2.794421864000000000e+09 7.364800000000001455e+04
2.842588072000000000e+09 4.411200000000000000e+04
3.892328280000000000e+09 8.307700000000000000e+04
4.177421800000000000e+09 5.892500000000000000e+04
6.211312344000000000e+09 1.056900000000000000e+05
6.293311992000000000e+09 6.412000000000000000e+04
6.722033736000000000e+09 5.736800000000000000e+04
7.581926728000000000e+09 7.258500000000000000e+04
7.944993832000000000e+09 5.997700000000000000e+04
7.963872248000000000e+09 3.527800000000000000e+04
1.008224229600000000e+10 9.409800000000001455e+04
1.018083636000000000e+10 5.852000000000000000e+04
1.018093629600000000e+10 2.987499999999999272e+04
1.059509303200000000e+10 5.336900000000000000e+04
1.147351778400000000e+10 7.615400000000000000e+04
1.167369381600000000e+10 5.877100000000000000e+04
1.369408079200000000e+10 9.257800000000000000e+04
1.378166852000000000e+10 5.885700000000000000e+04
1.536415204000000000e+10 1.033889999999999709e+05
1.557441060000000000e+10 6.098700000000000000e+04
1.617904781600000000e+10 6.431400000000000000e+04
1.622516168800000000e+10 4.423300000000000000e+04
1.762430325600000000e+10 8.223400000000000000e+04
1.796105324000000000e+10 6.713700000000000000e+04
1.797743399200000000e+10 4.389700000000000000e+04
1.803945836000000000e+10 3.111900000000000000e+04
1.863044317600000000e+10 6.200100000000000000e+04
1.933597071200000000e+10 7.425699999999998545e+04
1.940391490400000000e+10 4.532000000000000000e+04
1.940408927200000000e+10 3.168799999999999272e+04
1.997003072800000000e+10 5.209100000000000000e+04
1.997007693600000000e+10 3.450000000000003638e+03
2.061022797600000000e+10 6.708000000000000000e+04
2.061034541600000000e+10 3.163399999999999272e+04
2.061040696800000000e+10 4.992000000000003638e+03
2.090138157600000000e+10 4.337000000000000000e+04
2.095908989600000000e+10 3.354600000000000000e+04
2.100857669600000000e+10 2.866600000000000000e+04
2.124003053600000000e+10 3.675100000000000000e+04
2.142039162400000000e+10 3.581500000000000000e+04
2.147683423200000000e+10 2.736400000000000000e+04
2.198887021600000000e+10 5.452400000000000000e+04
2.286860261600000000e+10 7.068100000000000000e+04
2.337547752800000000e+10 7.358600000000000000e+04
2.449990842400000000e+10 8.728000000000000000e+04
2.449995786400000000e+10 9.311000000000000000e+03
2.483967988000000000e+10 6.208100000000000000e+04
2.538100959200000000e+10 6.460200000000000000e+04
2.551293733600000000e+10 4.992100000000000000e+04
2.593322573600000000e+10 5.877100000000000000e+04
2.595646999200000000e+10 4.164900000000000000e+04
2.599421524000000000e+10 2.868200000000000000e+04
2.727409456800000000e+10 7.768100000000000000e+04
2.740840832800000000e+10 6.030200000000000000e+04
2.740845413600000000e+10 2.406000000000007276e+03
2.751309885600000000e+10 3.782400000000000000e+04
2.763424060000000000e+10 3.686700000000000000e+04
2.765264303200000000e+10 2.784800000000000000e+04
2.841647991200000000e+10 5.826600000000000000e+04
2.842856308000000000e+10 3.684700000000000000e+04
2.877802751200000000e+10 4.897000000000000000e+04
2.884455037600000000e+10 3.913200000000000000e+04
3.093325407200000000e+10 9.870900000000000000e+04
3.093334335200000000e+10 3.235200000000000000e+04
3.097727493600000000e+10 4.362600000000000000e+04
3.133831549600000000e+10 4.961400000000000000e+04
3.176381162400000000e+10 5.498500000000000000e+04
3.176387389600000000e+10 1.277100000000000364e+04
3.221744797600000000e+10 5.615600000000000000e+04
3.229006717600000000e+10 4.179800000000000000e+04
3.229786373600000000e+10 2.785700000000000000e+04
3.247436384800000000e+10 3.150200000000000000e+04
3.287267826400000000e+10 4.792800000000000000e+04
3.329761104800000000e+10 5.120700000000000000e+04
3.361907413600000000e+10 5.443400000000000000e+04
3.405046176800000000e+10 5.879800000000000000e+04
3.462321455200000000e+10 6.779500000000000000e+04
3.687430716000000000e+10 9.570499999999998545e+04
3.692872080800000000e+10 5.393500000000000000e+04
3.709049597600000000e+10 4.850300000000000000e+04
3.730265261600000000e+10 4.721200000000000000e+04
3.793323295200000000e+10 6.848200000000000000e+04
3.891772695200000000e+10 8.141600000000000000e+04
3.932604487200000000e+10 6.967700000000000000e+04
4.004594442400000000e+10 7.403200000000000000e+04
4.074307461600000000e+10 7.610800000000000000e+04
4.117926919200000000e+10 7.494000000000001455e+04
4.117931356000000000e+10 2.673000000000003638e+03
4.156530981600000000e+10 5.821600000000000000e+04
4.280934367200000000e+10 8.426600000000000000e+04
4.280942167200000000e+10 2.677700000000000000e+04
4.292359482400000000e+10 5.340700000000000000e+04
4.310884368800000000e+10 4.070400000000000000e+04
4.310893154400000000e+10 2.024699999999999272e+04
4.455390453600000000e+10 8.025700000000000000e+04
4.466408205600000000e+10 5.375200000000000000e+04
4.471309503200000000e+10 4.046300000000000000e+04
4.504314356000000000e+10 5.470700000000000000e+04
4.515468056800000000e+10 3.842200000000000000e+04
4.552101973600000000e+10 4.594400000000000000e+04
4.562681802400000000e+10 3.785100000000000000e+04
4.562688332000000000e+10 9.426999999999996362e+03
4.641517012000000000e+10 6.433100000000000000e+04
4.728947949600000000e+10 8.093700000000001455e+04
4.728960058400000000e+10 1.849100000000000000e+04
4.777374461600000000e+10 5.895300000000000000e+04
4.777476844000000000e+10 3.404300000000000000e+04
4.852039282400000000e+10 6.653000000000000000e+04
4.864072191200000000e+10 5.000100000000000000e+04
4.907766141600000000e+10 5.529100000000000000e+04
4.907771706400000000e+10 9.333999999999996362e+03
4.947213796000000000e+10 5.088600000000000000e+04
4.974629132000000000e+10 5.086700000000000000e+04
5.034753384800000000e+10 6.355400000000000000e+04
5.046668797600000000e+10 5.429500000000000000e+04
5.151494396000000000e+10 7.669000000000000000e+04
5.189867517600000000e+10 6.970500000000000000e+04
5.246155388000000000e+10 6.943200000000000000e+04
5.248562716000000000e+10 4.399700000000000000e+04
5.275687400800000000e+10 4.853000000000000000e+04
5.286865148000000000e+10 3.893000000000000000e+04
5.363453925600000000e+10 7.204300000000000000e+04
5.392963600800000000e+10 6.254300000000000000e+04
5.411672744800000000e+10 5.299300000000000000e+04
5.472160719200000000e+10 6.939500000000000000e+04
5.480350677600000000e+10 4.345100000000000000e+04
5.494915103200000000e+10 4.197400000000000000e+04
5.541966044000000000e+10 5.908200000000000000e+04
5.541974284000000000e+10 1.798200000000000000e+04
5.574084887200000000e+10 4.464000000000000000e+04
5.584662333600000000e+10 3.581999999999999272e+04
5.584673052000000000e+10 1.729400000000000000e+04
5.640112516000000000e+10 5.234400000000000000e+04
5.640124992800000000e+10 1.433900000000000728e+04
5.681343132000000000e+10 5.034400000000000000e+04
5.684160842400000000e+10 3.527800000000000728e+04
5.686158498400000000e+10 2.516800000000000000e+04
5.703624229600000000e+10 3.107600000000000000e+04
5.706596788000000000e+10 2.425000000000000000e+04
5.779289197600000000e+10 5.751300000000000000e+04
5.917718968800000000e+10 9.192000000000000000e+04
5.975821932000000000e+10 7.620800000000000000e+04
6.054388869600000000e+10 7.961800000000000000e+04
6.199107644000000000e+10 9.400100000000000000e+04
6.344420437600000000e+10 9.407500000000000000e+04
6.446400570400000000e+10 8.800000000000000000e+04
6.450993288800000000e+10 5.012900000000000000e+04
6.457994424800000000e+10 3.608600000000000000e+04
6.458010183200000000e+10 2.422800000000000000e+04
6.458978007200000000e+10 2.028900000000000000e+04
6.473445978400000000e+10 2.710100000000000000e+04
6.515519519200000000e+10 4.772100000000000000e+04
6.599982655200000000e+10 8.292000000000001455e+04
6.601419813600000000e+10 4.265400000000000000e+04
6.620488212000000000e+10 4.611000000000000000e+04
6.666964695200000000e+10 5.734700000000000000e+04
6.666972117600000000e+10 9.556000000000000000e+03
6.677554351200000000e+10 4.014400000000000000e+04
6.689339831200000000e+10 3.203500000000000000e+04
6.794383058400000000e+10 8.235200000000000000e+04
6.806189812000000000e+10 5.427300000000000000e+04
6.924666860000000000e+10 9.219700000000000000e+04
6.933996932000000000e+10 5.345900000000000000e+04
6.943453741600000000e+10 3.906400000000000000e+04
6.978185860000000000e+10 4.896000000000000000e+04
6.984228394400000000e+10 3.515900000000000000e+04
6.992020952800000000e+10 3.066800000000000000e+04
7.006147335200000000e+10 3.048900000000000000e+04
7.022112799200000000e+10 3.059200000000000728e+04
7.083890957600000000e+10 5.349100000000000000e+04
7.147074852000000000e+10 6.737600000000000000e+04
7.161883138400000000e+10 4.713600000000000000e+04
7.161888946400000000e+10 9.963999999999996362e+03
7.175745149600000000e+10 3.748100000000000000e+04
7.179145541600000000e+10 2.820500000000000000e+04
7.206255650400000000e+10 3.581499999999999272e+04
7.233247064800000000e+10 4.190700000000000000e+04
7.241081279200000000e+10 3.357600000000000000e+04
7.291985330400000000e+10 5.446600000000000000e+04
7.340115480800000000e+10 6.239600000000000000e+04
7.348589130400000000e+10 4.288200000000000000e+04
7.407079204000000000e+10 5.756500000000000000e+04
7.413143487200000000e+10 4.216000000000000000e+04
7.429966612000000000e+10 3.926200000000000000e+04
7.470091380000000000e+10 5.006400000000000000e+04
7.548100628000000000e+10 7.109900000000000000e+04
7.583127988000000000e+10 6.146500000000000000e+04
7.586108634400000000e+10 3.628700000000000728e+04
7.717786069600000000e+10 9.415500000000000000e+04
7.762932592800000000e+10 6.744800000000000000e+04
7.765083367200000000e+10 3.857600000000000000e+04
7.837052172000000000e+10 6.336200000000000000e+04
7.848967068000000000e+10 4.551300000000000000e+04
7.854368418400000000e+10 3.416200000000000000e+04
7.866165596000000000e+10 3.309199999999999272e+04
7.889454306400000000e+10 3.592899999999999272e+04
7.946592695200000000e+10 5.344000000000000000e+04
8.033799364000000000e+10 7.598600000000000000e+04
8.033804596000000000e+10 1.037799999999999272e+04
8.065406685600000000e+10 5.916100000000000000e+04
8.067448359200000000e+10 3.358800000000000000e+04
8.084589218400000000e+10 3.594100000000000000e+04
8.116636533600000000e+10 4.451300000000000000e+04
8.227894143200000000e+10 8.271300000000000000e+04
8.260903940000000000e+10 5.864000000000000000e+04
8.311192599200000000e+10 6.584900000000000000e+04
8.387104232800000000e+10 8.086300000000001455e+04
8.464321372000000000e+10 8.122500000000000000e+04
8.464330279200000000e+10 2.766499999999999272e+04
8.480796215200000000e+10 4.606800000000000000e+04
8.486517309600000000e+10 3.312499999999999272e+04
8.514232004000000000e+10 4.263200000000000000e+04
8.514679020000000000e+10 2.960900000000000000e+04
8.575994258400000000e+10 5.201000000000000000e+04
8.680265815200000000e+10 8.418499999999998545e+04
8.740241308000000000e+10 7.682300000000000000e+04
8.740249612000000000e+10 2.358300000000000000e+04
8.800305919200000000e+10 6.580300000000000000e+04
8.855686842400000000e+10 6.621200000000000000e+04
8.899920944800000000e+10 6.701700000000000000e+04
8.899928781600000000e+10 2.173700000000000000e+04
8.947173232800000000e+10 5.540900000000000000e+04
