# Timestamps in ns,Energies
5.024205600000000000e+07 4.631400000000000000e+04
7.082719200000000000e+07 3.008899999999999272e+04
9.537629040000000000e+08 7.703699999999998545e+04
1.012671336000000000e+09 4.322000000000000000e+04
1.767555160000000000e+09 6.512200000000000000e+04
2.111167800000000000e+09 6.258000000000000000e+04
2.203852696000000000e+09 4.422600000000000000e+04
3.486594424000000000e+09 9.770500000000000000e+04
4.254486264000000000e+09 8.429500000000000000e+04
4.410005656000000000e+09 5.791500000000000000e+04
4.493356184000000000e+09 4.154700000000000000e+04
5.984852152000000000e+09 8.958900000000000000e+04
6.499189096000000000e+09 7.392100000000000000e+04
6.530354456000000000e+09 4.225700000000000000e+04
7.548990008000000000e+09 8.112000000000000000e+04
7.549173672000000000e+09 4.569500000000000000e+04
7.566740248000000000e+09 2.913500000000000728e+04
7.566835464000000000e+09 1.317500000000000364e+04
8.790883720000000000e+09 7.867500000000000000e+04
8.790935848000000000e+09 1.235100000000000364e+04
8.877414008000000000e+09 4.931000000000000000e+04
8.970359848000000000e+09 3.740700000000000000e+04
9.453657944000000000e+09 5.020800000000000000e+04
1.002570757600000000e+10 6.043600000000000000e+04
1.173795967200000000e+10 9.311200000000000000e+04
1.173807776800000000e+10 3.867100000000000000e+04
1.173818071200000000e+10 7.572999999999996362e+03
1.226995199200000000e+10 6.192600000000000000e+04
1.227000220000000000e+10 6.704000000000003638e+03
1.297072084000000000e+10 7.026600000000000000e+04
1.386318661600000000e+10 7.623400000000000000e+04
1.386323703200000000e+10 1.006300000000000364e+04
1.386335271200000000e+10 2.147600000000000728e+04
1.411742861600000000e+10 4.505200000000000000e+04
1.455904106400000000e+10 5.470000000000000000e+04
1.455913816800000000e+10 2.422499999999999272e+04
1.491132112800000000e+10 5.124800000000000000e+04
1.491143306400000000e+10 2.197199999999999272e+04
1.573298692000000000e+10 6.640300000000000000e+04
1.586026871200000000e+10 4.932100000000000000e+04
1.617547981600000000e+10 5.300800000000000000e+04
1.687486210400000000e+10 6.647400000000000000e+04
1.687499050400000000e+10 1.831900000000000000e+04
1.716337101600000000e+10 5.041300000000000000e+04
1.802348548000000000e+10 7.411700000000000000e+04
1.893305194400000000e+10 9.163300000000000000e+04
1.893310788000000000e+10 1.317800000000000364e+04
1.893322284000000000e+10 1.809000000000000364e+04
1.893329352800000000e+10 7.447000000000000000e+03
1.947122519200000000e+10 6.774900000000000000e+04
2.006768856800000000e+10 6.592800000000000000e+04
2.049290944800000000e+10 6.582500000000000000e+04
2.070588591200000000e+10 5.401800000000000000e+04
2.134541792800000000e+10 6.432300000000000000e+04
2.243896426400000000e+10 7.957100000000000000e+04
2.247087575200000000e+10 4.747900000000000000e+04
2.254077077600000000e+10 3.830600000000000000e+04
2.289326584800000000e+10 5.097900000000000000e+04
2.320579789600000000e+10 5.461000000000000000e+04
2.361574018400000000e+10 5.983400000000000000e+04
2.361583655200000000e+10 2.537300000000000728e+04
2.418951496800000000e+10 6.014400000000000000e+04
2.442696916000000000e+10 4.952900000000000000e+04
2.484087999200000000e+10 6.089300000000000000e+04
2.547654287200000000e+10 6.700100000000000000e+04
2.547659090400000000e+10 6.130000000000003638e+03
2.631100706400000000e+10 7.713600000000000000e+04
2.631219660000000000e+10 4.044500000000000000e+04
2.653078754400000000e+10 4.437000000000000000e+04
2.704474140000000000e+10 5.928800000000000000e+04
2.717058327200000000e+10 4.699300000000000000e+04
2.819022128800000000e+10 8.728800000000000000e+04
2.848266442400000000e+10 6.666200000000000000e+04
2.848273573600000000e+10 1.027499999999999636e+04
2.848291077600000000e+10 1.905200000000000000e+04
2.861117072800000000e+10 3.532299999999999272e+04
2.878628836000000000e+10 3.468399999999999272e+04
2.973383893600000000e+10 8.026800000000000000e+04
2.973389744800000000e+10 1.312900000000000364e+04
2.989058456800000000e+10 4.468000000000000000e+04
2.989079330400000000e+10 2.252900000000000000e+04
3.005924245600000000e+10 3.477400000000000728e+04
3.012695608800000000e+10 2.803000000000000728e+04
3.026415357600000000e+10 3.040400000000000000e+04
3.036275452000000000e+10 2.790800000000000000e+04
3.099148496800000000e+10 5.416100000000000000e+04
3.115691808800000000e+10 4.505100000000000000e+04
3.248759999200000000e+10 8.221000000000000000e+04
3.317441834400000000e+10 7.432900000000000000e+04
3.341382973600000000e+10 5.572100000000000000e+04
3.352245784800000000e+10 4.419300000000000000e+04
3.394219519200000000e+10 5.950700000000000000e+04
3.402806514400000000e+10 3.670500000000000000e+04
3.402814170400000000e+10 1.475699999999999272e+04
3.417291511200000000e+10 3.113299999999999272e+04
3.498892125600000000e+10 6.280000000000000000e+04
3.505222888800000000e+10 4.940900000000000000e+04
3.505228573600000000e+10 7.839999999999996362e+03
3.524154794400000000e+10 3.839200000000000000e+04
3.530240170400000000e+10 3.276900000000000000e+04
3.599221904800000000e+10 6.455200000000000000e+04
3.599233698400000000e+10 1.026200000000000364e+04
3.645542005600000000e+10 5.328100000000000000e+04
3.645549608800000000e+10 1.798100000000000364e+04
3.703711599200000000e+10 7.100800000000000000e+04
3.703723068000000000e+10 3.134899999999999272e+04
3.795021725600000000e+10 6.941800000000000000e+04
3.795026170400000000e+10 4.152000000000000000e+03
3.820945556000000000e+10 5.641000000000000000e+04
3.827257532000000000e+10 3.724800000000000000e+04
3.830706324000000000e+10 3.095200000000000000e+04
3.885577578400000000e+10 6.042900000000000000e+04
3.947103420000000000e+10 6.446300000000000000e+04
3.955624629600000000e+10 4.702400000000000000e+04
4.014574759200000000e+10 6.457300000000000000e+04
4.038753776800000000e+10 4.968100000000000000e+04
4.038761837600000000e+10 8.611000000000007276e+03
4.047677629600000000e+10 3.739100000000000000e+04
4.144024525600000000e+10 7.329800000000000000e+04
4.264553045600000000e+10 8.673800000000000000e+04
4.272956164000000000e+10 5.026500000000000000e+04
4.364193487200000000e+10 8.225900000000000000e+04
4.516928672800000000e+10 8.912300000000000000e+04
4.643693344800000000e+10 8.929300000000000000e+04
4.654358012000000000e+10 5.603800000000000000e+04
4.714031024800000000e+10 6.334800000000000000e+04
4.721136114400000000e+10 4.752800000000000000e+04
4.734096244000000000e+10 3.903500000000000000e+04
4.743697648800000000e+10 3.521700000000000000e+04
4.779889324000000000e+10 4.419300000000000000e+04
4.779899436000000000e+10 5.459999999999992724e+03
4.779909701600000000e+10 1.043099999999999272e+04
4.829772245600000000e+10 5.627900000000000000e+04
4.844372144800000000e+10 4.387600000000000000e+04
4.917432132000000000e+10 6.666700000000000000e+04
4.959522608800000000e+10 5.937700000000000000e+04
4.985037639200000000e+10 4.973300000000000000e+04
4.989964357600000000e+10 3.665900000000000000e+04
5.042408847200000000e+10 6.227900000000000000e+04
5.074626752800000000e+10 5.348400000000000000e+04
5.077406602400000000e+10 3.762800000000000000e+04
5.077913613600000000e+10 2.589000000000000000e+04
5.131615821600000000e+10 4.975200000000000000e+04
5.152341093600000000e+10 4.238700000000000000e+04
5.167288365600000000e+10 3.944800000000000000e+04
5.174899279200000000e+10 3.295199999999999272e+04
5.189440760800000000e+10 3.268600000000000000e+04
5.203329927200000000e+10 3.151600000000000000e+04
5.466765218400000000e+10 1.022110000000000000e+05
5.466771424800000000e+10 2.283100000000000000e+04
5.466777487200000000e+10 7.542999999999992724e+03
5.466783661600000000e+10 2.257000000000000000e+03
5.524169301600000000e+10 6.701100000000000000e+04
5.559476032800000000e+10 6.448200000000000000e+04
5.701349837600000000e+10 9.248100000000000000e+04
5.701370792800000000e+10 4.715700000000000000e+04
5.737153424800000000e+10 5.452300000000000000e+04
5.760337706400000000e+10 5.219200000000000000e+04
5.760342330400000000e+10 2.099999999999996362e+03
5.778805664800000000e+10 4.108700000000000000e+04
5.778812188000000000e+10 1.061000000000000728e+04
5.925254756000000000e+10 8.463400000000000000e+04
5.973496506400000000e+10 7.697000000000000000e+04
5.983454511200000000e+10 5.266900000000000000e+04
6.019488437600000000e+10 5.298200000000000000e+04
6.019494703200000000e+10 1.157500000000000000e+04
6.138428036000000000e+10 9.687200000000000000e+04
6.138435584800000000e+10 2.403400000000000728e+04
6.217142964000000000e+10 8.286800000000000000e+04
6.236235320800000000e+10 5.168000000000000000e+04
6.389296418400000000e+10 1.018250000000000000e+05
6.460418917600000000e+10 8.904800000000000000e+04
6.482947159200000000e+10 6.408700000000000000e+04
6.482953069600000000e+10 1.134499999999999272e+04
6.558273277600000000e+10 6.591700000000000000e+04
6.558273856800000000e+10 6.138999999999992724e+03
6.558633437600000000e+10 4.023100000000000000e+04
6.563947829600000000e+10 3.364399999999999272e+04
6.563955077600000000e+10 1.034300000000000000e+04
6.572827487200000000e+10 2.618500000000000000e+04
6.589109180000000000e+10 3.147000000000000728e+04
6.589128101600000000e+10 2.772699999999999272e+04
6.632330197600000000e+10 3.923900000000000000e+04
6.667210754400000000e+10 4.571900000000000000e+04
6.706843069600000000e+10 5.974900000000000000e+04
6.706850280800000000e+10 1.627200000000000364e+04
6.743651472800000000e+10 5.344400000000000000e+04
6.760189004000000000e+10 4.444000000000000000e+04
6.895322463200000000e+10 9.806399999999997090e+04
6.900073666400000000e+10 4.562400000000000000e+04
6.917487501600000000e+10 4.541500000000000000e+04
6.937634511200000000e+10 4.137100000000000000e+04
6.969976708000000000e+10 5.001100000000000000e+04
6.981048924000000000e+10 3.949200000000000000e+04
7.003569632800000000e+10 4.374900000000000000e+04
7.024647357600000000e+10 3.745000000000000000e+04
7.133853205600000000e+10 8.056300000000000000e+04
7.137057268000000000e+10 4.765200000000000000e+04
7.137070650400000000e+10 2.602200000000000000e+04
7.189308980000000000e+10 5.445400000000000000e+04
7.194079314400000000e+10 3.619300000000000000e+04
7.234360608800000000e+10 4.772100000000000000e+04
7.336796978400000000e+10 7.657200000000000000e+04
7.395213301600000000e+10 7.784200000000000000e+04
7.442766604000000000e+10 7.003400000000000000e+04
7.532452058400000000e+10 8.133600000000000000e+04
7.588448397600000000e+10 7.998000000000000000e+04
7.636364138400000000e+10 6.840800000000000000e+04
7.636368608800000000e+10 3.882999999999992724e+03
7.725323429600000000e+10 7.776800000000000000e+04
7.767390421600000000e+10 6.423200000000000000e+04
7.771209336800000000e+10 4.073600000000000000e+04
7.810729232800000000e+10 5.103400000000000000e+04
7.866797074400000000e+10 6.626800000000000000e+04
7.911931050400000000e+10 6.153900000000000000e+04
7.959991445600000000e+10 6.675400000000000000e+04
7.959997775200000000e+10 1.432500000000000000e+04
7.966900236000000000e+10 3.807800000000000000e+04
8.032677956000000000e+10 7.357800000000000000e+04
8.032686860000000000e+10 2.381400000000000000e+04
8.085173362400000000e+10 6.502400000000000000e+04
8.144118367200000000e+10 7.333500000000001455e+04
8.265939972000000000e+10 8.611200000000000000e+04
8.285842348000000000e+10 5.855700000000000000e+04
8.310005248800000000e+10 5.017600000000000000e+04
8.356188637600000000e+10 5.701200000000000000e+04
8.459361589600000000e+10 8.948900000000000000e+04
8.467291557600000000e+10 4.727400000000000000e+04
8.468473028000000000e+10 3.359100000000000000e+04
8.468478296800000000e+10 2.905000000000000000e+03
8.542778284000000000e+10 6.128200000000000000e+04
8.575801788000000000e+10 5.560900000000000000e+04
8.590939396000000000e+10 4.330500000000000000e+04
8.596984447200000000e+10 3.549000000000000000e+04
8.650497650400000000e+10 5.472500000000000000e+04
8.725219533600000000e+10 7.447299999999998545e+04
8.727576460000000000e+10 4.644600000000000000e+04
8.752239344800000000e+10 4.487700000000000000e+04
8.817760237600000000e+10 7.086500000000000000e+04
8.853231084000000000e+10 5.640900000000000000e+04
8.869718960800000000e+10 5.338900000000000000e+04
8.878171130400000000e+10 3.925800000000000000e+04
8.940613554400000000e+10 6.045700000000000000e+04
8.965912794400000000e+10 5.133000000000000000e+04
8.977512560800000000e+10 4.231000000000000000e+04
