# Timestamps in ns,Energies
1.147907440000000000e+08 4.265100000000000000e+04
3.328783280000000000e+08 4.406600000000000000e+04
3.614486160000000000e+08 3.024800000000000728e+04
4.860587440000000000e+08 2.875500000000000000e+04
8.753478960000000000e+08 4.430400000000000000e+04
9.998285520000000000e+08 3.880700000000000000e+04
1.122285560000000000e+09 3.447800000000000000e+04
1.122354696000000000e+09 8.675999999999992724e+03
1.164970680000000000e+09 2.520000000000000000e+04
1.301738296000000000e+09 2.638400000000000000e+04
1.398862952000000000e+09 2.480100000000000000e+04
1.564703880000000000e+09 2.738400000000000728e+04
1.732046376000000000e+09 3.192800000000000000e+04
1.734166920000000000e+09 2.152400000000000000e+04
2.023330504000000000e+09 3.220899999999999272e+04
2.504964760000000000e+09 4.893700000000000000e+04
2.912360280000000000e+09 5.596800000000000000e+04
3.124881016000000000e+09 4.545600000000000000e+04
3.355029912000000000e+09 4.368800000000000000e+04
3.376428568000000000e+09 2.974200000000000728e+04
3.420276808000000000e+09 2.581600000000000000e+04
3.481739512000000000e+09 2.304300000000000000e+04
4.288939816000000000e+09 5.753600000000000000e+04
4.316262552000000000e+09 4.315900000000000000e+04
4.990042968000000000e+09 6.496900000000000000e+04
4.990088696000000000e+09 4.600000000000007276e+03
5.058392104000000000e+09 4.022900000000000000e+04
5.226598360000000000e+09 3.874600000000000000e+04
5.328348392000000000e+09 3.193900000000000000e+04
5.328414408000000000e+09 8.169000000000003638e+03
5.697974968000000000e+09 4.271200000000000000e+04
5.733824600000000000e+09 3.072700000000000000e+04
5.868389432000000000e+09 3.234300000000000000e+04
6.064770168000000000e+09 3.603000000000000000e+04
6.305988200000000000e+09 3.689000000000000000e+04
6.448909144000000000e+09 3.440200000000000728e+04
6.802686520000000000e+09 4.299400000000000000e+04
7.189460392000000000e+09 4.966900000000000000e+04
7.932195720000000000e+09 7.104000000000000000e+04
8.138704984000000000e+09 5.196800000000000000e+04
8.327354824000000000e+09 4.755300000000000000e+04
8.397732232000000000e+09 3.439299999999999272e+04
8.492422984000000000e+09 3.069700000000000000e+04
9.390815496000000000e+09 6.433900000000000000e+04
9.390861080000000000e+09 5.055999999999992724e+03
9.451861624000000000e+09 4.257600000000000000e+04
9.610917256000000000e+09 3.938400000000000000e+04
9.985801160000000000e+09 4.827300000000000000e+04
1.023685909600000000e+10 4.520700000000000000e+04
1.081568415200000000e+10 6.000800000000000000e+04
1.095514007200000000e+10 4.384300000000000000e+04
1.130113581600000000e+10 5.770300000000000000e+04
1.136486628000000000e+10 3.959800000000000000e+04
1.146588735200000000e+10 3.167799999999999272e+04
1.169107247200000000e+10 3.673500000000000000e+04
1.169114394400000000e+10 1.027900000000000728e+04
1.174260340000000000e+10 2.758300000000000000e+04
1.201173786400000000e+10 3.495600000000000000e+04
1.215249709600000000e+10 3.270099999999999272e+04
1.232228895200000000e+10 3.674000000000000000e+04
1.232427263200000000e+10 2.174400000000000000e+04
1.255818380000000000e+10 3.248799999999999272e+04
1.262625621600000000e+10 2.633700000000000000e+04
1.285819320800000000e+10 3.445600000000000000e+04
1.337771767200000000e+10 5.212100000000000000e+04
1.337781802400000000e+10 2.090400000000000000e+04
1.367868807200000000e+10 4.253600000000000000e+04
1.393029255200000000e+10 4.205700000000000000e+04
1.393045448800000000e+10 2.602000000000000000e+04
1.414841317600000000e+10 3.693300000000000000e+04
1.423479464800000000e+10 3.051100000000000728e+04
1.447991226400000000e+10 3.478499999999999272e+04
1.469498261600000000e+10 3.695300000000000000e+04
1.528499882400000000e+10 5.605600000000000000e+04
1.545127295200000000e+10 4.254500000000000000e+04
1.634300516000000000e+10 6.944300000000000000e+04
1.667499117600000000e+10 5.672800000000000000e+04
1.743287322400000000e+10 7.372100000000000000e+04
1.790681239200000000e+10 7.149000000000000000e+04
1.811721645600000000e+10 5.357100000000000000e+04
1.811733396000000000e+10 2.143100000000000000e+04
1.811743156000000000e+10 1.472699999999999636e+04
1.811752210400000000e+10 6.938000000000003638e+03
1.820195282400000000e+10 2.582500000000000000e+04
1.847577485600000000e+10 3.524299999999999272e+04
1.890780370400000000e+10 5.100900000000000000e+04
1.935576309600000000e+10 5.781000000000000000e+04
1.975276997600000000e+10 5.967200000000000000e+04
1.997317680800000000e+10 5.032900000000000000e+04
2.000307397600000000e+10 3.306100000000000000e+04
2.025672000800000000e+10 4.404300000000000000e+04
2.060158640800000000e+10 5.195800000000000000e+04
2.081924778400000000e+10 4.350500000000000000e+04
2.091079082400000000e+10 3.448999999999999272e+04
2.095860026400000000e+10 2.769599999999999272e+04
2.108269682400000000e+10 2.762000000000000000e+04
2.113039192800000000e+10 2.395200000000000000e+04
2.168217693600000000e+10 4.806000000000000000e+04
2.181077044000000000e+10 4.283500000000000000e+04
2.181098842400000000e+10 3.137400000000000000e+04
2.218399132000000000e+10 4.283000000000000000e+04
2.243489879200000000e+10 4.134300000000000000e+04
2.245464410400000000e+10 2.966500000000000728e+04
2.345206890400000000e+10 7.356800000000000000e+04
2.416436520800000000e+10 7.828200000000000000e+04
2.416862980000000000e+10 3.783200000000000000e+04
2.416869460000000000e+10 1.025300000000000000e+04
2.422553855200000000e+10 2.933600000000000728e+04
2.443812581600000000e+10 3.803900000000000000e+04
2.449822282400000000e+10 3.007100000000000000e+04
2.475805101600000000e+10 3.556100000000000728e+04
2.555603506400000000e+10 6.245100000000000000e+04
2.561068188000000000e+10 4.303200000000000000e+04
2.578168640800000000e+10 4.303400000000000000e+04
2.591243012000000000e+10 3.406599999999999272e+04
2.600580973600000000e+10 3.144600000000000000e+04
2.628457260000000000e+10 3.781000000000000000e+04
2.630290928800000000e+10 2.817700000000000000e+04
2.701097469600000000e+10 5.540000000000000000e+04
2.701103348000000000e+10 1.203500000000000728e+04
2.753348023200000000e+10 6.063400000000000000e+04
2.753352975200000000e+10 6.621000000000007276e+03
2.784056010400000000e+10 4.853700000000000000e+04
2.798192866400000000e+10 4.259200000000000000e+04
2.855387272800000000e+10 5.792000000000000000e+04
2.858585306400000000e+10 3.927600000000000000e+04
2.859732698400000000e+10 2.776300000000000000e+04
2.889140816800000000e+10 3.589900000000000000e+04
2.890432954400000000e+10 2.874500000000000000e+04
2.890438626400000000e+10 3.483999999999996362e+03
2.923759631200000000e+10 3.837500000000000000e+04
2.933543744800000000e+10 3.222099999999999272e+04
2.933549709600000000e+10 6.465999999999992724e+03
2.959458586400000000e+10 3.776000000000000000e+04
2.963330636000000000e+10 2.895000000000000000e+04
2.991820320800000000e+10 3.536800000000000000e+04
2.995259668000000000e+10 2.741000000000000728e+04
3.017599372000000000e+10 3.519600000000000728e+04
3.027085794400000000e+10 3.047500000000000000e+04
3.034304778400000000e+10 2.761900000000000000e+04
3.072604853600000000e+10 4.344900000000000000e+04
3.090798413600000000e+10 4.249400000000000000e+04
3.125978799200000000e+10 4.931600000000000000e+04
3.201751984800000000e+10 6.960200000000000000e+04
3.201758949600000000e+10 1.767100000000000728e+04
3.210144071200000000e+10 4.213500000000000000e+04
3.242586276000000000e+10 4.637900000000000000e+04
3.317415472800000000e+10 6.563200000000000000e+04
3.321219776800000000e+10 4.335200000000000000e+04
3.324531775200000000e+10 3.119499999999999272e+04
3.352058714400000000e+10 3.975600000000000000e+04
3.378844172000000000e+10 4.321800000000000000e+04
3.381640973600000000e+10 2.906400000000000000e+04
3.383917370400000000e+10 2.279400000000000000e+04
3.412995164000000000e+10 3.483400000000000000e+04
3.435822832800000000e+10 3.806700000000000000e+04
3.471192663200000000e+10 4.747500000000000000e+04
3.480259160800000000e+10 3.410399999999999272e+04
3.480280640800000000e+10 2.863500000000000000e+04
3.504736845600000000e+10 3.292800000000000728e+04
3.504751333600000000e+10 2.591099999999999272e+04
3.530129333600000000e+10 3.194400000000000000e+04
3.530850477600000000e+10 2.275499999999999272e+04
3.545618146400000000e+10 2.762300000000000728e+04
3.555350672800000000e+10 2.712900000000000000e+04
3.568154245600000000e+10 2.690999999999999272e+04
3.571348634400000000e+10 2.235900000000000000e+04
3.585867586400000000e+10 2.447799999999999272e+04
3.596369130400000000e+10 2.487800000000000728e+04
3.602975711200000000e+10 2.368100000000000000e+04
3.613125488800000000e+10 2.217000000000000000e+04
3.613144255200000000e+10 1.001500000000000364e+04
3.637801588000000000e+10 2.786400000000000000e+04
3.653204800800000000e+10 2.984200000000000728e+04
3.673239965600000000e+10 3.273300000000000728e+04
3.683538628000000000e+10 2.933400000000000728e+04
3.712953069600000000e+10 3.999200000000000000e+04
3.718466082400000000e+10 3.074000000000000000e+04
3.893207612000000000e+10 8.482000000000000000e+04
3.924105623200000000e+10 7.300799999999998545e+04
3.935535298400000000e+10 4.845500000000000000e+04
4.009361093600000000e+10 6.856800000000000000e+04
4.009365842400000000e+10 6.991999999999996362e+03
4.009378354400000000e+10 1.894500000000000728e+04
4.028791864800000000e+10 3.932800000000000000e+04
4.028798932000000000e+10 1.409999999999999272e+04
4.086477312800000000e+10 5.706100000000000000e+04
4.135431765600000000e+10 5.978400000000000000e+04
4.158738346400000000e+10 5.338400000000000000e+04
4.172880317600000000e+10 3.934500000000000000e+04
4.247152194400000000e+10 6.528100000000000000e+04
4.261554317600000000e+10 4.796000000000000000e+04
4.324125322400000000e+10 6.254600000000000000e+04
4.329874791200000000e+10 4.369600000000000000e+04
4.367609924000000000e+10 4.832200000000000000e+04
4.372131508000000000e+10 3.582700000000000000e+04
4.401162092000000000e+10 3.958400000000000000e+04
4.428367594400000000e+10 4.498400000000000000e+04
4.470974626400000000e+10 5.422600000000000000e+04
4.494926335200000000e+10 4.786400000000000000e+04
4.494931260000000000e+10 4.957999999999996362e+03
4.501189744800000000e+10 3.438300000000000728e+04
4.501194980000000000e+10 3.697999999999996362e+03
4.515347796000000000e+10 3.167800000000000000e+04
4.519172268000000000e+10 2.388800000000000000e+04
4.536126111200000000e+10 3.010599999999999272e+04
4.584544304800000000e+10 4.884000000000000000e+04
4.584554359200000000e+10 2.072800000000000000e+04
4.647926668000000000e+10 6.016100000000000000e+04
4.659903757600000000e+10 4.538100000000000000e+04
4.669204584800000000e+10 3.737700000000000000e+04
4.715749589600000000e+10 5.643200000000000000e+04
4.752541994400000000e+10 5.342700000000000000e+04
4.763444029600000000e+10 4.147300000000000000e+04
4.794709644000000000e+10 4.446500000000000000e+04
4.851125386400000000e+10 6.456800000000000000e+04
4.872161655200000000e+10 4.892500000000000000e+04
4.872170711200000000e+10 2.138499999999999272e+04
4.881119695200000000e+10 3.243200000000000000e+04
4.922169512800000000e+10 5.151900000000000000e+04
4.922833815200000000e+10 2.851300000000000000e+04
4.935375652000000000e+10 3.128400000000000000e+04
4.964064980000000000e+10 3.910400000000000000e+04
4.980943479200000000e+10 3.925000000000000000e+04
4.981710413600000000e+10 2.592300000000000000e+04
5.014672239200000000e+10 3.750500000000000000e+04
5.049286215200000000e+10 4.849600000000000000e+04
5.082851682400000000e+10 4.606900000000000000e+04
5.094532968800000000e+10 4.190300000000000000e+04
5.094542634400000000e+10 1.287600000000000364e+04
5.094556604000000000e+10 7.065000000000000000e+03
5.169155077600000000e+10 6.300400000000000000e+04
5.176384791200000000e+10 3.891100000000000000e+04
5.176392045600000000e+10 1.207399999999999636e+04
5.222159168800000000e+10 5.481600000000000000e+04
5.293969015200000000e+10 7.000100000000000000e+04
5.371887474400000000e+10 7.567300000000000000e+04
5.426366141600000000e+10 6.738100000000000000e+04
5.426371861600000000e+10 1.323700000000000364e+04
5.426381759200000000e+10 1.574999999999999636e+04
5.429386676000000000e+10 3.021200000000000000e+04
5.437689047200000000e+10 2.870500000000000000e+04
5.461990948000000000e+10 3.614699999999999272e+04
5.466469882400000000e+10 2.766200000000000000e+04
5.498467487200000000e+10 3.836800000000000000e+04
5.515410978400000000e+10 3.547200000000000000e+04
5.526449096800000000e+10 3.233500000000000000e+04
5.529062500000000000e+10 2.491799999999999272e+04
5.533313988000000000e+10 2.176900000000000000e+04
5.609611316000000000e+10 5.754500000000000000e+04
5.609622229600000000e+10 2.166700000000000000e+04
5.614815519200000000e+10 3.114100000000000000e+04
5.642380052000000000e+10 3.976100000000000000e+04
5.672655736800000000e+10 4.440000000000000000e+04
5.680829964000000000e+10 3.670800000000000000e+04
5.692757338400000000e+10 3.313300000000000000e+04
5.698796272800000000e+10 2.639700000000000728e+04
5.703252237600000000e+10 2.219500000000000000e+04
5.729106717600000000e+10 3.491900000000000000e+04
5.734538684000000000e+10 2.521200000000000000e+04
5.765261781600000000e+10 3.713100000000000000e+04
5.865188903200000000e+10 7.520200000000000000e+04
6.040957589600000000e+10 1.079610000000000000e+05
6.040969205600000000e+10 1.301399999999999272e+04
6.040975223200000000e+10 6.712000000000007276e+03
6.134042056800000000e+10 7.776800000000000000e+04
6.156107471200000000e+10 5.854500000000000000e+04
6.194896826400000000e+10 5.664800000000000000e+04
6.201211296800000000e+10 4.079200000000000000e+04
6.202717797600000000e+10 2.747100000000000000e+04
6.202723828000000000e+10 5.255999999999996362e+03
6.240276935200000000e+10 4.430300000000000000e+04
6.277259725600000000e+10 4.701800000000000000e+04
6.288133717600000000e+10 3.862500000000000000e+04
6.326419949600000000e+10 5.140900000000000000e+04
6.326429004000000000e+10 1.866500000000000000e+04
6.377125367200000000e+10 5.786500000000000000e+04
6.414366156000000000e+10 5.232100000000000000e+04
6.425070692000000000e+10 4.322500000000000000e+04
6.481048076000000000e+10 6.062000000000000000e+04
6.491114348000000000e+10 4.263200000000000000e+04
6.535284986400000000e+10 5.605800000000000000e+04
6.561761344800000000e+10 5.286700000000000000e+04
6.567587760800000000e+10 3.431900000000000728e+04
6.572323591200000000e+10 2.897800000000000000e+04
6.603139877600000000e+10 3.959200000000000000e+04
6.603147490400000000e+10 1.221900000000000728e+04
6.604679538400000000e+10 2.336199999999999272e+04
6.604700952800000000e+10 1.694799999999999272e+04
6.618035736800000000e+10 2.276400000000000000e+04
6.661382162400000000e+10 4.125900000000000000e+04
6.677514829600000000e+10 3.726300000000000000e+04
6.678989831200000000e+10 3.040100000000000000e+04
6.689695340000000000e+10 2.644100000000000728e+04
6.721787045600000000e+10 4.015900000000000000e+04
6.760493770400000000e+10 4.481700000000000000e+04
6.823791860000000000e+10 6.279200000000000000e+04
6.823809484000000000e+10 2.960200000000000000e+04
6.856000893600000000e+10 4.884800000000000000e+04
6.860624500000000000e+10 3.359199999999999272e+04
6.877233253600000000e+10 3.383299999999999272e+04
6.897169874400000000e+10 3.556799999999999272e+04
6.967310223200000000e+10 6.585100000000000000e+04
7.033519567200000000e+10 6.657600000000000000e+04
7.033525730400000000e+10 1.587399999999999636e+04
7.038533021600000000e+10 3.900800000000000000e+04
7.038540797600000000e+10 1.446299999999999636e+04
7.077004231200000000e+10 4.877600000000000000e+04
7.142417989600000000e+10 6.051300000000000000e+04
7.144107117600000000e+10 4.216200000000000000e+04
7.179590058400000000e+10 5.056800000000000000e+04
7.202563436000000000e+10 4.417800000000000000e+04
7.230257616800000000e+10 4.748900000000000000e+04
7.235910200800000000e+10 3.427000000000000000e+04
7.235917872800000000e+10 1.161399999999999272e+04
7.249207728800000000e+10 2.999799999999999272e+04
7.283912664800000000e+10 4.127100000000000000e+04
7.291972034400000000e+10 3.337800000000000000e+04
7.320031322400000000e+10 4.091900000000000000e+04
7.429767316000000000e+10 7.840000000000000000e+04
7.434908684000000000e+10 4.683300000000000000e+04
7.444954404000000000e+10 3.747300000000000000e+04
7.457416087200000000e+10 3.483900000000000000e+04
7.457421066400000000e+10 1.952000000000003638e+03
7.499311482400000000e+10 4.793800000000000000e+04
7.519806597600000000e+10 4.980500000000000000e+04
7.540773680800000000e+10 4.053700000000000000e+04
7.567814093600000000e+10 4.324100000000000000e+04
7.631842420000000000e+10 6.688100000000000000e+04
7.685486632800000000e+10 7.255400000000000000e+04
7.757124474400000000e+10 7.292800000000000000e+04
7.757129439200000000e+10 8.908000000000003638e+03
7.765891170400000000e+10 4.538500000000000000e+04
7.780871453600000000e+10 3.790400000000000000e+04
7.780880818400000000e+10 1.660200000000000728e+04
7.808752565600000000e+10 4.042500000000000000e+04
7.831133844000000000e+10 4.156100000000000000e+04
7.849976583200000000e+10 4.412800000000000000e+04
7.851261508000000000e+10 2.923400000000000000e+04
7.852112272800000000e+10 1.971800000000000000e+04
7.855790096800000000e+10 1.904700000000000000e+04
7.875557981600000000e+10 2.629800000000000000e+04
7.877354642400000000e+10 1.895600000000000000e+04
7.913059530400000000e+10 3.823800000000000000e+04
7.913072525600000000e+10 2.136100000000000000e+04
7.950666328800000000e+10 4.007400000000000000e+04
7.978634439200000000e+10 4.245600000000000000e+04
7.978644484000000000e+10 1.414700000000000364e+04
7.997982717600000000e+10 4.003800000000000000e+04
8.019633698400000000e+10 3.979200000000000000e+04
8.054233716000000000e+10 4.743700000000000000e+04
8.138293148000000000e+10 7.652499999999998545e+04
8.140491471200000000e+10 4.408700000000000000e+04
8.150886354400000000e+10 3.771100000000000000e+04
8.177766090400000000e+10 4.120400000000000000e+04
8.206302775200000000e+10 4.419700000000000000e+04
8.218520666400000000e+10 3.691200000000000000e+04
8.219314325600000000e+10 2.687900000000000000e+04
8.302930354400000000e+10 7.110000000000000000e+04
8.317014226400000000e+10 4.559100000000000000e+04
8.317019887200000000e+10 7.927000000000003638e+03
8.327027970400000000e+10 3.646200000000000000e+04
8.353119642400000000e+10 3.815400000000000000e+04
8.353129770400000000e+10 1.844300000000000728e+04
8.377813415200000000e+10 3.538000000000000000e+04
8.383236261600000000e+10 3.166899999999999272e+04
8.388840144800000000e+10 2.443500000000000000e+04
8.429799055200000000e+10 4.047300000000000000e+04
8.468745458400000000e+10 4.922400000000000000e+04
8.491795388000000000e+10 4.478500000000000000e+04
8.492830399200000000e+10 3.044799999999999272e+04
8.514626572000000000e+10 4.014500000000000000e+04
8.514917100000000000e+10 2.507500000000000000e+04
8.590097204000000000e+10 5.764500000000000000e+04
8.653868368800000000e+10 6.853800000000000000e+04
8.653876159200000000e+10 2.653799999999999272e+04
8.676542610400000000e+10 4.812900000000000000e+04
8.705970711200000000e+10 5.401600000000000000e+04
8.705975300000000000e+10 1.483000000000000000e+03
8.767994712800000000e+10 6.176800000000000000e+04
8.774890124000000000e+10 3.938600000000000000e+04
8.787206869600000000e+10 3.819000000000000000e+04
8.830705677600000000e+10 5.596200000000000000e+04
8.888941762400000000e+10 7.101900000000000000e+04
8.902255106400000000e+10 4.706600000000000000e+04
8.906877148000000000e+10 3.584500000000000000e+04
8.917682264800000000e+10 3.036500000000000000e+04
8.925891204000000000e+10 2.776699999999999272e+04
8.954157378400000000e+10 3.635100000000000000e+04
8.970436244000000000e+10 3.494300000000000728e+04
8.988875866400000000e+10 3.638200000000000000e+04
