# Timestamps in ns,Energies
5.560223200000000000e+07 4.103300000000000000e+04
7.622434400000000000e+07 2.882200000000000728e+04
1.261613040000000000e+08 2.360899999999999272e+04
5.980003760000000000e+08 4.574500000000000000e+04
6.444415600000000000e+08 3.461700000000000728e+04
7.140887920000000000e+08 2.911300000000000000e+04
8.899549520000000000e+08 3.139299999999999272e+04
9.674580720000000000e+08 2.786799999999999272e+04
9.922472080000000000e+08 2.173899999999999272e+04
9.927326640000000000e+08 1.539899999999999272e+04
1.084431800000000000e+09 1.914400000000000000e+04
1.235152408000000000e+09 2.399000000000000000e+04
1.383005768000000000e+09 2.487799999999999272e+04
1.453379656000000000e+09 2.376800000000000000e+04
1.453455080000000000e+09 6.937000000000000000e+03
1.455012088000000000e+09 1.420800000000000000e+04
1.532722888000000000e+09 1.738100000000000000e+04
1.573803608000000000e+09 1.563400000000000728e+04
1.676942344000000000e+09 1.815999999999999272e+04
1.907901528000000000e+09 2.636600000000000000e+04
1.963215832000000000e+09 2.214499999999999272e+04
1.980418648000000000e+09 1.784800000000000000e+04
2.023606840000000000e+09 1.687400000000000728e+04
2.131591560000000000e+09 1.896100000000000000e+04
2.228583864000000000e+09 1.999700000000000000e+04
2.258000376000000000e+09 1.704100000000000000e+04
2.294864200000000000e+09 1.545999999999999636e+04
2.353691016000000000e+09 1.543700000000000000e+04
2.364697864000000000e+09 1.286500000000000364e+04
2.490792216000000000e+09 1.703500000000000000e+04
3.149803784000000000e+09 4.412900000000000000e+04
3.365736168000000000e+09 4.616200000000000000e+04
3.469756696000000000e+09 3.558200000000000728e+04
3.498181800000000000e+09 2.563200000000000000e+04
3.590970936000000000e+09 2.569299999999999272e+04
3.705522552000000000e+09 2.560400000000000728e+04
3.814036456000000000e+09 2.488300000000000000e+04
3.814115096000000000e+09 8.503000000000000000e+03
3.904257816000000000e+09 2.149400000000000000e+04
3.953185848000000000e+09 2.041100000000000000e+04
3.955280824000000000e+09 1.465299999999999272e+04
4.026463544000000000e+09 1.602500000000000000e+04
4.058904744000000000e+09 1.480400000000000000e+04
4.333056888000000000e+09 2.474600000000000728e+04
4.392607560000000000e+09 2.268700000000000000e+04
4.446002232000000000e+09 1.975200000000000000e+04
4.666955448000000000e+09 2.671299999999999272e+04
4.845101256000000000e+09 3.136400000000000000e+04
4.850764136000000000e+09 2.136000000000000000e+04
4.891845880000000000e+09 1.932000000000000000e+04
4.948526600000000000e+09 1.904900000000000000e+04
4.987555800000000000e+09 1.688200000000000000e+04
5.020809176000000000e+09 1.537600000000000000e+04
5.102272936000000000e+09 1.644800000000000000e+04
5.102408888000000000e+09 6.258999999999992724e+03
5.262460472000000000e+09 1.929099999999999272e+04
5.346315080000000000e+09 1.889100000000000000e+04
5.367705240000000000e+09 1.618000000000000364e+04
5.438877704000000000e+09 1.696899999999999272e+04
5.660991208000000000e+09 2.370000000000000728e+04
5.709903800000000000e+09 2.069399999999999272e+04
5.760791240000000000e+09 1.900200000000000000e+04
6.093427656000000000e+09 3.207100000000000000e+04
6.104279560000000000e+09 2.264800000000000000e+04
6.158029464000000000e+09 2.176400000000000000e+04
6.201128120000000000e+09 1.892500000000000000e+04
6.227907640000000000e+09 1.639299999999999636e+04
6.396194712000000000e+09 2.257700000000000000e+04
6.452699672000000000e+09 1.955400000000000000e+04
6.520843672000000000e+09 1.895200000000000000e+04
6.525713432000000000e+09 1.452899999999999272e+04
6.710861960000000000e+09 2.228800000000000000e+04
6.724376984000000000e+09 1.735100000000000000e+04
6.935870872000000000e+09 2.403700000000000000e+04
7.029235592000000000e+09 2.439300000000000000e+04
7.088366408000000000e+09 2.075300000000000000e+04
7.109342248000000000e+09 1.776200000000000000e+04
7.189909256000000000e+09 1.889100000000000000e+04
7.253249112000000000e+09 1.781100000000000000e+04
7.311589352000000000e+09 1.717200000000000000e+04
7.321014920000000000e+09 1.428799999999999272e+04
7.502413144000000000e+09 2.063200000000000000e+04
7.603712008000000000e+09 2.116500000000000000e+04
7.784639480000000000e+09 2.552900000000000728e+04
7.869364856000000000e+09 2.324800000000000728e+04
8.054283656000000000e+09 2.817399999999999272e+04
8.167438136000000000e+09 2.648099999999999272e+04
8.429479160000000000e+09 3.224700000000000000e+04
8.548335720000000000e+09 3.147200000000000000e+04
8.581101128000000000e+09 2.423900000000000000e+04
8.581160360000000000e+09 3.873999999999996362e+03
8.622361096000000000e+09 1.987500000000000000e+04
8.759927272000000000e+09 2.243200000000000000e+04
8.784965352000000000e+09 1.896300000000000000e+04
8.794093016000000000e+09 1.556200000000000364e+04
9.014443896000000000e+09 2.336800000000000000e+04
9.018827448000000000e+09 1.806499999999999636e+04
9.059678056000000000e+09 1.721000000000000000e+04
9.270021656000000000e+09 2.481200000000000000e+04
9.697934136000000000e+09 3.865700000000000000e+04
9.698029736000000000e+09 1.823100000000000000e+04
9.905512040000000000e+09 3.497800000000000000e+04
1.003122816800000000e+10 3.315900000000000728e+04
1.011430280800000000e+10 2.838700000000000000e+04
1.066311469600000000e+10 4.758600000000000000e+04
1.069138840800000000e+10 3.468500000000000728e+04
1.069144244000000000e+10 4.933000000000003638e+03
1.095184007200000000e+10 4.080300000000000000e+04
1.100302128800000000e+10 2.984100000000000000e+04
1.135807088800000000e+10 4.209300000000000000e+04
1.137218469600000000e+10 2.875200000000000000e+04
1.174030954400000000e+10 4.307900000000000000e+04
1.174035754400000000e+10 3.015000000000003638e+03
1.184754455200000000e+10 3.564100000000000000e+04
1.184761575200000000e+10 9.747000000000007276e+03
1.186826559200000000e+10 2.200900000000000000e+04
1.187989452000000000e+10 1.744200000000000000e+04
1.189743596000000000e+10 1.497700000000000364e+04
1.189754183200000000e+10 7.637000000000000000e+03
1.204357378400000000e+10 1.915100000000000000e+04
1.212233128800000000e+10 1.921100000000000000e+04
1.233331236000000000e+10 2.500300000000000000e+04
1.256314639200000000e+10 3.112699999999999272e+04
1.266365143200000000e+10 2.816499999999999272e+04
1.267300701600000000e+10 2.072000000000000000e+04
1.270510895200000000e+10 1.869400000000000000e+04
1.285648426400000000e+10 2.307900000000000000e+04
1.286671252000000000e+10 1.782500000000000000e+04
1.296913460000000000e+10 2.059400000000000000e+04
1.309265690400000000e+10 2.240000000000000000e+04
1.326680772000000000e+10 2.560600000000000728e+04
1.346407520800000000e+10 2.922100000000000000e+04
1.369553172000000000e+10 3.648500000000000000e+04
1.370597061600000000e+10 2.371200000000000728e+04
1.380487256800000000e+10 2.506700000000000000e+04
1.381077624800000000e+10 1.897000000000000000e+04
1.383899232800000000e+10 1.710900000000000000e+04
1.440031023200000000e+10 4.310400000000000000e+04
1.444098666400000000e+10 3.242200000000000000e+04
1.460914909600000000e+10 3.335799999999999272e+04
1.465931076000000000e+10 2.690100000000000000e+04
1.468534128800000000e+10 2.059799999999999272e+04
1.471217388000000000e+10 1.810699999999999636e+04
1.475729538400000000e+10 1.710899999999999636e+04
1.487474416800000000e+10 1.999000000000000000e+04
1.488521842400000000e+10 1.586099999999999272e+04
1.494720228000000000e+10 1.560800000000000000e+04
1.497352458400000000e+10 1.427300000000000728e+04
1.513149469600000000e+10 1.885600000000000000e+04
1.529819234400000000e+10 2.295200000000000000e+04
1.529948602400000000e+10 1.710799999999999272e+04
1.558422248800000000e+10 2.909599999999999272e+04
1.558429613600000000e+10 8.478999999999992724e+03
1.581908634400000000e+10 3.142200000000000000e+04
1.594820924000000000e+10 3.247700000000000728e+04
1.623198957600000000e+10 3.867800000000000000e+04
1.623209280800000000e+10 2.008099999999999272e+04
1.628862340000000000e+10 2.349700000000000000e+04
1.644454850400000000e+10 2.663199999999999272e+04
1.645351156000000000e+10 2.071400000000000000e+04
1.647422549600000000e+10 1.791200000000000364e+04
1.651458367200000000e+10 1.630400000000000728e+04
1.652270645600000000e+10 1.318399999999999636e+04
1.652283528800000000e+10 5.557000000000000000e+03
1.663248583200000000e+10 1.557500000000000000e+04
1.676194549600000000e+10 1.909600000000000000e+04
1.682794711200000000e+10 1.804899999999999636e+04
1.706010647200000000e+10 2.584000000000000000e+04
1.706022861600000000e+10 1.394400000000000000e+04
1.706035343200000000e+10 8.274999999999996362e+03
1.720712821600000000e+10 2.151600000000000728e+04
1.752523965600000000e+10 3.372699999999999272e+04
1.756424405600000000e+10 2.579400000000000728e+04
1.756694375200000000e+10 1.936600000000000728e+04
1.757412535200000000e+10 1.508000000000000364e+04
1.762794178400000000e+10 1.622400000000000364e+04
1.767772280800000000e+10 1.567800000000000364e+04
1.770671191200000000e+10 1.447199999999999272e+04
1.780841631200000000e+10 1.687999999999999272e+04
1.797806159200000000e+10 2.158199999999999272e+04
1.803284722400000000e+10 1.936700000000000000e+04
1.817467765600000000e+10 2.305200000000000000e+04
1.827489180000000000e+10 2.213200000000000000e+04
1.828220420000000000e+10 1.671200000000000728e+04
1.837492951200000000e+10 1.872300000000000000e+04
1.845656140000000000e+10 1.857800000000000000e+04
1.850381804000000000e+10 1.747500000000000000e+04
1.854368887200000000e+10 1.578500000000000364e+04
1.860610941600000000e+10 1.573500000000000000e+04
1.861352404000000000e+10 1.263199999999999636e+04
1.867336056800000000e+10 1.376700000000000000e+04
1.903355567200000000e+10 2.915200000000000728e+04
1.904001026400000000e+10 2.093500000000000000e+04
1.928754986400000000e+10 3.116000000000000728e+04
1.959431066400000000e+10 3.874400000000000000e+04
1.959436180000000000e+10 4.196999999999992724e+03
1.966313039200000000e+10 2.792400000000000000e+04
1.972043463200000000e+10 2.448000000000000000e+04
1.974898812000000000e+10 2.072000000000000000e+04
1.990792258400000000e+10 2.572100000000000000e+04
1.996727944800000000e+10 2.303200000000000000e+04
1.997966194400000000e+10 1.740699999999999636e+04
1.999903487200000000e+10 1.488699999999999272e+04
2.010127807200000000e+10 1.736900000000000000e+04
2.011417336800000000e+10 1.473000000000000728e+04
2.021874541600000000e+10 1.719200000000000000e+04
2.026872735200000000e+10 1.604700000000000728e+04
2.035529572000000000e+10 1.688800000000000000e+04
2.046422021600000000e+10 1.910500000000000000e+04
2.051069021600000000e+10 1.670100000000000364e+04
2.085023157600000000e+10 3.252699999999999272e+04
2.093445106400000000e+10 2.644900000000000728e+04
2.101129458400000000e+10 2.524700000000000000e+04
2.106995260000000000e+10 2.156000000000000000e+04
2.113100880800000000e+10 2.035900000000000000e+04
2.114779501600000000e+10 1.725099999999999272e+04
2.129655808800000000e+10 2.092899999999999272e+04
2.135888938400000000e+10 2.001200000000000000e+04
2.147371520800000000e+10 2.144100000000000000e+04
2.151394773600000000e+10 1.848000000000000000e+04
2.155665328800000000e+10 1.681400000000000000e+04
2.162828858400000000e+10 1.742400000000000000e+04
2.166649341600000000e+10 1.533499999999999272e+04
2.187954556000000000e+10 2.307500000000000000e+04
2.230108992800000000e+10 4.164600000000000000e+04
2.248369320800000000e+10 3.814300000000000000e+04
2.252522973600000000e+10 2.837600000000000000e+04
2.253942524000000000e+10 2.214500000000000000e+04
2.257004896800000000e+10 1.928900000000000000e+04
2.262184292000000000e+10 1.832100000000000000e+04
2.287766026400000000e+10 2.682400000000000000e+04
2.292087079200000000e+10 2.376500000000000000e+04
2.292136381600000000e+10 1.667599999999999272e+04
2.315788404000000000e+10 2.563500000000000000e+04
2.316953111200000000e+10 2.036900000000000000e+04
2.325492712800000000e+10 2.077500000000000000e+04
2.341319616800000000e+10 2.416500000000000728e+04
2.343112061600000000e+10 1.902400000000000000e+04
2.344687727200000000e+10 1.615500000000000000e+04
2.367318600800000000e+10 2.506200000000000000e+04
2.375386485600000000e+10 2.298100000000000000e+04
2.421418160800000000e+10 4.333500000000000000e+04
2.421426760800000000e+10 1.470699999999999272e+04
2.437839895200000000e+10 3.354600000000000000e+04
2.447448732000000000e+10 2.972600000000000000e+04
2.452162724000000000e+10 2.609500000000000000e+04
2.456025637600000000e+10 2.109100000000000000e+04
2.459184087200000000e+10 1.816000000000000000e+04
2.459192752800000000e+10 6.429999999999992724e+03
2.465813351200000000e+10 1.711700000000000728e+04
2.484326384800000000e+10 2.259300000000000728e+04
2.494402504800000000e+10 2.335900000000000000e+04
2.498460482400000000e+10 1.902400000000000000e+04
2.550264026400000000e+10 4.184000000000000000e+04
2.557467053600000000e+10 3.253500000000000000e+04
2.569795188000000000e+10 3.211100000000000000e+04
2.581093788000000000e+10 2.986300000000000000e+04
2.594585024800000000e+10 2.865999999999999272e+04
2.599558452000000000e+10 2.395700000000000728e+04
2.602475303200000000e+10 2.094500000000000000e+04
2.611772311200000000e+10 2.144700000000000000e+04
2.618082010400000000e+10 1.931700000000000000e+04
2.618323850400000000e+10 1.471200000000000728e+04
2.637427567200000000e+10 2.180300000000000000e+04
2.637434007200000000e+10 4.467999999999992724e+03
2.637471191200000000e+10 1.470500000000000364e+04
2.652476039200000000e+10 1.988000000000000000e+04
2.652483285600000000e+10 5.460000000000007276e+03
2.655305004000000000e+10 1.603300000000000364e+04
2.655744226400000000e+10 1.256000000000000364e+04
2.655752104800000000e+10 2.599999999999992724e+03
2.656882738400000000e+10 1.019999999999999636e+04
2.681026229600000000e+10 2.048600000000000728e+04
2.686373429600000000e+10 1.855500000000000000e+04
2.694017960800000000e+10 1.794700000000000000e+04
2.710433708000000000e+10 2.288100000000000000e+04
2.734193655200000000e+10 3.044700000000000000e+04
2.758223604000000000e+10 3.341700000000000000e+04
2.759198199200000000e+10 2.540100000000000000e+04
2.770820285600000000e+10 2.580100000000000000e+04
2.786456394400000000e+10 2.939000000000000000e+04
2.793979229600000000e+10 2.665800000000000000e+04
2.799548671200000000e+10 2.223700000000000000e+04
2.824523448800000000e+10 3.058499999999999272e+04
2.829046287200000000e+10 2.387300000000000000e+04
2.852847813600000000e+10 3.137400000000000000e+04
2.858851423200000000e+10 2.562000000000000000e+04
2.860646632800000000e+10 2.060100000000000728e+04
2.860654103200000000e+10 6.950000000000000000e+03
2.860702207200000000e+10 1.282799999999999272e+04
2.866351128800000000e+10 1.549400000000000364e+04
2.878193812000000000e+10 1.881600000000000000e+04
2.887336140000000000e+10 1.912000000000000000e+04
2.890426119200000000e+10 1.666599999999999636e+04
2.919348064800000000e+10 2.851100000000000000e+04
2.932689431200000000e+10 2.786100000000000728e+04
2.947389671200000000e+10 3.154199999999999272e+04
2.952106282400000000e+10 2.482199999999999272e+04
2.952381914400000000e+10 1.729700000000000000e+04
2.959581466400000000e+10 1.923300000000000000e+04
2.993208268000000000e+10 3.107900000000000000e+04
2.994946090400000000e+10 2.335200000000000000e+04
3.001440396000000000e+10 2.303799999999999272e+04
3.006524855200000000e+10 1.976000000000000000e+04
3.016441983200000000e+10 2.193600000000000000e+04
3.016453527200000000e+10 1.111799999999999636e+04
3.026191644000000000e+10 1.911200000000000728e+04
3.026354791200000000e+10 1.432999999999999272e+04
3.030134295200000000e+10 1.402800000000000364e+04
3.031535372000000000e+10 1.189899999999999272e+04
3.048355317600000000e+10 1.880000000000000000e+04
3.071521372000000000e+10 2.548900000000000728e+04
3.079952136800000000e+10 2.341700000000000000e+04
3.091772711200000000e+10 2.543300000000000000e+04
3.101750164000000000e+10 2.424400000000000728e+04
3.108901567200000000e+10 2.234500000000000000e+04
3.112607984800000000e+10 1.961100000000000000e+04
3.124961580000000000e+10 2.174300000000000000e+04
3.126159546400000000e+10 1.668299999999999636e+04
3.128656599200000000e+10 1.496799999999999272e+04
3.144968900000000000e+10 2.030400000000000000e+04
3.155561812000000000e+10 2.112900000000000000e+04
3.168220068000000000e+10 2.258400000000000000e+04
3.170982074400000000e+10 1.964500000000000000e+04
3.187202309600000000e+10 2.328000000000000000e+04
3.198238130400000000e+10 2.426800000000000000e+04
3.202487045600000000e+10 2.182399999999999272e+04
3.202888605600000000e+10 1.535399999999999636e+04
3.214676392800000000e+10 1.887200000000000000e+04
3.214692095200000000e+10 1.214600000000000000e+04
3.223004191200000000e+10 1.757700000000000000e+04
3.228139624800000000e+10 1.596700000000000728e+04
3.235333248800000000e+10 1.657500000000000728e+04
3.254382890400000000e+10 2.272100000000000000e+04
3.254745482400000000e+10 1.646400000000000000e+04
3.288457375200000000e+10 3.124800000000000728e+04
3.291226216800000000e+10 2.341100000000000000e+04
3.291236605600000000e+10 1.156200000000000728e+04
3.293985893600000000e+10 1.734200000000000000e+04
3.304590060000000000e+10 1.962500000000000000e+04
3.317911660000000000e+10 2.247800000000000000e+04
3.328739653600000000e+10 2.236900000000000000e+04
3.334699282400000000e+10 2.056900000000000000e+04
3.334797074400000000e+10 1.515300000000000728e+04
3.338903968800000000e+10 1.582800000000000728e+04
3.349244429600000000e+10 1.776900000000000000e+04
3.356467410400000000e+10 1.734000000000000000e+04
3.356473967200000000e+10 3.074000000000003638e+03
3.362257836000000000e+10 1.641899999999999272e+04
3.382864680800000000e+10 2.336900000000000000e+04
3.393934021600000000e+10 2.336000000000000000e+04
3.399896725600000000e+10 2.100800000000000000e+04
3.409472703200000000e+10 2.179500000000000000e+04
3.412366872800000000e+10 1.895200000000000728e+04
3.423994181600000000e+10 2.048300000000000000e+04
3.485887839200000000e+10 5.119500000000000000e+04
3.491265853600000000e+10 3.641500000000000000e+04
3.520599733600000000e+10 4.088800000000000000e+04
3.530005580000000000e+10 3.565300000000000728e+04
3.530018021600000000e+10 2.118400000000000000e+04
3.537656456800000000e+10 2.341100000000000728e+04
3.569207640800000000e+10 3.619899999999999272e+04
3.571885770400000000e+10 2.600000000000000000e+04
3.584495276000000000e+10 2.729300000000000000e+04
3.587457736800000000e+10 2.176800000000000000e+04
3.588261552800000000e+10 1.707500000000000000e+04
3.597595418400000000e+10 1.961000000000000000e+04
3.609480943200000000e+10 2.182400000000000728e+04
3.613345538400000000e+10 1.880000000000000000e+04
3.613928616800000000e+10 1.450400000000000728e+04
3.618994384800000000e+10 1.530900000000000728e+04
3.644759724000000000e+10 2.497100000000000000e+04
3.647505477600000000e+10 2.015200000000000000e+04
3.662309167200000000e+10 2.276800000000000000e+04
3.666509784800000000e+10 1.988100000000000000e+04
3.667132072800000000e+10 1.548000000000000728e+04
3.698020362400000000e+10 2.885300000000000000e+04
3.702123282400000000e+10 2.297600000000000000e+04
3.730129858400000000e+10 3.114500000000000000e+04
3.743392693600000000e+10 3.354400000000000000e+04
3.754745167200000000e+10 3.049699999999999272e+04
3.758877304800000000e+10 2.392000000000000000e+04
3.759542773600000000e+10 1.779200000000000000e+04
3.789643866400000000e+10 3.034400000000000000e+04
3.793620684000000000e+10 2.505500000000000000e+04
3.802884760800000000e+10 2.410600000000000000e+04
3.803937407200000000e+10 1.892900000000000000e+04
3.811220258400000000e+10 1.960100000000000000e+04
3.829748210400000000e+10 2.432100000000000000e+04
3.834125237600000000e+10 2.162600000000000000e+04
3.837339928800000000e+10 1.835300000000000000e+04
3.877532861600000000e+10 3.492100000000000000e+04
3.886329296800000000e+10 3.006100000000000000e+04
3.886337280800000000e+10 1.035799999999999272e+04
3.904872176800000000e+10 3.059000000000000000e+04
3.918901610400000000e+10 2.917400000000000000e+04
3.925640861600000000e+10 2.519200000000000000e+04
3.931274892000000000e+10 2.304000000000000000e+04
3.938739508000000000e+10 2.052200000000000000e+04
3.944117055200000000e+10 1.922800000000000000e+04
3.952569672800000000e+10 1.916700000000000000e+04
3.956366263200000000e+10 1.776800000000000000e+04
3.959034818400000000e+10 1.537900000000000364e+04
3.970883930400000000e+10 1.815300000000000728e+04
3.997399514400000000e+10 2.710500000000000728e+04
4.012213431200000000e+10 2.941299999999999272e+04
4.015394021600000000e+10 2.384000000000000000e+04
4.020726693600000000e+10 2.012700000000000000e+04
4.035912140000000000e+10 2.530400000000000000e+04
4.036616703200000000e+10 1.823400000000000000e+04
4.042726591200000000e+10 1.822400000000000000e+04
4.062185677600000000e+10 2.476800000000000728e+04
4.085878162400000000e+10 3.118399999999999272e+04
4.087415228000000000e+10 2.246599999999999272e+04
4.087959872800000000e+10 1.761699999999999636e+04
4.107143780000000000e+10 2.439800000000000000e+04
4.107149444000000000e+10 2.973000000000007276e+03
4.121814508000000000e+10 2.656300000000000000e+04
4.136375688800000000e+10 2.620599999999999272e+04
4.140586869600000000e+10 2.376000000000000000e+04
4.145524088800000000e+10 1.992200000000000000e+04
4.147963080800000000e+10 1.675500000000000000e+04
4.165179959200000000e+10 2.252400000000000000e+04
4.166101628000000000e+10 1.765599999999999636e+04
4.171699199200000000e+10 1.709499999999999636e+04
4.183813524000000000e+10 2.008900000000000000e+04
4.183826386400000000e+10 1.064399999999999636e+04
4.185895200800000000e+10 1.384899999999999636e+04
4.204933229600000000e+10 2.126900000000000000e+04
4.223228343200000000e+10 2.555400000000000000e+04
4.228315437600000000e+10 2.225600000000000000e+04
4.248446818400000000e+10 2.796300000000000000e+04
4.259400976800000000e+10 2.776599999999999272e+04
4.268000996000000000e+10 2.479200000000000000e+04
4.269476103200000000e+10 1.947200000000000000e+04
4.279048160800000000e+10 2.126900000000000000e+04
4.280681570400000000e+10 1.703800000000000364e+04
4.286533719200000000e+10 1.686600000000000000e+04
4.302060828000000000e+10 2.092500000000000000e+04
4.302071280800000000e+10 1.050700000000000728e+04
4.308502700000000000e+10 1.775200000000000000e+04
4.320683943200000000e+10 2.032800000000000000e+04
4.331984679200000000e+10 2.128500000000000000e+04
4.334625336800000000e+10 1.851599999999999272e+04
4.345308538400000000e+10 1.920000000000000000e+04
4.354068077600000000e+10 2.012000000000000000e+04
4.360485260000000000e+10 1.897000000000000000e+04
4.365923482400000000e+10 1.720400000000000000e+04
4.381661650400000000e+10 2.137399999999999272e+04
4.399885936800000000e+10 2.810400000000000000e+04
4.417977631200000000e+10 2.842500000000000000e+04
4.417984324000000000e+10 8.228999999999996362e+03
4.424459671200000000e+10 2.229899999999999272e+04
4.426445781600000000e+10 1.886400000000000000e+04
4.432255874400000000e+10 1.810400000000000000e+04
4.439531338400000000e+10 1.813600000000000000e+04
4.440285205600000000e+10 1.421700000000000364e+04
4.482985829600000000e+10 3.314600000000000000e+04
4.503474855200000000e+10 3.661600000000000000e+04
4.512793346400000000e+10 3.112399999999999272e+04
4.516245608800000000e+10 2.400800000000000000e+04
4.522128192800000000e+10 2.168100000000000000e+04
4.527102600800000000e+10 1.944500000000000000e+04
4.527366607200000000e+10 1.452900000000000364e+04
4.541971580000000000e+10 2.064800000000000000e+04
4.568997082400000000e+10 2.905600000000000000e+04
4.569654509600000000e+10 2.120000000000000000e+04
4.569662688800000000e+10 7.023000000000000000e+03
4.570534735200000000e+10 1.485600000000000000e+04
4.584231413600000000e+10 1.957800000000000000e+04
4.594098490400000000e+10 2.087200000000000000e+04
4.603929856800000000e+10 2.152100000000000000e+04
4.608147303200000000e+10 1.942400000000000000e+04
4.624996940000000000e+10 2.360900000000000000e+04
4.627756253600000000e+10 1.952000000000000000e+04
4.650442812000000000e+10 2.634799999999999272e+04
4.651975463200000000e+10 2.040000000000000000e+04
4.656668508000000000e+10 1.959200000000000000e+04
4.670514516000000000e+10 2.278300000000000000e+04
4.673523780000000000e+10 1.866100000000000000e+04
4.701327336800000000e+10 3.034100000000000000e+04
4.710471576800000000e+10 2.581000000000000000e+04
4.734585991200000000e+10 3.180700000000000728e+04
4.734595474400000000e+10 1.593500000000000728e+04
4.746223188000000000e+10 2.860099999999999272e+04
4.769399520800000000e+10 3.149100000000000000e+04
4.769646372000000000e+10 2.241800000000000000e+04
4.791840036000000000e+10 2.944800000000000000e+04
4.791848431200000000e+10 1.071500000000000000e+04
4.792438954400000000e+10 1.913000000000000728e+04
4.793711978400000000e+10 1.550199999999999636e+04
4.811159005600000000e+10 2.270400000000000000e+04
4.816993154400000000e+10 2.065000000000000000e+04
4.831527199200000000e+10 2.340000000000000728e+04
4.831569872800000000e+10 1.691499999999999636e+04
4.836489887200000000e+10 1.742599999999999272e+04
4.843903116000000000e+10 1.744300000000000000e+04
4.860403146400000000e+10 2.209800000000000000e+04
4.879937626400000000e+10 2.801400000000000728e+04
4.900327482400000000e+10 3.024100000000000000e+04
4.902483605600000000e+10 2.325700000000000000e+04
4.908922213600000000e+10 2.150700000000000000e+04
4.909678127200000000e+10 1.705300000000000000e+04
4.913019840800000000e+10 1.565699999999999272e+04
4.913837946400000000e+10 1.269800000000000000e+04
4.933607557600000000e+10 2.082400000000000000e+04
4.938012333600000000e+10 1.830700000000000000e+04
4.947096156000000000e+10 1.899300000000000000e+04
4.974518738400000000e+10 2.844600000000000728e+04
4.976957413600000000e+10 2.256700000000000000e+04
4.987094596000000000e+10 2.310600000000000000e+04
5.021881588000000000e+10 3.655100000000000000e+04
5.038317802400000000e+10 3.408699999999999272e+04
5.044409615200000000e+10 2.739900000000000728e+04
5.079413477600000000e+10 3.993500000000000000e+04
5.082817773600000000e+10 3.036800000000000000e+04
5.098355727200000000e+10 3.186300000000000728e+04
5.098373242400000000e+10 2.100100000000000000e+04
5.099302615200000000e+10 1.776000000000000000e+04
5.101956927200000000e+10 1.619300000000000000e+04
5.102336272800000000e+10 1.262599999999999272e+04
5.102785079200000000e+10 1.043199999999999272e+04
5.114238820000000000e+10 1.554399999999999636e+04
5.123953168800000000e+10 1.710799999999999636e+04
5.125196517600000000e+10 1.411499999999999636e+04
5.130226258400000000e+10 1.410200000000000000e+04
5.137616215200000000e+10 1.496100000000000728e+04
5.156699567200000000e+10 2.201499999999999272e+04
5.161184618400000000e+10 1.886600000000000000e+04
5.175831157600000000e+10 2.260400000000000000e+04
5.180171216800000000e+10 1.911400000000000728e+04
5.202248269600000000e+10 2.559900000000000000e+04
5.231268143200000000e+10 3.663200000000000000e+04
5.231274263200000000e+10 7.345999999999992724e+03
5.238156320800000000e+10 2.581799999999999272e+04
5.240960655200000000e+10 2.136000000000000000e+04
5.252360999200000000e+10 2.383100000000000000e+04
5.258641520800000000e+10 2.083100000000000728e+04
5.265375157600000000e+10 2.059900000000000000e+04
5.270884288800000000e+10 1.880900000000000000e+04
5.275446944800000000e+10 1.770100000000000000e+04
5.284121221600000000e+10 1.800500000000000000e+04
5.284636954400000000e+10 1.380500000000000000e+04
5.291101604000000000e+10 1.491199999999999636e+04
5.294993626400000000e+10 1.426300000000000728e+04
5.296823560800000000e+10 1.215200000000000000e+04
5.315499064800000000e+10 1.951600000000000000e+04
5.331965397600000000e+10 2.324200000000000728e+04
5.344186237600000000e+10 2.385400000000000000e+04
5.346444788000000000e+10 1.928000000000000000e+04
5.352267135200000000e+10 1.824300000000000000e+04
5.375161250400000000e+10 2.642300000000000000e+04
5.382283341600000000e+10 2.496200000000000000e+04
5.399387412000000000e+10 2.850200000000000000e+04
5.415075244000000000e+10 2.812900000000000728e+04
5.415956420000000000e+10 2.176000000000000000e+04
5.418247424800000000e+10 1.820000000000000000e+04
5.418260322400000000e+10 1.008699999999999636e+04
5.419835988000000000e+10 1.310500000000000364e+04
5.419845852000000000e+10 5.085999999999996362e+03
5.435371959200000000e+10 1.784100000000000000e+04
5.448007119200000000e+10 2.058400000000000000e+04
5.456665258400000000e+10 2.057100000000000000e+04
5.457927981600000000e+10 1.650699999999999636e+04
5.458719461600000000e+10 1.325700000000000000e+04
5.475507088800000000e+10 1.966300000000000000e+04
5.477377935200000000e+10 1.658600000000000364e+04
5.481071688800000000e+10 1.499199999999999272e+04
5.485915176800000000e+10 1.445999999999999636e+04
5.487129349600000000e+10 1.210200000000000728e+04
5.507322997600000000e+10 2.008900000000000000e+04
5.512817167200000000e+10 1.832900000000000000e+04
5.514982517600000000e+10 1.555400000000000364e+04
5.517815991200000000e+10 1.390299999999999272e+04
5.526972576800000000e+10 1.624100000000000000e+04
5.537840460000000000e+10 1.814299999999999272e+04
5.537850959200000000e+10 8.079000000000000000e+03
5.543311588000000000e+10 1.508300000000000364e+04
5.548192959200000000e+10 1.490299999999999272e+04
5.576384528800000000e+10 2.515300000000000000e+04
5.583337708000000000e+10 2.286400000000000000e+04
5.586017400800000000e+10 1.891500000000000000e+04
5.603435354400000000e+10 2.346700000000000000e+04
5.614724152800000000e+10 2.408700000000000000e+04
5.637405280800000000e+10 3.090300000000000728e+04
5.646772495200000000e+10 2.909300000000000000e+04
5.658095868000000000e+10 2.719200000000000000e+04
5.658513767200000000e+10 1.982100000000000000e+04
5.658520959200000000e+10 5.557999999999996362e+03
5.663929999200000000e+10 1.753000000000000000e+04
5.666052042400000000e+10 1.494399999999999636e+04
5.687851551200000000e+10 2.352200000000000728e+04
5.687867101600000000e+10 1.474900000000000000e+04
5.694496016800000000e+10 1.827200000000000000e+04
5.719888992800000000e+10 2.675100000000000728e+04
5.723887695200000000e+10 2.208000000000000000e+04
5.726558074400000000e+10 1.904200000000000000e+04
5.736044684000000000e+10 2.095000000000000728e+04
5.740204855200000000e+10 1.823800000000000728e+04
5.752439381600000000e+10 2.032300000000000000e+04
5.755308141600000000e+10 1.745900000000000000e+04
5.755897903200000000e+10 1.399000000000000364e+04
5.758427570400000000e+10 1.270500000000000728e+04
5.766325855200000000e+10 1.486799999999999636e+04
5.778252965600000000e+10 1.812500000000000000e+04
5.788630322400000000e+10 1.960800000000000000e+04
5.794309858400000000e+10 1.836200000000000000e+04
5.801091237600000000e+10 1.760900000000000728e+04
5.805672463200000000e+10 1.596800000000000000e+04
5.812774541600000000e+10 1.664300000000000000e+04
5.830992228000000000e+10 2.105100000000000000e+04
5.832291200800000000e+10 1.742500000000000000e+04
5.871356108000000000e+10 3.227300000000000000e+04
5.906993498400000000e+10 4.494500000000000000e+04
5.910796108000000000e+10 3.158800000000000000e+04
5.911475212000000000e+10 2.438400000000000000e+04
5.913238810400000000e+10 1.872800000000000000e+04
5.916190258400000000e+10 1.732100000000000364e+04
5.919260408800000000e+10 1.599300000000000364e+04
5.930994959200000000e+10 1.892900000000000000e+04
5.932395351200000000e+10 1.517000000000000728e+04
5.937252744800000000e+10 1.495600000000000364e+04
5.962253903200000000e+10 2.424000000000000000e+04
5.964124309600000000e+10 1.964100000000000000e+04
5.965077077600000000e+10 1.512900000000000728e+04
5.965086789600000000e+10 6.488000000000007276e+03
5.973150178400000000e+10 1.599200000000000000e+04
5.977339133600000000e+10 1.503100000000000364e+04
5.983844247200000000e+10 1.548000000000000364e+04
5.987841399200000000e+10 1.442399999999999636e+04
5.987849573600000000e+10 4.465999999999992724e+03
5.999054506400000000e+10 1.603100000000000728e+04
5.999642728800000000e+10 1.271999999999999636e+04
6.017473378400000000e+10 1.897000000000000000e+04
6.018774508000000000e+10 1.555100000000000364e+04
6.025013853600000000e+10 1.594500000000000728e+04
6.031811602400000000e+10 1.612100000000000728e+04
6.031831434400000000e+10 1.179000000000000364e+04
6.033593968800000000e+10 1.139400000000000000e+04
6.043488095200000000e+10 1.450800000000000728e+04
6.052044277600000000e+10 1.569700000000000000e+04
6.059323079200000000e+10 1.694700000000000728e+04
6.060792100000000000e+10 1.318000000000000364e+04
6.064133026400000000e+10 1.265599999999999272e+04
6.071721004000000000e+10 1.434099999999999272e+04
6.074978226400000000e+10 1.293999999999999636e+04
6.084967714400000000e+10 1.498499999999999636e+04
6.097800711200000000e+10 1.862400000000000000e+04
6.104706800800000000e+10 1.764799999999999636e+04
6.112122671200000000e+10 1.745900000000000000e+04
6.124020847200000000e+10 2.024200000000000000e+04
6.125928008800000000e+10 1.676899999999999636e+04
6.128786351200000000e+10 1.438700000000000364e+04
6.137036986400000000e+10 1.630800000000000000e+04
6.140944882400000000e+10 1.488599999999999272e+04
6.162466672800000000e+10 2.289099999999999272e+04
6.190229768800000000e+10 3.070900000000000000e+04
6.190236716000000000e+10 8.172000000000007276e+03
6.192767784800000000e+10 2.138100000000000000e+04
6.206949024800000000e+10 2.398900000000000728e+04
6.215508725600000000e+10 2.332200000000000000e+04
6.224753034400000000e+10 2.216000000000000000e+04
6.225727498400000000e+10 1.795300000000000000e+04
6.230624026400000000e+10 1.710899999999999636e+04
6.235579490400000000e+10 1.619600000000000000e+04
6.242479221600000000e+10 1.720399999999999636e+04
6.242485594400000000e+10 2.733999999999992724e+03
6.250916252000000000e+10 1.694100000000000364e+04
6.252711600800000000e+10 1.385700000000000728e+04
6.265297540000000000e+10 1.816200000000000000e+04
6.284525501600000000e+10 2.368200000000000000e+04
6.303875383200000000e+10 2.864100000000000000e+04
6.303886149600000000e+10 6.263999999999992724e+03
6.316170674400000000e+10 2.575800000000000000e+04
6.316280282400000000e+10 1.730899999999999636e+04
6.334163415200000000e+10 2.492600000000000000e+04
6.345978887200000000e+10 2.481700000000000000e+04
6.346415536800000000e+10 1.837700000000000000e+04
6.350904940000000000e+10 1.727100000000000000e+04
6.361000098400000000e+10 1.912300000000000000e+04
6.383465050400000000e+10 2.755099999999999272e+04
6.384183296800000000e+10 2.008800000000000000e+04
6.401484135200000000e+10 2.537900000000000000e+04
6.402058005600000000e+10 1.909800000000000000e+04
6.407347340000000000e+10 1.823300000000000000e+04
6.411098701600000000e+10 1.641100000000000728e+04
6.423001936800000000e+10 1.963900000000000000e+04
6.423011909600000000e+10 8.414000000000007276e+03
6.429250594400000000e+10 1.656000000000000000e+04
6.443310111200000000e+10 2.065000000000000000e+04
6.445402392800000000e+10 1.669400000000000728e+04
6.467776664800000000e+10 2.582300000000000000e+04
6.468454544800000000e+10 1.945600000000000000e+04
6.509484807200000000e+10 3.647600000000000000e+04
6.513217364000000000e+10 2.724300000000000000e+04
6.513223568800000000e+10 5.402000000000007276e+03
6.517373736800000000e+10 2.168800000000000000e+04
6.527784228000000000e+10 2.208100000000000000e+04
6.536327376800000000e+10 2.237600000000000000e+04
6.562833325600000000e+10 3.089700000000000000e+04
6.562841066400000000e+10 1.124500000000000000e+04
6.570923415200000000e+10 2.424700000000000000e+04
6.570939032800000000e+10 1.746799999999999272e+04
6.571988954400000000e+10 1.481799999999999272e+04
6.574778992800000000e+10 1.433600000000000728e+04
6.587815028000000000e+10 1.847200000000000000e+04
6.617741511200000000e+10 2.942200000000000000e+04
6.619418773600000000e+10 2.263600000000000000e+04
6.623546258400000000e+10 1.944800000000000000e+04
6.631533271200000000e+10 2.087800000000000000e+04
6.636041212000000000e+10 1.780100000000000000e+04
6.636053472800000000e+10 9.737999999999996362e+03
6.645674340000000000e+10 1.731000000000000000e+04
6.645697037600000000e+10 1.489600000000000000e+04
6.646636908000000000e+10 1.100699999999999272e+04
6.656127295200000000e+10 1.454599999999999272e+04
6.660461973600000000e+10 1.370400000000000728e+04
6.671756426400000000e+10 1.671199999999999272e+04
6.698967748000000000e+10 2.587700000000000728e+04
6.709081589600000000e+10 2.498400000000000000e+04
6.709092855200000000e+10 1.283399999999999272e+04
6.709100628000000000e+10 2.923999999999996362e+03
6.711354610400000000e+10 1.630100000000000728e+04
6.711366200800000000e+10 7.941999999999992724e+03
6.739461125600000000e+10 2.523800000000000000e+04
6.754393554400000000e+10 2.700000000000000000e+04
6.760293888800000000e+10 2.313400000000000000e+04
6.798336476000000000e+10 3.864000000000000000e+04
6.801982008800000000e+10 2.810100000000000000e+04
6.802960314400000000e+10 2.197600000000000000e+04
6.824410088800000000e+10 2.825399999999999272e+04
6.837984740000000000e+10 2.820800000000000728e+04
6.840196658400000000e+10 2.269800000000000000e+04
6.844321250400000000e+10 1.977700000000000000e+04
6.850990144800000000e+10 1.956800000000000000e+04
6.854137711200000000e+10 1.648099999999999636e+04
6.858320359200000000e+10 1.572600000000000364e+04
6.862800228000000000e+10 1.476199999999999272e+04
6.881465725600000000e+10 2.154900000000000000e+04
6.881476444000000000e+10 9.970000000000000000e+03
6.892836792800000000e+10 1.977200000000000000e+04
6.912679600800000000e+10 2.640800000000000000e+04
6.940147877600000000e+10 3.294500000000000728e+04
6.946007120800000000e+10 2.866100000000000728e+04
6.963201544800000000e+10 3.063900000000000000e+04
6.963209610400000000e+10 1.088400000000000000e+04
6.963229493600000000e+10 1.200800000000000728e+04
6.963236882400000000e+10 3.218000000000007276e+03
6.967076994400000000e+10 1.702300000000000000e+04
6.979511239200000000e+10 2.087000000000000000e+04
7.000100287200000000e+10 2.713200000000000000e+04
7.015728314400000000e+10 2.739299999999999272e+04
7.016616421600000000e+10 2.101100000000000000e+04
7.047671496800000000e+10 3.496400000000000000e+04
7.054566020000000000e+10 2.819200000000000000e+04
7.060067880800000000e+10 2.333299999999999272e+04
7.084764479200000000e+10 3.061600000000000000e+04
7.088864239200000000e+10 2.506700000000000000e+04
7.093140322400000000e+10 2.152700000000000000e+04
7.102260730400000000e+10 2.151400000000000000e+04
7.102269989600000000e+10 9.641999999999996362e+03
7.108722888800000000e+10 1.846600000000000000e+04
7.112530055200000000e+10 1.656700000000000000e+04
7.113683172000000000e+10 1.361499999999999636e+04
7.120785893600000000e+10 1.496000000000000364e+04
7.137458743200000000e+10 1.988300000000000000e+04
7.159242716000000000e+10 2.693600000000000000e+04
7.161643124000000000e+10 2.078000000000000000e+04
7.180043136800000000e+10 2.678300000000000728e+04
7.187259575200000000e+10 2.318699999999999272e+04
7.212068349600000000e+10 3.232099999999999272e+04
7.248103632800000000e+10 4.073500000000000000e+04
7.248114903200000000e+10 2.080600000000000000e+04
7.248759188000000000e+10 2.238500000000000000e+04
7.254209533600000000e+10 2.088000000000000000e+04
7.263716861600000000e+10 2.109000000000000000e+04
7.263851221600000000e+10 1.587100000000000000e+04
7.273335327200000000e+10 1.908100000000000000e+04
7.279499829600000000e+10 1.798900000000000000e+04
7.290651354400000000e+10 2.048900000000000000e+04
7.308625112800000000e+10 2.416200000000000000e+04
7.309556903200000000e+10 1.849500000000000000e+04
7.335681237600000000e+10 2.897700000000000000e+04
7.343771786400000000e+10 2.529400000000000000e+04
7.348380943200000000e+10 2.185700000000000000e+04
7.351003612000000000e+10 1.873600000000000000e+04
7.357647877600000000e+10 1.820200000000000000e+04
7.358525400800000000e+10 1.442100000000000000e+04
7.359540620000000000e+10 1.198299999999999272e+04
7.366907970400000000e+10 1.429600000000000364e+04
7.394594311200000000e+10 2.544300000000000000e+04
7.400175911200000000e+10 2.283800000000000000e+04
7.400184853600000000e+10 8.352000000000003638e+03
7.400196340000000000e+10 5.951999999999996362e+03
7.454920116000000000e+10 4.000700000000000000e+04
7.454931320800000000e+10 3.976999999999992724e+03
7.454937610400000000e+10 2.103999999999996362e+03
7.468399951200000000e+10 2.955099999999999272e+04
7.495349935200000000e+10 3.868800000000000000e+04
7.515751735200000000e+10 4.164500000000000000e+04
7.515756956000000000e+10 4.881000000000003638e+03
7.515769813600000000e+10 1.295800000000000000e+04
7.515990548000000000e+10 1.804799999999999272e+04
7.517478842400000000e+10 1.587399999999999636e+04
7.517534912800000000e+10 1.222400000000000728e+04
7.549862354400000000e+10 2.779200000000000000e+04
7.566175546400000000e+10 2.995100000000000728e+04
7.568010156000000000e+10 2.314600000000000000e+04
7.568020295200000000e+10 1.046100000000000000e+04
7.572004034400000000e+10 1.809499999999999272e+04
7.589005895200000000e+10 2.276700000000000000e+04
7.597648975200000000e+10 2.243300000000000728e+04
7.601866636000000000e+10 1.936100000000000000e+04
7.604272831200000000e+10 1.638000000000000000e+04
7.611812749600000000e+10 1.741600000000000000e+04
7.618889344800000000e+10 1.740300000000000000e+04
7.624146268000000000e+10 1.623200000000000728e+04
7.627140312800000000e+10 1.461600000000000364e+04
7.664162890400000000e+10 3.098500000000000000e+04
7.674232183200000000e+10 2.848100000000000000e+04
7.684007079200000000e+10 2.491300000000000000e+04
7.689812338400000000e+10 2.296000000000000000e+04
7.714415205600000000e+10 3.123100000000000000e+04
7.716117508000000000e+10 2.392000000000000000e+04
7.717862000800000000e+10 1.825500000000000000e+04
7.739023501600000000e+10 2.607500000000000728e+04
7.741364474400000000e+10 2.106700000000000000e+04
7.769286725600000000e+10 3.056800000000000000e+04
7.771213594400000000e+10 2.319200000000000000e+04
7.773571524000000000e+10 1.928200000000000000e+04
7.778983215200000000e+10 1.888100000000000000e+04
7.841774111200000000e+10 5.197600000000000000e+04
7.841785031200000000e+10 2.233300000000000728e+04
7.845900549600000000e+10 2.671100000000000000e+04
7.854943567200000000e+10 2.626899999999999272e+04
7.863557418400000000e+10 2.503100000000000000e+04
7.870746884000000000e+10 2.342399999999999272e+04
7.872237984800000000e+10 1.750400000000000728e+04
7.887276720800000000e+10 2.203200000000000728e+04
7.897014224800000000e+10 2.207500000000000000e+04
7.901449903200000000e+10 1.932800000000000000e+04
7.918395172000000000e+10 2.512099999999999272e+04
7.948795628000000000e+10 3.341100000000000728e+04
7.967188597600000000e+10 3.400800000000000000e+04
7.971874820000000000e+10 2.664799999999999272e+04
7.985290522400000000e+10 2.756600000000000728e+04
7.991911463200000000e+10 2.389399999999999272e+04
8.015034848800000000e+10 2.986700000000000000e+04
8.019248872800000000e+10 2.488000000000000000e+04
8.034602797600000000e+10 2.707599999999999272e+04
8.056488152800000000e+10 3.114099999999999272e+04
8.086453972000000000e+10 4.000100000000000000e+04
8.086467948000000000e+10 2.324999999999999272e+04
8.092238914400000000e+10 2.532400000000000000e+04
8.103152917600000000e+10 2.524200000000000000e+04
8.105416367200000000e+10 1.999400000000000000e+04
8.106987015200000000e+10 1.679700000000000000e+04
8.114809325600000000e+10 1.808200000000000000e+04
8.131410692000000000e+10 2.285699999999999272e+04
8.147488906400000000e+10 2.696400000000000000e+04
8.159620967200000000e+10 2.561000000000000000e+04
8.162969631200000000e+10 2.102300000000000000e+04
8.169419050400000000e+10 1.966400000000000000e+04
8.184411304800000000e+10 2.368400000000000000e+04
8.208827410400000000e+10 3.233900000000000000e+04
8.221475336800000000e+10 3.069700000000000728e+04
8.226624752800000000e+10 2.470099999999999272e+04
8.226636522400000000e+10 1.250500000000000000e+04
8.230471604000000000e+10 1.854400000000000000e+04
8.248165871200000000e+10 2.394400000000000000e+04
8.255598952800000000e+10 2.155099999999999272e+04
8.256474863200000000e+10 1.733200000000000000e+04
8.278915239200000000e+10 2.491800000000000728e+04
8.285864424800000000e+10 2.256800000000000000e+04
8.286002424800000000e+10 1.702300000000000364e+04
8.286033122400000000e+10 1.230099999999999636e+04
8.295974421600000000e+10 1.724800000000000000e+04
8.310050844000000000e+10 2.119100000000000000e+04
8.312028151200000000e+10 1.670300000000000000e+04
8.344415188000000000e+10 3.180700000000000000e+04
8.344425066400000000e+10 1.340800000000000364e+04
8.347426810400000000e+10 2.005200000000000000e+04
8.349637456800000000e+10 1.654200000000000000e+04
8.361015772000000000e+10 1.981600000000000000e+04
8.361028034400000000e+10 8.428000000000003638e+03
8.366419952800000000e+10 1.610699999999999636e+04
8.400123188000000000e+10 3.085600000000000000e+04
8.436896244000000000e+10 4.044800000000000000e+04
8.436901802400000000e+10 6.828999999999992724e+03
8.466396920800000000e+10 4.188200000000000000e+04
8.481868245600000000e+10 3.945000000000000000e+04
8.495494826400000000e+10 3.438499999999999272e+04
8.495908882400000000e+10 2.370800000000000000e+04
8.508746508000000000e+10 2.660300000000000000e+04
8.509519343200000000e+10 1.932600000000000000e+04
8.509532114400000000e+10 1.323199999999999636e+04
8.509540586400000000e+10 2.437000000000000000e+03
8.525190432800000000e+10 2.152800000000000000e+04
8.544929802400000000e+10 2.698400000000000000e+04
8.549937754400000000e+10 2.288099999999999272e+04
8.561717735200000000e+10 2.409899999999999272e+04
8.568954053600000000e+10 2.297000000000000000e+04
8.568961514400000000e+10 6.508999999999996362e+03
8.570430701600000000e+10 1.567800000000000000e+04
8.588109608800000000e+10 2.264200000000000000e+04
8.592737866400000000e+10 2.000300000000000000e+04
8.595481021600000000e+10 1.686400000000000728e+04
8.599014717600000000e+10 1.533599999999999636e+04
8.611795656800000000e+10 1.895000000000000000e+04
8.637814472800000000e+10 2.748700000000000728e+04
8.648624968800000000e+10 2.591400000000000000e+04
8.663349360800000000e+10 2.894400000000000000e+04
8.669627493600000000e+10 2.472400000000000000e+04
8.672705608800000000e+10 2.056300000000000000e+04
8.686220674400000000e+10 2.268500000000000000e+04
8.690600824800000000e+10 2.012000000000000000e+04
8.694819543200000000e+10 1.823200000000000000e+04
8.714385836000000000e+10 2.358400000000000000e+04
8.741258573600000000e+10 3.355100000000000000e+04
8.742448344800000000e+10 2.254999999999999272e+04
8.752251282400000000e+10 2.495799999999999272e+04
8.760896852000000000e+10 2.391400000000000000e+04
8.767307047200000000e+10 2.117600000000000000e+04
8.777623173600000000e+10 2.169500000000000000e+04
8.781337943200000000e+10 1.966100000000000000e+04
8.802704293600000000e+10 2.595900000000000000e+04
8.821158210400000000e+10 2.934000000000000728e+04
8.824997440800000000e+10 2.378500000000000728e+04
8.855519696800000000e+10 3.559899999999999272e+04
8.867670186400000000e+10 3.179800000000000000e+04
8.884559698400000000e+10 3.387300000000000000e+04
8.885222432800000000e+10 2.377200000000000000e+04
8.891613551200000000e+10 2.297700000000000000e+04
8.897330856800000000e+10 2.007600000000000000e+04
8.930176687200000000e+10 3.246500000000000000e+04
8.940025260000000000e+10 2.899800000000000728e+04
8.940041468000000000e+10 1.820700000000000728e+04
8.943845605600000000e+10 1.977700000000000000e+04
8.948195021600000000e+10 1.759500000000000000e+04
8.949284248800000000e+10 1.479300000000000364e+04
8.965452311200000000e+10 2.126400000000000000e+04
8.969311484000000000e+10 1.797000000000000000e+04
8.988344069600000000e+10 2.448100000000000000e+04
8.996771575200000000e+10 2.279999999999999272e+04
