# Timestamps in ns,Energies
2.048044400000000000e+08 4.744300000000000000e+04
3.298431760000000000e+08 3.841500000000000000e+04
3.723506640000000000e+08 2.889000000000000000e+04
4.702168880000000000e+08 2.630100000000000000e+04
4.703710000000000000e+08 2.145999999999999272e+04
6.764996240000000000e+08 2.833000000000000000e+04
7.079908560000000000e+08 2.231200000000000728e+04
7.755080880000000000e+08 2.204900000000000000e+04
7.757314160000000000e+08 1.675100000000000364e+04
8.369206160000000000e+08 1.631699999999999636e+04
9.425356080000000000e+08 1.830499999999999272e+04
1.037211416000000000e+09 1.922700000000000000e+04
1.099316792000000000e+09 1.857400000000000000e+04
1.114646488000000000e+09 1.427400000000000364e+04
1.143525080000000000e+09 1.335200000000000364e+04
1.291805352000000000e+09 1.822400000000000000e+04
1.342484232000000000e+09 1.713400000000000000e+04
1.542441240000000000e+09 2.365800000000000000e+04
1.664455768000000000e+09 2.520800000000000000e+04
1.740538248000000000e+09 2.265300000000000000e+04
1.869660888000000000e+09 2.439400000000000000e+04
2.021949896000000000e+09 2.618300000000000000e+04
2.033857640000000000e+09 1.963500000000000728e+04
2.198322248000000000e+09 2.506500000000000000e+04
2.761472152000000000e+09 5.289900000000000000e+04
2.904422184000000000e+09 3.856300000000000000e+04
2.907467432000000000e+09 2.917100000000000000e+04
3.015254184000000000e+09 2.848500000000000000e+04
3.015348680000000000e+09 1.196200000000000364e+04
3.127022696000000000e+09 2.366500000000000000e+04
3.280921800000000000e+09 2.706600000000000000e+04
3.515036424000000000e+09 3.430400000000000000e+04
3.633530920000000000e+09 3.207200000000000000e+04
3.659566536000000000e+09 2.455000000000000000e+04
3.972609544000000000e+09 3.564799999999999272e+04
4.087623128000000000e+09 3.165099999999999272e+04
4.087695400000000000e+09 9.135999999999992724e+03
4.133450632000000000e+09 2.272400000000000000e+04
4.263770136000000000e+09 2.608800000000000000e+04
4.356118776000000000e+09 2.407800000000000000e+04
4.487246904000000000e+09 2.612500000000000000e+04
4.495011272000000000e+09 1.826500000000000000e+04
4.526616408000000000e+09 1.729400000000000364e+04
4.654555704000000000e+09 2.071000000000000000e+04
4.659914488000000000e+09 1.608399999999999636e+04
5.027843288000000000e+09 3.282300000000000000e+04
5.286437368000000000e+09 3.858800000000000000e+04
5.324444776000000000e+09 2.812600000000000000e+04
5.563814232000000000e+09 3.676000000000000000e+04
5.563940040000000000e+09 1.024500000000000728e+04
5.779540760000000000e+09 3.389600000000000728e+04
6.042332936000000000e+09 3.911500000000000000e+04
6.045824792000000000e+09 2.625300000000000000e+04
6.045880184000000000e+09 1.863999999999992724e+03
6.189052856000000000e+09 2.738100000000000000e+04
6.351338152000000000e+09 3.139600000000000000e+04
6.459249448000000000e+09 2.881600000000000000e+04
6.542688648000000000e+09 2.522400000000000000e+04
6.600111416000000000e+09 2.292200000000000000e+04
6.617498760000000000e+09 1.784900000000000728e+04
6.803779816000000000e+09 2.591200000000000728e+04
6.902463688000000000e+09 2.353200000000000000e+04
6.902522840000000000e+09 3.796000000000003638e+03
6.940217576000000000e+09 1.916799999999999272e+04
6.958767336000000000e+09 1.551899999999999636e+04
6.992434552000000000e+09 1.440700000000000728e+04
7.263559032000000000e+09 2.686400000000000000e+04
7.398227736000000000e+09 2.712100000000000000e+04
7.403516936000000000e+09 1.915800000000000000e+04
7.484958856000000000e+09 2.021800000000000000e+04
7.570057592000000000e+09 2.053300000000000728e+04
7.680514488000000000e+09 2.238000000000000000e+04
7.783338600000000000e+09 2.343800000000000000e+04
7.981850520000000000e+09 2.733000000000000000e+04
8.390224872000000000e+09 4.486300000000000000e+04
8.428561032000000000e+09 3.144400000000000000e+04
8.551847064000000000e+09 3.064000000000000000e+04
8.551908216000000000e+09 5.908000000000000000e+03
8.634744856000000000e+09 2.487900000000000000e+04
8.890843192000000000e+09 3.351000000000000728e+04
8.890925208000000000e+09 1.170000000000000364e+04
8.934336760000000000e+09 2.278600000000000000e+04
8.934459352000000000e+09 1.350200000000000000e+04
9.063125960000000000e+09 2.340099999999999272e+04
9.200538808000000000e+09 2.578500000000000000e+04
9.323998136000000000e+09 2.552200000000000000e+04
9.331459448000000000e+09 1.941099999999999272e+04
9.574737256000000000e+09 2.786800000000000000e+04
9.615301496000000000e+09 2.254800000000000000e+04
9.651711880000000000e+09 1.992000000000000000e+04
9.675861336000000000e+09 1.665200000000000728e+04
9.886267416000000000e+09 2.438600000000000000e+04
1.009213628000000000e+10 3.090599999999999272e+04
1.031153799200000000e+10 3.786900000000000000e+04
1.043814760800000000e+10 3.081200000000000728e+04
1.046479384800000000e+10 2.408900000000000000e+04
1.046495256800000000e+10 1.612299999999999636e+04
1.049283340000000000e+10 1.597000000000000000e+04
1.068005156000000000e+10 2.457600000000000000e+04
1.075496828000000000e+10 2.208900000000000000e+04
1.097153903200000000e+10 3.050700000000000000e+04
1.097165380000000000e+10 2.797000000000007276e+03
1.108722468000000000e+10 2.424000000000000000e+04
1.108727839200000000e+10 2.561999999999992724e+03
1.114055304800000000e+10 2.150500000000000000e+04
1.122754202400000000e+10 2.173300000000000728e+04
1.133336488800000000e+10 2.206500000000000000e+04
1.136926826400000000e+10 1.872700000000000000e+04
1.137775112800000000e+10 1.441299999999999272e+04
1.139693740000000000e+10 1.287499999999999272e+04
1.172778794400000000e+10 2.765900000000000000e+04
1.188779266400000000e+10 3.083100000000000000e+04
1.191893386400000000e+10 2.280000000000000000e+04
1.194793807200000000e+10 1.944000000000000728e+04
1.200518506400000000e+10 1.877799999999999272e+04
1.245695936800000000e+10 3.939000000000000000e+04
1.249477658400000000e+10 3.008900000000000000e+04
1.271782997600000000e+10 3.490200000000000000e+04
1.308356007200000000e+10 4.748500000000000000e+04
1.381761978400000000e+10 6.909500000000000000e+04
1.388849621600000000e+10 4.301600000000000000e+04
1.390683069600000000e+10 3.287200000000000000e+04
1.390696836000000000e+10 1.739000000000000364e+04
1.406068408800000000e+10 2.792900000000000000e+04
1.429284504800000000e+10 3.723400000000000000e+04
1.432184256800000000e+10 2.568300000000000000e+04
1.440980664800000000e+10 2.583200000000000000e+04
1.471799996000000000e+10 3.661300000000000000e+04
1.487424485600000000e+10 3.484300000000000728e+04
1.525870002400000000e+10 4.880000000000000000e+04
1.526450263200000000e+10 3.037600000000000000e+04
1.540976810400000000e+10 3.098700000000000000e+04
1.555005970400000000e+10 3.130600000000000000e+04
1.557999229600000000e+10 2.321299999999999272e+04
1.582690879200000000e+10 3.230299999999999272e+04
1.583911741600000000e+10 2.377600000000000000e+04
1.583930040800000000e+10 2.112100000000000000e+04
1.587900648800000000e+10 1.684800000000000728e+04
1.592797464800000000e+10 1.659000000000000728e+04
1.594645021600000000e+10 1.360200000000000364e+04
1.600977226400000000e+10 1.454000000000000364e+04
1.609258309600000000e+10 1.615200000000000728e+04
1.629196260000000000e+10 2.348500000000000000e+04
1.630868008800000000e+10 1.788999999999999272e+04
1.655265271200000000e+10 2.784400000000000000e+04
1.674013994400000000e+10 2.984200000000000000e+04
1.675722530400000000e+10 2.231900000000000000e+04
1.703159296800000000e+10 3.252700000000000000e+04
1.719573013600000000e+10 3.477100000000000000e+04
1.719582410400000000e+10 1.450799999999999636e+04
1.719591210400000000e+10 6.146999999999996362e+03
1.722493196000000000e+10 1.856500000000000000e+04
1.727125400800000000e+10 1.823700000000000000e+04
1.740393072800000000e+10 2.200500000000000000e+04
1.744218330400000000e+10 1.788900000000000364e+04
1.787926844000000000e+10 3.971400000000000000e+04
1.806435850400000000e+10 3.521199999999999272e+04
1.808178959200000000e+10 2.679300000000000000e+04
1.840875917600000000e+10 4.015100000000000000e+04
1.840883834400000000e+10 1.306599999999999636e+04
1.840893607200000000e+10 9.333999999999996362e+03
1.890722676000000000e+10 5.333700000000000000e+04
1.896035108000000000e+10 3.465700000000000728e+04
1.896043482400000000e+10 1.514300000000000728e+04
1.905133546400000000e+10 2.480700000000000000e+04
1.916686346400000000e+10 2.664700000000000000e+04
1.916695770400000000e+10 1.158399999999999636e+04
1.925732951200000000e+10 2.202100000000000000e+04
1.930036253600000000e+10 1.894499999999999272e+04
1.931938560800000000e+10 1.610899999999999636e+04
1.949841178400000000e+10 2.204200000000000000e+04
1.957820520800000000e+10 2.216900000000000000e+04
1.988097234400000000e+10 3.426200000000000000e+04
1.988112461600000000e+10 1.626600000000000728e+04
2.054718412000000000e+10 5.796800000000000000e+04
2.069861607200000000e+10 4.264100000000000000e+04
2.077748671200000000e+10 3.313299999999999272e+04
2.087640733600000000e+10 3.264000000000000000e+04
2.087647220000000000e+10 6.903999999999996362e+03
2.142082000800000000e+10 5.852300000000000000e+04
2.154657680800000000e+10 4.099000000000000000e+04
2.164461932000000000e+10 3.352300000000000728e+04
2.164467975200000000e+10 7.287999999999992724e+03
2.184113872800000000e+10 3.422300000000000000e+04
2.184119228000000000e+10 4.085999999999996362e+03
2.196195868000000000e+10 2.919000000000000000e+04
2.218016184800000000e+10 3.362300000000000000e+04
2.229335824800000000e+10 3.019100000000000000e+04
2.269868508000000000e+10 4.754200000000000000e+04
2.275524444000000000e+10 3.646700000000000000e+04
2.280439895200000000e+10 2.578600000000000000e+04
2.291266152800000000e+10 2.652400000000000000e+04
2.297177693600000000e+10 2.404800000000000728e+04
2.349292772000000000e+10 4.603800000000000000e+04
2.352182935200000000e+10 3.175500000000000000e+04
2.359555666400000000e+10 2.936400000000000000e+04
2.360151648800000000e+10 2.005400000000000000e+04
2.375662431200000000e+10 2.594100000000000000e+04
2.391873772000000000e+10 2.784500000000000000e+04
2.391879367200000000e+10 3.379999999999992724e+03
2.391886920800000000e+10 2.438999999999996362e+03
2.392441557600000000e+10 1.634299999999999272e+04
2.397852420000000000e+10 1.768999999999999636e+04
2.417034042400000000e+10 2.472300000000000000e+04
2.420714933600000000e+10 2.084000000000000728e+04
2.424784644000000000e+10 1.776899999999999272e+04
2.426130189600000000e+10 1.384600000000000364e+04
2.426611282400000000e+10 1.116399999999999272e+04
2.439637618400000000e+10 1.747900000000000364e+04
2.466155468000000000e+10 2.672500000000000000e+04
2.500973231200000000e+10 4.173800000000000000e+04
2.511292264800000000e+10 3.324100000000000000e+04
2.519991040800000000e+10 2.870800000000000000e+04
2.520481472800000000e+10 2.079199999999999272e+04
2.529051269600000000e+10 2.086300000000000000e+04
2.535509007200000000e+10 2.066800000000000000e+04
2.548223570400000000e+10 2.248300000000000000e+04
2.550972373600000000e+10 2.006299999999999272e+04
2.556133695200000000e+10 1.716100000000000728e+04
2.559107452000000000e+10 1.523200000000000000e+04
2.583894412000000000e+10 2.599100000000000000e+04
2.591325679200000000e+10 2.322900000000000000e+04
2.592659045600000000e+10 1.749599999999999272e+04
2.616532544800000000e+10 2.856600000000000000e+04
2.625039901600000000e+10 2.536600000000000000e+04
2.625046039200000000e+10 4.622000000000007276e+03
2.629964676000000000e+10 2.015000000000000000e+04
2.638407196000000000e+10 2.032700000000000000e+04
2.638414815200000000e+10 6.219000000000000000e+03
2.638435964000000000e+10 8.740999999999992724e+03
2.638454274400000000e+10 1.015900000000000728e+04
2.646774535200000000e+10 1.453599999999999272e+04
2.647730695200000000e+10 1.166199999999999272e+04
2.655168096800000000e+10 1.353599999999999272e+04
2.674700581600000000e+10 2.037300000000000000e+04
2.674712231200000000e+10 1.083099999999999272e+04
2.674991165600000000e+10 1.229200000000000728e+04
2.678591122400000000e+10 1.294299999999999272e+04
2.693284044000000000e+10 1.851300000000000000e+04
2.694639736800000000e+10 1.466399999999999636e+04
2.700500220000000000e+10 1.500400000000000000e+04
2.701748948000000000e+10 1.207399999999999636e+04
2.718096600800000000e+10 1.873500000000000000e+04
2.723161348000000000e+10 1.641800000000000728e+04
2.750527522400000000e+10 2.804300000000000000e+04
2.760484764000000000e+10 2.496800000000000000e+04
2.763502528800000000e+10 2.175200000000000000e+04
2.779224272800000000e+10 2.443300000000000000e+04
2.780063882400000000e+10 1.898600000000000000e+04
2.781821546400000000e+10 1.585599999999999272e+04
2.786372004000000000e+10 1.494500000000000000e+04
2.786519224800000000e+10 1.148999999999999272e+04
2.791369346400000000e+10 1.249900000000000000e+04
2.792241517600000000e+10 1.036799999999999636e+04
2.817342111200000000e+10 2.184900000000000000e+04
2.817351964000000000e+10 9.814000000000003638e+03
2.817867023200000000e+10 1.356500000000000000e+04
2.829081365600000000e+10 1.720099999999999636e+04
2.836208528800000000e+10 1.817100000000000728e+04
2.843355194400000000e+10 1.763400000000000000e+04
2.849389530400000000e+10 1.699100000000000364e+04
2.856026906400000000e+10 1.693999999999999636e+04
2.885389100000000000e+10 2.815999999999999272e+04
2.911861752800000000e+10 3.631200000000000728e+04
2.914428032800000000e+10 2.704300000000000000e+04
2.921460656800000000e+10 2.488000000000000000e+04
2.921467680800000000e+10 6.309000000000000000e+03
2.924831896800000000e+10 1.796600000000000728e+04
2.932117600800000000e+10 1.852200000000000000e+04
2.934529930400000000e+10 1.550200000000000000e+04
2.941959933600000000e+10 1.663200000000000364e+04
2.961276924000000000e+10 2.327200000000000000e+04
2.972790364000000000e+10 2.455200000000000728e+04
2.989504008800000000e+10 2.801500000000000000e+04
3.005387082400000000e+10 2.983100000000000000e+04
3.030726320800000000e+10 3.529600000000000000e+04
3.046903972000000000e+10 3.496700000000000000e+04
3.048395042400000000e+10 2.471600000000000728e+04
3.059018322400000000e+10 2.704100000000000000e+04
3.062357754400000000e+10 2.169200000000000000e+04
3.084682452000000000e+10 2.799200000000000728e+04
3.084690527200000000e+10 9.766999999999996362e+03
3.097687682400000000e+10 2.507900000000000000e+04
3.099056010400000000e+10 1.917700000000000000e+04
3.118626052000000000e+10 2.776200000000000000e+04
3.137426288800000000e+10 3.099999999999999272e+04
3.151749541600000000e+10 3.274400000000000000e+04
3.180359392800000000e+10 4.007000000000000000e+04
3.189091036000000000e+10 3.313000000000000000e+04
3.189243338400000000e+10 2.102900000000000000e+04
3.189250428000000000e+10 5.187000000000000000e+03
3.219428109600000000e+10 3.321200000000000728e+04
3.219811780000000000e+10 2.375599999999999272e+04
3.229010810400000000e+10 2.496400000000000728e+04
3.247493226400000000e+10 2.998399999999999272e+04
3.274861706400000000e+10 3.592200000000000728e+04
3.277495684000000000e+10 2.603300000000000000e+04
3.286813023200000000e+10 2.536200000000000000e+04
3.286824924000000000e+10 1.516999999999999272e+04
3.299832781600000000e+10 2.436100000000000000e+04
3.310993623200000000e+10 2.488700000000000000e+04
3.327963215200000000e+10 2.643100000000000000e+04
3.329360244000000000e+10 2.085199999999999272e+04
3.347787386400000000e+10 2.939200000000000000e+04
3.348051186400000000e+10 1.878499999999999272e+04
3.349845220000000000e+10 1.587099999999999636e+04
3.354100426400000000e+10 1.574800000000000000e+04
3.366874471200000000e+10 1.945700000000000000e+04
3.371315629600000000e+10 1.744200000000000728e+04
3.378539538400000000e+10 1.746899999999999636e+04
3.407573090400000000e+10 3.041500000000000000e+04
3.445422658400000000e+10 4.058300000000000000e+04
3.453892589600000000e+10 3.513800000000000000e+04
3.474089624800000000e+10 3.627100000000000000e+04
3.480637127200000000e+10 2.857700000000000000e+04
3.483064885600000000e+10 2.295400000000000000e+04
3.489400615200000000e+10 2.039000000000000728e+04
3.501172762400000000e+10 2.306600000000000000e+04
3.501189028000000000e+10 1.146600000000000000e+04
3.534244996000000000e+10 3.349599999999999272e+04
3.537316272800000000e+10 2.465100000000000000e+04
3.537321999200000000e+10 2.785000000000000000e+03
3.547014629600000000e+10 2.320900000000000000e+04
3.555938351200000000e+10 2.376000000000000728e+04
3.560243856800000000e+10 2.053200000000000000e+04
3.564526808800000000e+10 1.776500000000000000e+04
3.564543172000000000e+10 1.184099999999999272e+04
3.577033389600000000e+10 1.892800000000000000e+04
3.587941589600000000e+10 1.999300000000000000e+04
3.605709557600000000e+10 2.425600000000000000e+04
3.610929247200000000e+10 2.157000000000000000e+04
3.612438404000000000e+10 1.754300000000000000e+04
3.615958869600000000e+10 1.594499999999999272e+04
3.627948772000000000e+10 1.919900000000000000e+04
3.638446202400000000e+10 2.118800000000000000e+04
3.647323095200000000e+10 2.020800000000000000e+04
3.651271028000000000e+10 1.782399999999999272e+04
3.651278949600000000e+10 5.268000000000007276e+03
3.699031736800000000e+10 3.869900000000000000e+04
3.729244997600000000e+10 4.388100000000000000e+04
3.740803381600000000e+10 3.938200000000000000e+04
3.760255127200000000e+10 3.559900000000000000e+04
3.772030644000000000e+10 3.473100000000000000e+04
3.794124272800000000e+10 3.726400000000000000e+04
3.795839746400000000e+10 2.675300000000000000e+04
3.800768964000000000e+10 2.293100000000000000e+04
3.808164520800000000e+10 2.161900000000000000e+04
3.816787332000000000e+10 2.119200000000000000e+04
3.830564765600000000e+10 2.404500000000000000e+04
3.840584972000000000e+10 2.551200000000000728e+04
3.842625058400000000e+10 1.898800000000000000e+04
3.854805684000000000e+10 2.254000000000000728e+04
3.863293661600000000e+10 2.123000000000000000e+04
3.868363191200000000e+10 1.988900000000000000e+04
3.882638221600000000e+10 2.200000000000000000e+04
3.901055386400000000e+10 2.721600000000000000e+04
3.939112538400000000e+10 4.255700000000000000e+04
3.939129501600000000e+10 1.576800000000000728e+04
3.939141148000000000e+10 1.193699999999999272e+04
3.946374466400000000e+10 2.264600000000000000e+04
3.946393946400000000e+10 1.554400000000000000e+04
3.974238076000000000e+10 2.959100000000000728e+04
3.992471754400000000e+10 3.670100000000000000e+04
4.005341620000000000e+10 3.108500000000000000e+04
4.009245471200000000e+10 2.376900000000000000e+04
4.009251693600000000e+10 4.320999999999996362e+03
4.026447933600000000e+10 2.707400000000000000e+04
4.035359144800000000e+10 2.580500000000000000e+04
4.037634624800000000e+10 1.936200000000000000e+04
4.039097128800000000e+10 1.534899999999999636e+04
4.044516736800000000e+10 1.565900000000000364e+04
4.048937583200000000e+10 1.437800000000000364e+04
4.051074300000000000e+10 1.281300000000000364e+04
4.058520458400000000e+10 1.427700000000000728e+04
4.091213530400000000e+10 2.986500000000000000e+04
4.134102085600000000e+10 4.808000000000000000e+04
4.144675951200000000e+10 3.592000000000000728e+04
4.146867168800000000e+10 2.593800000000000000e+04
4.163277933600000000e+10 3.160400000000000000e+04
4.185431207200000000e+10 3.508599999999999272e+04
4.197112973600000000e+10 3.084300000000000000e+04
4.201072520800000000e+10 2.455200000000000000e+04
4.234420116000000000e+10 3.875900000000000000e+04
4.237039984800000000e+10 2.637200000000000000e+04
4.257796044000000000e+10 3.175500000000000000e+04
4.314064381600000000e+10 5.694000000000000000e+04
4.315447671200000000e+10 3.305700000000000000e+04
4.316292052000000000e+10 2.537800000000000000e+04
4.331808831200000000e+10 2.946000000000000000e+04
4.347106853600000000e+10 2.994899999999999272e+04
4.352430314400000000e+10 2.550800000000000000e+04
4.381172836000000000e+10 3.452600000000000000e+04
4.381183597600000000e+10 1.655500000000000728e+04
4.397896016800000000e+10 3.070600000000000000e+04
4.418037914400000000e+10 3.271100000000000000e+04
4.445723669600000000e+10 3.845100000000000000e+04
4.448904644000000000e+10 2.895899999999999272e+04
4.453468394400000000e+10 2.578800000000000000e+04
4.453473944800000000e+10 1.925000000000003638e+03
4.454846642400000000e+10 1.904500000000000000e+04
4.478825162400000000e+10 3.064100000000000000e+04
4.483541346400000000e+10 2.128200000000000000e+04
4.483560044000000000e+10 1.575400000000000728e+04
4.491651661600000000e+10 1.827400000000000000e+04
4.500621733600000000e+10 1.983800000000000000e+04
4.500629834400000000e+10 7.122000000000003638e+03
4.501711888800000000e+10 1.291400000000000000e+04
4.519151845600000000e+10 2.051500000000000000e+04
4.523395167200000000e+10 1.794900000000000364e+04
4.528133298400000000e+10 1.678700000000000728e+04
4.529368231200000000e+10 1.352099999999999272e+04
4.543818116000000000e+10 1.877600000000000000e+04
4.568472639200000000e+10 2.745899999999999272e+04
4.571009093600000000e+10 2.185100000000000000e+04
4.583579800800000000e+10 2.305100000000000728e+04
4.600184044000000000e+10 2.640100000000000000e+04
4.615125660000000000e+10 2.902500000000000000e+04
4.615132893600000000e+10 7.982999999999996362e+03
4.627423703200000000e+10 2.609900000000000000e+04
4.667859208800000000e+10 4.322500000000000000e+04
4.691481044000000000e+10 4.024500000000000000e+04
4.691491229600000000e+10 1.842600000000000728e+04
4.691499730400000000e+10 7.912000000000003638e+03
4.718330288800000000e+10 3.631000000000000000e+04
4.747896072800000000e+10 4.300700000000000000e+04
4.747904815200000000e+10 1.773899999999999272e+04
4.759719852000000000e+10 3.237599999999999272e+04
4.807463476000000000e+10 4.907100000000000000e+04
4.807469122400000000e+10 8.864999999999996362e+03
4.832832544800000000e+10 4.314900000000000000e+04
4.832849093600000000e+10 2.226600000000000000e+04
4.839889031200000000e+10 2.679600000000000000e+04
4.854087461600000000e+10 2.960900000000000000e+04
4.863736264800000000e+10 2.633000000000000000e+04
4.863750256800000000e+10 1.680800000000000000e+04
4.863757560800000000e+10 2.255999999999996362e+03
4.877180026400000000e+10 2.328100000000000000e+04
4.890037759200000000e+10 2.515300000000000000e+04
4.906999367200000000e+10 2.710000000000000000e+04
4.912258402400000000e+10 2.568999999999999272e+04
4.932385586400000000e+10 2.931400000000000000e+04
4.946503564000000000e+10 2.939000000000000000e+04
4.950260812000000000e+10 2.319400000000000000e+04
4.970979253600000000e+10 3.183900000000000000e+04
4.971853338400000000e+10 2.145800000000000728e+04
4.975214442400000000e+10 1.861600000000000000e+04
5.019645624800000000e+10 4.101300000000000000e+04
5.027558104800000000e+10 3.224499999999999272e+04
5.038536629600000000e+10 2.835200000000000000e+04
5.043968890400000000e+10 2.456699999999999272e+04
5.059008146400000000e+10 2.904000000000000000e+04
5.065186226400000000e+10 2.438000000000000000e+04
5.066902156000000000e+10 1.860700000000000728e+04
5.095752471200000000e+10 3.181000000000000000e+04
5.115581276000000000e+10 3.436800000000000000e+04
5.138762090400000000e+10 3.760300000000000000e+04
5.153072296800000000e+10 3.495300000000000000e+04
5.153081727200000000e+10 1.733300000000000728e+04
5.159794949600000000e+10 2.316900000000000000e+04
5.160732804000000000e+10 1.820100000000000364e+04
5.194446160800000000e+10 3.506599999999999272e+04
5.201428874400000000e+10 2.905800000000000000e+04
5.209362748000000000e+10 2.525099999999999272e+04
5.211760133600000000e+10 2.027200000000000000e+04
5.234887679200000000e+10 2.872100000000000000e+04
5.274228316000000000e+10 4.884600000000000000e+04
5.274238242400000000e+10 2.004400000000000000e+04
5.293896872800000000e+10 3.434799999999999272e+04
5.325859167200000000e+10 4.547700000000000000e+04
5.335964501600000000e+10 3.519799999999999272e+04
5.368758544800000000e+10 4.612400000000000000e+04
5.401053637600000000e+10 4.848700000000000000e+04
5.403463541600000000e+10 3.437600000000000000e+04
5.403471405600000000e+10 1.277499999999999636e+04
5.439878178400000000e+10 4.596400000000000000e+04
5.440649695200000000e+10 2.758800000000000000e+04
5.445023397600000000e+10 2.488000000000000000e+04
5.445032960800000000e+10 6.108000000000003638e+03
5.446929796000000000e+10 1.686100000000000728e+04
5.447096285600000000e+10 1.276300000000000728e+04
5.499804703200000000e+10 4.257400000000000000e+04
5.501869420000000000e+10 2.777900000000000000e+04
5.515707132000000000e+10 2.843700000000000000e+04
5.534902858400000000e+10 3.326299999999999272e+04
5.534912679200000000e+10 1.455800000000000728e+04
5.578706820000000000e+10 4.885900000000000000e+04
5.580303146400000000e+10 2.793000000000000000e+04
5.589364016800000000e+10 2.747900000000000000e+04
5.604405239200000000e+10 3.001700000000000000e+04
5.607279613600000000e+10 2.280300000000000000e+04
5.627837436000000000e+10 2.956600000000000000e+04
5.627843047200000000e+10 4.377000000000003638e+03
5.639318668000000000e+10 2.501100000000000000e+04
5.655450445600000000e+10 2.921300000000000000e+04
5.655458652000000000e+10 9.894000000000003638e+03
5.680797919200000000e+10 3.336400000000000000e+04
5.692822213600000000e+10 3.303100000000000000e+04
5.701958156000000000e+10 2.591000000000000000e+04
5.704652658400000000e+10 2.029699999999999272e+04
5.704751596000000000e+10 1.487200000000000000e+04
5.709660520800000000e+10 1.654699999999999272e+04
5.713227063200000000e+10 1.471400000000000728e+04
5.721352146400000000e+10 1.655600000000000000e+04
5.723173341600000000e+10 1.344100000000000000e+04
5.725171724000000000e+10 1.184699999999999636e+04
5.747506834400000000e+10 2.131500000000000000e+04
5.816937797600000000e+10 5.328700000000000000e+04
5.842028884000000000e+10 5.477400000000000000e+04
5.843553704800000000e+10 3.173900000000000000e+04
5.843566453600000000e+10 1.784000000000000000e+04
5.853384335200000000e+10 2.553700000000000000e+04
5.874197669600000000e+10 3.115900000000000000e+04
5.881398415200000000e+10 2.737100000000000000e+04
5.881403733600000000e+10 2.309999999999996362e+03
5.914702709600000000e+10 3.809500000000000000e+04
5.917763935200000000e+10 2.698199999999999272e+04
5.946914237600000000e+10 4.032700000000000000e+04
5.949805034400000000e+10 2.754700000000000000e+04
5.949811975200000000e+10 6.834000000000007276e+03
6.024538079200000000e+10 5.609000000000000000e+04
6.030872008800000000e+10 4.471200000000000000e+04
6.030883596000000000e+10 1.915700000000000000e+04
6.030889936800000000e+10 1.826000000000003638e+03
6.045968720800000000e+10 3.164300000000000000e+04
6.045980999200000000e+10 1.559600000000000728e+04
6.060470668000000000e+10 2.903799999999999272e+04
6.065362748000000000e+10 2.249800000000000000e+04
6.066585018400000000e+10 1.780700000000000364e+04
6.067466730400000000e+10 1.398799999999999636e+04
6.097819047200000000e+10 2.936900000000000000e+04
6.139033829600000000e+10 4.217000000000000000e+04
6.139041048800000000e+10 1.258600000000000728e+04
6.141590824800000000e+10 2.833800000000000000e+04
6.150825477600000000e+10 2.502400000000000000e+04
6.151400972000000000e+10 1.920000000000000000e+04
6.161543884000000000e+10 2.148100000000000000e+04
6.167486364000000000e+10 1.992400000000000000e+04
6.239974845600000000e+10 5.377100000000000000e+04
6.242362485600000000e+10 3.531099999999999272e+04
6.243432343200000000e+10 2.479000000000000000e+04
6.245087260000000000e+10 2.040500000000000000e+04
6.256337386400000000e+10 2.408100000000000000e+04
6.258496292000000000e+10 1.964099999999999272e+04
6.288241418400000000e+10 3.045400000000000000e+04
6.300621212000000000e+10 3.108900000000000000e+04
6.302592885600000000e+10 2.218600000000000000e+04
6.327164204000000000e+10 3.494100000000000000e+04
6.336151904800000000e+10 2.825100000000000000e+04
6.348051887200000000e+10 2.916100000000000000e+04
6.402237527200000000e+10 5.475100000000000000e+04
6.422217631200000000e+10 4.752000000000000000e+04
6.432048160800000000e+10 4.216000000000000000e+04
6.433031908000000000e+10 2.574800000000000000e+04
6.436575941600000000e+10 2.100400000000000000e+04
6.446010685600000000e+10 2.278700000000000000e+04
6.454253888800000000e+10 2.169700000000000000e+04
6.455230239200000000e+10 1.679700000000000728e+04
6.484161796000000000e+10 3.053400000000000000e+04
6.492446442400000000e+10 2.728800000000000000e+04
6.492455106400000000e+10 1.027299999999999636e+04
6.532636725600000000e+10 3.826900000000000000e+04
6.532648228000000000e+10 2.034700000000000728e+04
6.532663136800000000e+10 1.453000000000000728e+04
6.537238319200000000e+10 2.008800000000000000e+04
6.545225269600000000e+10 2.130000000000000000e+04
6.570329276000000000e+10 3.224000000000000000e+04
6.574018109600000000e+10 2.423700000000000000e+04
6.592747228000000000e+10 2.915100000000000000e+04
6.600587626400000000e+10 2.528400000000000000e+04
6.618244762400000000e+10 3.168900000000000000e+04
6.650968900000000000e+10 3.955100000000000000e+04
6.683425368800000000e+10 4.489900000000000000e+04
6.683439000800000000e+10 2.548200000000000000e+04
6.683731508000000000e+10 2.258800000000000000e+04
6.688317748000000000e+10 2.082900000000000000e+04
6.693910016800000000e+10 1.951500000000000000e+04
6.693922244000000000e+10 1.098300000000000364e+04
6.706356845600000000e+10 2.089200000000000000e+04
6.730122098400000000e+10 2.921500000000000000e+04
6.743875847200000000e+10 2.918500000000000000e+04
6.765334293600000000e+10 3.471699999999999272e+04
6.776308530400000000e+10 3.111400000000000000e+04
6.779083340000000000e+10 2.244200000000000000e+04
6.779091351200000000e+10 8.279000000000000000e+03
6.780393509600000000e+10 1.567700000000000000e+04
6.792625364000000000e+10 1.966500000000000000e+04
6.799016364000000000e+10 1.933900000000000000e+04
6.804463159200000000e+10 1.822000000000000000e+04
6.812638796000000000e+10 1.829299999999999272e+04
6.845634040800000000e+10 3.263200000000000728e+04
6.846238293600000000e+10 2.221500000000000000e+04
6.846245616800000000e+10 6.676999999999992724e+03
6.851840292000000000e+10 1.875500000000000000e+04
6.852621101600000000e+10 1.463599999999999272e+04
6.853221008800000000e+10 1.199899999999999636e+04
6.856143212000000000e+10 1.175299999999999272e+04
6.878789284000000000e+10 2.192100000000000000e+04
6.879670088800000000e+10 1.644800000000000728e+04
6.889963272800000000e+10 1.876900000000000000e+04
6.899737114400000000e+10 2.060800000000000000e+04
6.928940548000000000e+10 3.104299999999999272e+04
6.938938576800000000e+10 2.824300000000000000e+04
6.981919253600000000e+10 4.540600000000000000e+04
6.981924472800000000e+10 5.713999999999992724e+03
6.981931458400000000e+10 5.017999999999996362e+03
6.999490692000000000e+10 3.511900000000000000e+04
6.999503736800000000e+10 2.059900000000000000e+04
7.005854978400000000e+10 2.407400000000000000e+04
7.008708740000000000e+10 1.906500000000000000e+04
7.010851319200000000e+10 1.631900000000000000e+04
7.025609709600000000e+10 2.095500000000000000e+04
7.025962823200000000e+10 1.593799999999999636e+04
7.044587095200000000e+10 2.453900000000000000e+04
7.047151140000000000e+10 1.895699999999999272e+04
7.073455437600000000e+10 3.208700000000000000e+04
7.079444893600000000e+10 2.534500000000000000e+04
7.096190960800000000e+10 2.810400000000000000e+04
7.110553792800000000e+10 3.041400000000000728e+04
7.152121999200000000e+10 4.862200000000000000e+04
7.165361220000000000e+10 3.595300000000000728e+04
7.175792981600000000e+10 3.193200000000000000e+04
7.177555189600000000e+10 2.360599999999999272e+04
7.178027594400000000e+10 1.742799999999999636e+04
7.199066748000000000e+10 2.831600000000000000e+04
7.203126560800000000e+10 2.218100000000000000e+04
7.203554535200000000e+10 1.618899999999999272e+04
7.233097725600000000e+10 2.924600000000000728e+04
7.252486741600000000e+10 3.432400000000000000e+04
7.274427636000000000e+10 3.699700000000000000e+04
7.290823815200000000e+10 3.527900000000000000e+04
7.290846880800000000e+10 2.453400000000000000e+04
7.314375008800000000e+10 3.339700000000000000e+04
7.320118624800000000e+10 2.790100000000000000e+04
7.336338301600000000e+10 2.893300000000000000e+04
7.337478828000000000e+10 2.189500000000000000e+04
7.342172762400000000e+10 1.998700000000000000e+04
7.352062264800000000e+10 2.078400000000000000e+04
7.356913271200000000e+10 1.926600000000000000e+04
7.361034040800000000e+10 1.668799999999999636e+04
7.371406037600000000e+10 1.947300000000000728e+04
7.376868176800000000e+10 1.796200000000000364e+04
7.407544032800000000e+10 3.058300000000000000e+04
7.453445871200000000e+10 4.713700000000000000e+04
7.490754413600000000e+10 6.033200000000000000e+04
7.492865338400000000e+10 3.440799999999999272e+04
7.511160485600000000e+10 3.689500000000000000e+04
7.524688903200000000e+10 3.333800000000000000e+04
7.532987703200000000e+10 2.974400000000000000e+04
7.552789938400000000e+10 3.132000000000000000e+04
7.555100132000000000e+10 2.617700000000000000e+04
7.567472463200000000e+10 2.632000000000000000e+04
7.589384114400000000e+10 3.305300000000000000e+04
7.589390901600000000e+10 9.302000000000003638e+03
7.596375428000000000e+10 2.270400000000000000e+04
7.603059768800000000e+10 2.181900000000000728e+04
7.603066428000000000e+10 4.571000000000003638e+03
7.614257277600000000e+10 2.184200000000000000e+04
7.617260298400000000e+10 1.838399999999999272e+04
7.654719037600000000e+10 3.522200000000000000e+04
7.669228744800000000e+10 3.209400000000000000e+04
7.669237202400000000e+10 1.205400000000000728e+04
7.669249946400000000e+10 1.046799999999999272e+04
7.672524591200000000e+10 1.953000000000000000e+04
7.715235692000000000e+10 4.198400000000000000e+04
7.720212370400000000e+10 2.980400000000000728e+04
7.740236946400000000e+10 3.199100000000000728e+04
7.760229090400000000e+10 3.546300000000000000e+04
7.781752888800000000e+10 3.699000000000000000e+04
7.806358666400000000e+10 4.147600000000000000e+04
7.854567805600000000e+10 5.453800000000000000e+04
7.876549517600000000e+10 4.553800000000000000e+04
7.882806927200000000e+10 3.770200000000000000e+04
7.892509168800000000e+10 3.033800000000000000e+04
7.911253991200000000e+10 3.360200000000000000e+04
7.912027892000000000e+10 2.344300000000000000e+04
7.917591858400000000e+10 2.301100000000000000e+04
7.918130076000000000e+10 1.643999999999999636e+04
7.930975965600000000e+10 2.147200000000000000e+04
7.976780789600000000e+10 4.343200000000000000e+04
7.989327319200000000e+10 3.599500000000000000e+04
7.994534357600000000e+10 2.940100000000000000e+04
8.021364970400000000e+10 3.904200000000000000e+04
8.044404722400000000e+10 3.735200000000000000e+04
8.050100189600000000e+10 3.082700000000000000e+04
8.065866580000000000e+10 3.331400000000000000e+04
8.075983380000000000e+10 2.882600000000000000e+04
8.079987391200000000e+10 2.456800000000000000e+04
8.105280741600000000e+10 3.327400000000000000e+04
8.105292319200000000e+10 1.758400000000000728e+04
8.118341223200000000e+10 2.634600000000000000e+04
8.148219757600000000e+10 3.681200000000000000e+04
8.177319500000000000e+10 4.171500000000000000e+04
8.187702746400000000e+10 3.388200000000000728e+04
8.206471012000000000e+10 3.540800000000000000e+04
8.206499116000000000e+10 2.820800000000000000e+04
8.206927692000000000e+10 1.738700000000000000e+04
8.225218309600000000e+10 2.759499999999999272e+04
8.230083320800000000e+10 2.273600000000000000e+04
8.233315887200000000e+10 1.940700000000000000e+04
8.247830948000000000e+10 2.331200000000000000e+04
8.247843008800000000e+10 1.209400000000000364e+04
8.266570213600000000e+10 2.550200000000000728e+04
8.268081245600000000e+10 1.897800000000000000e+04
8.284848162400000000e+10 2.468800000000000000e+04
8.293476655200000000e+10 2.395800000000000000e+04
8.302703095200000000e+10 2.329600000000000000e+04
8.309002839200000000e+10 2.089000000000000000e+04
8.314774698400000000e+10 2.049200000000000000e+04
8.365206677600000000e+10 4.439600000000000000e+04
8.365212842400000000e+10 9.173000000000003638e+03
8.365220180000000000e+10 4.747000000000000000e+03
8.377146976800000000e+10 2.988700000000000000e+04
8.379685789600000000e+10 2.391900000000000000e+04
8.384722380000000000e+10 2.189500000000000000e+04
8.389496021600000000e+10 1.893400000000000000e+04
8.400773512800000000e+10 2.143600000000000728e+04
8.423216256800000000e+10 2.872900000000000000e+04
8.423222594400000000e+10 6.680999999999996362e+03
8.428041133600000000e+10 2.135500000000000728e+04
8.435664125600000000e+10 2.173100000000000000e+04
8.460934844000000000e+10 3.157700000000000000e+04
8.463538912800000000e+10 2.396600000000000000e+04
8.488930972000000000e+10 3.392500000000000000e+04
8.498167762400000000e+10 2.697100000000000000e+04
8.508794260000000000e+10 2.623800000000000000e+04
8.528315469600000000e+10 3.251999999999999272e+04
8.538073432800000000e+10 2.818100000000000000e+04
8.538407064800000000e+10 1.933799999999999272e+04
8.538419380000000000e+10 1.115800000000000000e+04
8.542215978400000000e+10 1.535700000000000000e+04
8.567879647200000000e+10 2.691800000000000000e+04
8.573720880800000000e+10 2.380500000000000000e+04
8.583908079200000000e+10 2.313200000000000000e+04
8.594303125600000000e+10 2.297900000000000000e+04
8.595166020000000000e+10 1.747999999999999272e+04
8.605221695200000000e+10 1.995599999999999272e+04
8.617254159200000000e+10 2.320100000000000000e+04
8.623964863200000000e+10 2.008100000000000000e+04
8.624836530400000000e+10 1.553200000000000364e+04
8.658585786400000000e+10 3.052499999999999272e+04
8.659807319200000000e+10 2.162800000000000000e+04
8.665073853600000000e+10 2.177000000000000000e+04
8.688321408800000000e+10 3.109100000000000000e+04
8.726334900000000000e+10 4.315500000000000000e+04
8.732000802400000000e+10 3.199300000000000000e+04
8.732006037600000000e+10 2.997999999999996362e+03
8.744579432800000000e+10 2.975100000000000000e+04
8.746456343200000000e+10 2.336900000000000000e+04
8.761469304800000000e+10 2.699400000000000000e+04
8.762396080800000000e+10 1.963200000000000000e+04
8.764955013600000000e+10 1.698100000000000000e+04
8.801727381600000000e+10 3.409899999999999272e+04
8.801737356000000000e+10 7.263999999999992724e+03
8.806046621600000000e+10 2.304500000000000000e+04
8.826428868000000000e+10 2.985100000000000000e+04
8.856010580000000000e+10 4.150000000000000000e+04
8.859733608800000000e+10 2.834000000000000728e+04
8.862457111200000000e+10 2.244500000000000000e+04
8.872890221600000000e+10 2.456000000000000000e+04
8.875627594400000000e+10 1.957699999999999272e+04
8.891104964000000000e+10 2.512500000000000000e+04
8.919872039200000000e+10 3.373199999999999272e+04
8.933884471200000000e+10 3.401700000000000000e+04
8.975570645600000000e+10 4.783200000000000000e+04
