# Timestamps in ns,Energies
2.959979120000000000e+08 7.259200000000000000e+04
3.907756720000000000e+08 4.594100000000000000e+04
6.126596880000000000e+08 4.526000000000000000e+04
6.448982320000000000e+08 3.002899999999999272e+04
1.863750504000000000e+09 8.245600000000000000e+04
1.863976312000000000e+09 4.652600000000000000e+04
2.773190856000000000e+09 7.362600000000000000e+04
2.773331336000000000e+09 2.483000000000000000e+04
3.050917480000000000e+09 5.383800000000000000e+04
3.050970008000000000e+09 5.753000000000003638e+03
3.608983512000000000e+09 6.410900000000000000e+04
3.881368520000000000e+09 5.616800000000000000e+04
4.527515176000000000e+09 7.197600000000000000e+04
5.340867880000000000e+09 7.361600000000000000e+04
5.797661560000000000e+09 6.773700000000000000e+04
6.052864984000000000e+09 5.401600000000000000e+04
6.617823912000000000e+09 7.360100000000000000e+04
6.617884344000000000e+09 1.295400000000000364e+04
7.826868312000000000e+09 8.411300000000000000e+04
7.826916296000000000e+09 7.890999999999992724e+03
8.122568696000000000e+09 6.446800000000000000e+04
8.557786136000000000e+09 7.031700000000000000e+04
8.818403368000000000e+09 6.449900000000000000e+04
9.087356888000000000e+09 5.152700000000000000e+04
9.087481640000000000e+09 2.928000000000000000e+04
1.018982448800000000e+10 7.557600000000000000e+04
1.040613796000000000e+10 5.569900000000000000e+04
1.280278343200000000e+10 9.890100000000002910e+04
1.335332911200000000e+10 7.505000000000000000e+04
1.523704612000000000e+10 1.009710000000000000e+05
1.523716359200000000e+10 2.205100000000000000e+04
1.586841218400000000e+10 7.224800000000000000e+04
1.744912661600000000e+10 9.220800000000000000e+04
1.772053466400000000e+10 6.583200000000000000e+04
1.901726540000000000e+10 8.751500000000000000e+04
1.935102756000000000e+10 6.788200000000000000e+04
2.009415159200000000e+10 7.317100000000000000e+04
2.009422322400000000e+10 2.109000000000000000e+04
2.085663514400000000e+10 7.210500000000000000e+04
2.139344912800000000e+10 6.887300000000000000e+04
2.193722712800000000e+10 6.865700000000000000e+04
2.259488124000000000e+10 7.639900000000000000e+04
2.313363837600000000e+10 6.618500000000000000e+04
2.361624839200000000e+10 6.770500000000000000e+04
2.361629309600000000e+10 1.806000000000003638e+03
2.486966373600000000e+10 9.053600000000000000e+04
2.486973885600000000e+10 2.364099999999999272e+04
2.511175186400000000e+10 5.635900000000000000e+04
2.511188605600000000e+10 1.280500000000000364e+04
2.511196380000000000e+10 1.465000000000000000e+03
2.686487960800000000e+10 9.244800000000000000e+04
2.844331138400000000e+10 1.019280000000000000e+05
2.844342648800000000e+10 1.344199999999999272e+04
2.892293463200000000e+10 6.348300000000000000e+04
3.010442573600000000e+10 8.632100000000000000e+04
3.010443210400000000e+10 5.056000000000003638e+03
3.117172290400000000e+10 9.096900000000000000e+04
3.158486892000000000e+10 6.800100000000000000e+04
3.516625615200000000e+10 1.044809999999999854e+05
3.516636528800000000e+10 1.671199999999999636e+04
3.516644274400000000e+10 1.427600000000000000e+04
3.516658895200000000e+10 1.540200000000000364e+04
3.520040005600000000e+10 2.952000000000000000e+04
3.533237124000000000e+10 3.092200000000000000e+04
3.567385365600000000e+10 4.384800000000000000e+04
3.567390231200000000e+10 2.354999999999996362e+03
3.651244778400000000e+10 6.745600000000000000e+04
3.726939725600000000e+10 8.194600000000000000e+04
3.782105389600000000e+10 6.846400000000000000e+04
3.782112271200000000e+10 1.829600000000000000e+04
3.782124648800000000e+10 2.089200000000000728e+04
3.782131096800000000e+10 3.798999999999996362e+03
3.822356212000000000e+10 5.164200000000000000e+04
3.822363292000000000e+10 1.547800000000000728e+04
3.914802159200000000e+10 7.647200000000000000e+04
3.960954589600000000e+10 7.010500000000000000e+04
4.109193357600000000e+10 8.992800000000000000e+04
4.113142285600000000e+10 5.260000000000000000e+04
4.166517527200000000e+10 6.557100000000000000e+04
4.314770056800000000e+10 9.695600000000000000e+04
4.427487444000000000e+10 9.231300000000000000e+04
4.452908500000000000e+10 6.737600000000000000e+04
4.457843064800000000e+10 3.876400000000000000e+04
4.457851567200000000e+10 1.702899999999999272e+04
4.535881221600000000e+10 6.271500000000000000e+04
4.585385813600000000e+10 6.523400000000000000e+04
4.618807335200000000e+10 5.671100000000000000e+04
4.618813639200000000e+10 1.340500000000000000e+04
4.739170028000000000e+10 8.336000000000000000e+04
4.739175020000000000e+10 9.694000000000003638e+03
4.768789776800000000e+10 6.564300000000000000e+04
4.912414512800000000e+10 9.651300000000000000e+04
5.044344900000000000e+10 1.002120000000000000e+05
5.075192970400000000e+10 7.179300000000000000e+04
5.084379391200000000e+10 4.719100000000000000e+04
5.126752637600000000e+10 6.639300000000000000e+04
5.175664071200000000e+10 5.812000000000000000e+04
5.182449308000000000e+10 4.075400000000000000e+04
5.224772432800000000e+10 4.950800000000000000e+04
5.247562842400000000e+10 5.579400000000000000e+04
5.247575519200000000e+10 1.928000000000000000e+04
5.329551695200000000e+10 7.263300000000000000e+04
5.378951170400000000e+10 6.392000000000000000e+04
5.379283586400000000e+10 3.705000000000000000e+04
5.564566316000000000e+10 9.624800000000000000e+04
5.564570783200000000e+10 5.289999999999992724e+03
5.564580991200000000e+10 2.843700000000000000e+04
5.603112168800000000e+10 5.902400000000000000e+04
5.640029359200000000e+10 6.201700000000000000e+04
5.762248212000000000e+10 8.352900000000000000e+04
6.109372378400000000e+10 1.246960000000000000e+05
6.116263687200000000e+10 5.433600000000000000e+04
6.197711701600000000e+10 7.491300000000000000e+04
6.228450384800000000e+10 5.948800000000000000e+04
6.286800888800000000e+10 6.785600000000000000e+04
6.287542586400000000e+10 3.902300000000000000e+04
6.294135672800000000e+10 3.158099999999999272e+04
6.294949605600000000e+10 2.256900000000000000e+04
6.367110949600000000e+10 5.716100000000000000e+04
6.388458464800000000e+10 5.447300000000000000e+04
6.441815002400000000e+10 6.187300000000000000e+04
6.525768922400000000e+10 7.568000000000000000e+04
6.525780661600000000e+10 3.476900000000000000e+04
6.553096317600000000e+10 4.624800000000000000e+04
6.567667416800000000e+10 4.314400000000000000e+04
6.567672311200000000e+10 2.328000000000003638e+03
6.582630820000000000e+10 3.712200000000000000e+04
6.607942863200000000e+10 4.551900000000000000e+04
6.640804514400000000e+10 4.542500000000000000e+04
6.679615802400000000e+10 4.980000000000000000e+04
6.694345367200000000e+10 4.168700000000000000e+04
6.863271456800000000e+10 1.042810000000000000e+05
6.867906324000000000e+10 5.361600000000000000e+04
6.884240664800000000e+10 4.509400000000000000e+04
6.884259394400000000e+10 2.613799999999999272e+04
6.976521580000000000e+10 6.895300000000000000e+04
7.010498119200000000e+10 5.995000000000000000e+04
7.010503834400000000e+10 1.172300000000000728e+04
7.046350404000000000e+10 6.079800000000000000e+04
7.067063416800000000e+10 4.466700000000000000e+04
7.067071359200000000e+10 1.718799999999999272e+04
7.073313552800000000e+10 3.133700000000000000e+04
7.151969519200000000e+10 6.137600000000000000e+04
7.198377016800000000e+10 7.287100000000000000e+04
7.246778842400000000e+10 6.468200000000000000e+04
7.335634748000000000e+10 7.631200000000000000e+04
7.520924604000000000e+10 9.712000000000000000e+04
7.520934501600000000e+10 2.798500000000000000e+04
7.570281964000000000e+10 6.672000000000000000e+04
7.648187861600000000e+10 7.392800000000000000e+04
7.665058818400000000e+10 6.717900000000000000e+04
7.692545802400000000e+10 5.291300000000000000e+04
7.752851831200000000e+10 6.536000000000000000e+04
8.152355924000000000e+10 1.083250000000000000e+05
8.317619426400000000e+10 1.048650000000000000e+05
8.340153136800000000e+10 6.878000000000000000e+04
8.378100421600000000e+10 5.903300000000000000e+04
8.378109015200000000e+10 2.150499999999999272e+04
8.409400205600000000e+10 5.118500000000000000e+04
8.439191277600000000e+10 5.055200000000000000e+04
8.439203076000000000e+10 2.444700000000000000e+04
8.485721581600000000e+10 5.846200000000000000e+04
8.504130274400000000e+10 4.302400000000000000e+04
8.516370618400000000e+10 4.433600000000000000e+04
8.525128140000000000e+10 3.399700000000000000e+04
8.525136570400000000e+10 1.293900000000000364e+04
8.611164560800000000e+10 7.138400000000000000e+04
8.671255068000000000e+10 6.782100000000000000e+04
8.700127400800000000e+10 6.011200000000000000e+04
8.860387647200000000e+10 9.805800000000000000e+04
8.860388293600000000e+10 4.698999999999996362e+03
8.863260106400000000e+10 6.102600000000000000e+04
8.989142676000000000e+10 8.614100000000000000e+04
