# Timestamps in ns,Energies
6.002804000000000000e+07 2.768399999999999272e+04
2.336976240000000000e+08 3.221300000000000728e+04
4.826275920000000000e+08 3.586600000000000000e+04
4.828061200000000000e+08 2.346299999999999272e+04
5.494283120000000000e+08 2.473900000000000000e+04
6.106828560000000000e+08 2.228200000000000000e+04
1.059344952000000000e+09 3.991900000000000000e+04
1.059541976000000000e+09 2.817299999999999272e+04
1.224263112000000000e+09 3.219700000000000000e+04
1.224373480000000000e+09 1.553900000000000364e+04
1.324202664000000000e+09 2.482600000000000000e+04
1.432862152000000000e+09 2.568700000000000000e+04
1.766119944000000000e+09 3.865300000000000000e+04
2.575963512000000000e+09 6.547400000000000000e+04
2.576016616000000000e+09 9.997000000000000000e+03
3.030935048000000000e+09 6.600100000000000000e+04
3.031131992000000000e+09 2.286400000000000000e+04
3.293798712000000000e+09 4.353100000000000000e+04
3.653846840000000000e+09 5.501800000000000000e+04
3.653970040000000000e+09 2.559000000000000000e+04
3.970676360000000000e+09 4.701500000000000000e+04
4.196246552000000000e+09 4.307500000000000000e+04
4.261159960000000000e+09 3.411600000000000728e+04
4.379356056000000000e+09 3.077600000000000000e+04
4.475449016000000000e+09 2.936000000000000000e+04
4.475531288000000000e+09 1.008000000000000728e+04
4.620296920000000000e+09 2.800400000000000000e+04
4.781770712000000000e+09 2.857100000000000000e+04
4.801036952000000000e+09 2.178299999999999272e+04
5.031055912000000000e+09 3.000000000000000000e+04
5.172599592000000000e+09 2.891299999999999272e+04
5.196007416000000000e+09 2.304200000000000000e+04
5.196109624000000000e+09 1.196600000000000000e+04
5.532973720000000000e+09 3.481900000000000728e+04
5.842116472000000000e+09 4.221200000000000000e+04
5.882574616000000000e+09 3.001600000000000000e+04
5.946158856000000000e+09 2.777800000000000000e+04
6.174436232000000000e+09 3.408300000000000728e+04
6.530766840000000000e+09 4.095200000000000000e+04
6.715863176000000000e+09 4.095700000000000000e+04
6.824365544000000000e+09 3.295800000000000000e+04
7.066794392000000000e+09 3.922300000000000000e+04
7.315035288000000000e+09 4.409500000000000000e+04
7.315229304000000000e+09 2.589700000000000000e+04
7.934503640000000000e+09 5.519300000000000000e+04
8.221649352000000000e+09 5.278800000000000000e+04
8.328266232000000000e+09 3.772100000000000000e+04
8.514779736000000000e+09 4.019100000000000000e+04
8.822222616000000000e+09 5.033500000000000000e+04
8.822485192000000000e+09 3.184600000000000000e+04
8.904607832000000000e+09 2.685600000000000000e+04
9.043628520000000000e+09 2.911900000000000000e+04
9.212359096000000000e+09 3.144900000000000000e+04
9.299748312000000000e+09 2.897700000000000000e+04
9.908925144000000000e+09 5.229700000000000000e+04
1.048342724000000000e+10 6.274400000000000000e+04
1.048957908000000000e+10 4.115400000000000000e+04
1.048974636000000000e+10 1.656500000000000000e+04
1.116656388000000000e+10 5.728200000000000000e+04
1.179632842400000000e+10 8.048100000000000000e+04
1.179638210400000000e+10 1.097599999999999272e+04
1.179645583200000000e+10 9.977000000000007276e+03
1.196890933600000000e+10 4.048400000000000000e+04
1.198448663200000000e+10 3.005600000000000000e+04
1.217127263200000000e+10 3.241400000000000000e+04
1.245425770400000000e+10 4.440000000000000000e+04
1.268648244000000000e+10 4.004700000000000000e+04
1.278165972000000000e+10 3.362199999999999272e+04
1.279385424800000000e+10 2.370500000000000000e+04
1.279392498400000000e+10 6.825000000000000000e+03
1.288377680800000000e+10 2.148900000000000000e+04
1.335929743200000000e+10 5.056600000000000000e+04
1.337765373600000000e+10 3.092800000000000000e+04
1.389873492000000000e+10 4.958700000000000000e+04
1.406002735200000000e+10 4.546400000000000000e+04
1.415652773600000000e+10 3.713000000000000000e+04
1.457429322400000000e+10 4.811200000000000000e+04
1.460758472800000000e+10 3.462700000000000728e+04
1.473225074400000000e+10 3.140600000000000728e+04
1.509374650400000000e+10 4.231300000000000000e+04
1.540037220000000000e+10 4.686400000000000000e+04
1.547828231200000000e+10 3.580499999999999272e+04
1.549013767200000000e+10 2.598700000000000000e+04
1.558243845600000000e+10 2.768300000000000000e+04
1.592289007200000000e+10 3.917000000000000000e+04
1.614921783200000000e+10 4.102300000000000000e+04
1.656756255200000000e+10 4.998500000000000000e+04
1.656761560800000000e+10 8.235999999999992724e+03
1.681689693600000000e+10 4.464800000000000000e+04
1.685080423200000000e+10 3.162300000000000000e+04
1.707639823200000000e+10 3.830500000000000000e+04
1.724278040800000000e+10 3.568100000000000000e+04
1.729620543200000000e+10 2.786999999999999272e+04
1.729627004000000000e+10 6.265000000000003638e+03
1.749932800800000000e+10 3.245500000000000728e+04
1.764516200800000000e+10 3.212599999999999272e+04
1.800298108000000000e+10 4.557600000000000000e+04
1.821066940000000000e+10 4.474300000000000000e+04
1.838125343200000000e+10 3.768000000000000000e+04
1.852635034400000000e+10 3.408800000000000000e+04
1.853733320800000000e+10 2.491800000000000000e+04
1.865449303200000000e+10 2.680800000000000000e+04
1.881506751200000000e+10 2.930000000000000000e+04
1.886173152800000000e+10 2.371600000000000000e+04
1.935582700000000000e+10 4.624000000000000000e+04
1.936043943200000000e+10 2.851300000000000000e+04
1.940015631200000000e+10 2.512000000000000000e+04
2.033348487200000000e+10 6.986200000000000000e+04
2.049606271200000000e+10 5.143700000000000000e+04
2.069375016800000000e+10 4.890300000000000000e+04
2.082303418400000000e+10 3.893500000000000000e+04
2.133674500000000000e+10 5.414400000000000000e+04
2.155495045600000000e+10 4.882600000000000000e+04
2.156930917600000000e+10 3.992000000000000000e+04
2.166927687200000000e+10 3.092900000000000000e+04
2.257944415200000000e+10 7.095200000000000000e+04
2.257951656800000000e+10 1.163800000000000728e+04
2.331952373600000000e+10 7.328000000000000000e+04
2.340946751200000000e+10 4.812000000000000000e+04
2.350277176800000000e+10 3.577700000000000000e+04
2.378472588000000000e+10 4.171200000000000000e+04
2.381490416800000000e+10 3.008400000000000000e+04
2.414912234400000000e+10 4.381300000000000000e+04
2.414937392800000000e+10 2.051599999999999272e+04
2.443019828000000000e+10 4.455900000000000000e+04
2.453719036000000000e+10 3.099100000000000728e+04
2.472673165600000000e+10 3.614699999999999272e+04
2.484382823200000000e+10 3.288000000000000000e+04
2.492433978400000000e+10 2.839200000000000000e+04
2.514118012000000000e+10 3.259200000000000000e+04
2.535738914400000000e+10 3.608599999999999272e+04
2.535744223200000000e+10 4.572999999999996362e+03
2.540043660000000000e+10 2.728000000000000000e+04
2.550461541600000000e+10 2.635200000000000000e+04
2.569293837600000000e+10 3.187200000000000000e+04
2.577767285600000000e+10 2.689200000000000000e+04
2.598806296800000000e+10 3.208000000000000728e+04
2.600535144800000000e+10 2.319900000000000728e+04
2.603460175200000000e+10 2.086699999999999272e+04
2.624628514400000000e+10 2.741600000000000000e+04
2.639922632800000000e+10 2.887600000000000000e+04
2.652117631200000000e+10 3.039600000000000000e+04
2.701031935200000000e+10 4.912200000000000000e+04
2.710786450400000000e+10 3.999900000000000000e+04
2.719897018400000000e+10 3.102200000000000000e+04
2.728762816800000000e+10 2.968800000000000000e+04
2.790218703200000000e+10 5.464800000000000000e+04
2.795648661600000000e+10 3.612700000000000000e+04
2.833596397600000000e+10 5.322200000000000000e+04
2.854406992800000000e+10 4.596500000000000000e+04
2.868569234400000000e+10 3.947100000000000000e+04
2.875646122400000000e+10 3.043000000000000728e+04
2.897576095200000000e+10 3.541400000000000000e+04
2.897970488800000000e+10 2.304000000000000000e+04
2.971223564000000000e+10 5.720000000000000000e+04
3.016836938400000000e+10 6.322800000000000000e+04
3.016841759200000000e+10 6.002999999999996362e+03
3.018947504800000000e+10 3.568100000000000000e+04
3.043507042400000000e+10 4.230100000000000000e+04
3.046235346400000000e+10 2.915199999999999272e+04
3.098179653600000000e+10 5.260900000000000000e+04
3.105125802400000000e+10 3.798400000000000000e+04
3.111608637600000000e+10 2.983500000000000000e+04
3.113866999200000000e+10 2.376000000000000000e+04
3.161193968800000000e+10 4.687400000000000000e+04
3.173173338400000000e+10 3.682000000000000000e+04
3.180345916000000000e+10 2.978700000000000000e+04
3.217016640800000000e+10 4.653600000000000000e+04
3.223913807200000000e+10 3.199100000000000000e+04
3.226873573600000000e+10 2.592800000000000000e+04
3.233888362400000000e+10 2.487900000000000000e+04
3.291430370400000000e+10 5.280900000000000000e+04
3.313808948000000000e+10 5.482000000000000000e+04
3.333179346400000000e+10 4.553300000000000000e+04
3.339428367200000000e+10 3.125000000000000000e+04
3.368331620000000000e+10 3.842800000000000000e+04
3.388760946400000000e+10 4.120600000000000000e+04
3.396945096800000000e+10 3.304799999999999272e+04
3.408798144800000000e+10 3.190000000000000728e+04
3.441405066400000000e+10 4.045100000000000000e+04
3.441422442400000000e+10 2.282199999999999272e+04
3.463673588000000000e+10 3.501000000000000000e+04
3.469315869600000000e+10 2.787100000000000000e+04
3.469341239200000000e+10 2.088700000000000000e+04
3.470330732000000000e+10 1.611300000000000728e+04
3.498461149600000000e+10 2.967600000000000000e+04
3.500695023200000000e+10 2.197700000000000000e+04
3.500705404000000000e+10 1.142300000000000000e+04
3.502049543200000000e+10 1.502300000000000728e+04
3.521708303200000000e+10 2.390900000000000000e+04
3.529560892000000000e+10 2.229600000000000000e+04
3.555423839200000000e+10 3.032900000000000000e+04
3.561210119200000000e+10 2.648800000000000000e+04
3.561218525600000000e+10 9.499000000000000000e+03
3.593073325600000000e+10 3.600700000000000000e+04
3.593793295200000000e+10 2.472500000000000000e+04
3.611477554400000000e+10 3.036800000000000000e+04
3.636295303200000000e+10 3.600800000000000000e+04
3.640807344800000000e+10 2.775100000000000000e+04
3.650324500000000000e+10 2.627500000000000000e+04
3.677806903200000000e+10 3.725300000000000000e+04
3.677832685600000000e+10 2.438000000000000000e+04
3.694499311200000000e+10 2.865100000000000000e+04
3.694509340000000000e+10 1.422299999999999272e+04
3.721781463200000000e+10 3.417000000000000000e+04
3.749343756000000000e+10 4.029200000000000000e+04
3.794832288800000000e+10 5.590200000000000000e+04
3.805628495200000000e+10 4.250800000000000000e+04
3.818854492000000000e+10 3.572799999999999272e+04
3.825381037600000000e+10 2.830700000000000000e+04
3.825907119200000000e+10 1.948900000000000000e+04
3.931416151200000000e+10 7.749200000000000000e+04
3.932233696800000000e+10 3.996400000000000000e+04
3.939294546400000000e+10 3.311799999999999272e+04
3.941712216800000000e+10 2.425500000000000728e+04
3.945069514400000000e+10 2.248700000000000000e+04
3.993794999200000000e+10 4.301700000000000000e+04
3.996844165600000000e+10 3.295200000000000000e+04
4.013457733600000000e+10 3.268700000000000728e+04
4.026866007200000000e+10 3.262900000000000000e+04
4.028279200800000000e+10 2.224500000000000000e+04
4.037217146400000000e+10 2.288500000000000000e+04
4.055074503200000000e+10 2.787400000000000000e+04
4.055085093600000000e+10 1.409300000000000728e+04
4.055103916000000000e+10 1.204600000000000364e+04
4.080705415200000000e+10 2.905600000000000000e+04
4.085322519200000000e+10 2.349300000000000000e+04
4.122662629600000000e+10 4.174100000000000000e+04
4.152155392800000000e+10 4.892800000000000000e+04
4.211878080800000000e+10 6.179000000000000000e+04
4.214616748000000000e+10 3.799000000000000000e+04
4.227226221600000000e+10 3.586899999999999272e+04
4.236663402400000000e+10 3.121299999999999272e+04
4.236677072800000000e+10 1.947100000000000000e+04
4.256675522400000000e+10 3.053200000000000000e+04
4.284815770400000000e+10 3.810600000000000000e+04
4.286220191200000000e+10 2.752400000000000000e+04
4.296937106400000000e+10 2.670900000000000728e+04
4.296945504800000000e+10 1.020200000000000000e+04
4.300353951200000000e+10 1.950600000000000728e+04
4.322493904800000000e+10 2.912200000000000000e+04
4.327739583200000000e+10 2.364900000000000000e+04
4.356555306400000000e+10 3.304600000000000000e+04
4.376225397600000000e+10 3.846500000000000000e+04
4.399095056800000000e+10 3.896000000000000000e+04
4.399101661600000000e+10 1.087900000000000000e+04
4.434281973600000000e+10 4.353400000000000000e+04
4.439039519200000000e+10 3.440100000000000000e+04
4.452914210400000000e+10 3.132400000000000000e+04
4.492781244000000000e+10 4.319400000000000000e+04
4.501103087200000000e+10 3.503700000000000000e+04
4.501110512800000000e+10 1.117600000000000364e+04
4.515755031200000000e+10 3.349800000000000000e+04
4.525417956000000000e+10 2.900400000000000000e+04
4.541740551200000000e+10 2.971600000000000000e+04
4.558185661600000000e+10 3.159600000000000000e+04
4.584150674400000000e+10 3.726400000000000000e+04
4.608274933600000000e+10 4.079100000000000000e+04
4.617306559200000000e+10 3.231900000000000728e+04
4.624714754400000000e+10 2.782900000000000728e+04
4.626807743200000000e+10 2.209100000000000000e+04
4.688977839200000000e+10 5.413800000000000000e+04
4.725412031200000000e+10 5.249000000000000000e+04
4.729731607200000000e+10 3.720800000000000000e+04
4.740857733600000000e+10 3.502000000000000000e+04
4.764667487200000000e+10 3.811200000000000000e+04
4.765691301600000000e+10 2.678400000000000000e+04
4.789537922400000000e+10 3.447200000000000728e+04
4.799048932000000000e+10 3.098000000000000000e+04
4.833130253600000000e+10 4.682400000000000000e+04
4.846753528800000000e+10 3.587600000000000728e+04
4.854818295200000000e+10 2.922500000000000000e+04
4.947140148000000000e+10 7.236100000000000000e+04
5.026031605600000000e+10 8.421600000000000000e+04
5.027521610400000000e+10 4.544900000000000000e+04
5.081761295200000000e+10 5.804000000000000000e+04
5.091847762400000000e+10 4.476700000000000000e+04
5.092661759200000000e+10 2.718500000000000000e+04
5.104060540000000000e+10 3.082999999999999272e+04
5.116327292000000000e+10 2.957200000000000000e+04
5.123213632800000000e+10 2.630500000000000000e+04
5.147958716000000000e+10 3.539799999999999272e+04
5.171728152800000000e+10 3.776000000000000000e+04
5.175989301600000000e+10 2.953800000000000000e+04
5.198019916000000000e+10 3.442100000000000000e+04
5.211355063200000000e+10 3.172700000000000000e+04
5.245272384800000000e+10 4.699900000000000000e+04
5.245283644000000000e+10 2.025300000000000728e+04
5.245301848800000000e+10 1.682100000000000000e+04
5.257899616800000000e+10 2.584000000000000000e+04
5.259216378400000000e+10 2.085700000000000728e+04
5.259222264800000000e+10 2.601999999999992724e+03
5.275364631200000000e+10 2.497800000000000000e+04
5.287536669600000000e+10 2.564900000000000000e+04
5.324034024800000000e+10 4.053300000000000000e+04
5.324039156000000000e+10 3.997999999999992724e+03
5.349826138400000000e+10 4.104500000000000000e+04
5.367933636000000000e+10 3.703700000000000000e+04
5.367946439200000000e+10 2.026200000000000000e+04
5.414308184800000000e+10 5.199100000000000000e+04
5.467662653600000000e+10 6.237800000000000000e+04
5.467676415200000000e+10 3.188400000000000728e+04
5.472840312800000000e+10 3.259300000000000000e+04
5.477948773600000000e+10 2.552500000000000728e+04
5.478520997600000000e+10 1.814400000000000728e+04
5.489979303200000000e+10 2.180400000000000000e+04
5.495913831200000000e+10 2.024800000000000000e+04
5.518136792800000000e+10 2.845500000000000000e+04
5.518146375200000000e+10 1.171999999999999272e+04
5.527069450400000000e+10 2.311200000000000000e+04
5.531522188000000000e+10 1.968000000000000000e+04
5.593995980000000000e+10 4.824000000000000000e+04
5.605772258400000000e+10 4.434800000000000000e+04
5.672602551200000000e+10 7.013600000000000000e+04
5.672627164000000000e+10 3.893500000000000000e+04
5.678713063200000000e+10 3.212000000000000000e+04
5.696661575200000000e+10 3.380700000000000000e+04
5.696680703200000000e+10 2.343800000000000000e+04
5.709677944800000000e+10 2.751200000000000000e+04
5.712452749600000000e+10 2.182500000000000000e+04
5.718894828000000000e+10 1.968400000000000000e+04
5.730070340000000000e+10 2.175400000000000000e+04
5.749489197600000000e+10 2.769000000000000000e+04
5.751525125600000000e+10 2.192900000000000000e+04
5.751538085600000000e+10 1.215300000000000728e+04
5.758958472800000000e+10 1.799200000000000000e+04
5.772240213600000000e+10 2.163300000000000000e+04
5.802598180000000000e+10 3.186900000000000000e+04
5.824663948000000000e+10 3.798900000000000000e+04
5.828139010400000000e+10 2.738600000000000000e+04
5.834362359200000000e+10 2.560800000000000000e+04
5.850748749600000000e+10 2.817599999999999272e+04
5.859391119200000000e+10 2.569800000000000000e+04
5.887241288800000000e+10 3.616700000000000728e+04
5.887255703200000000e+10 1.996500000000000000e+04
5.913431428000000000e+10 3.515000000000000000e+04
5.941912388000000000e+10 3.926700000000000000e+04
5.957254808800000000e+10 3.765900000000000000e+04
5.961402909600000000e+10 2.878600000000000000e+04
5.966751983200000000e+10 2.469300000000000000e+04
5.978709656800000000e+10 2.560000000000000000e+04
6.017915221600000000e+10 4.104900000000000000e+04
6.119936821600000000e+10 7.864000000000000000e+04
6.129654071200000000e+10 4.827700000000000000e+04
6.153610412000000000e+10 4.476700000000000000e+04
6.177218746400000000e+10 4.330600000000000000e+04
6.191644880800000000e+10 4.066700000000000000e+04
6.205024164000000000e+10 3.749000000000000000e+04
6.205036152800000000e+10 1.766900000000000000e+04
6.211289341600000000e+10 2.409300000000000000e+04
6.222725711200000000e+10 2.650700000000000000e+04
6.258216058400000000e+10 4.019800000000000000e+04
6.260659141600000000e+10 2.734200000000000000e+04
6.290344719200000000e+10 4.095300000000000000e+04
6.322482314400000000e+10 4.365600000000000000e+04
6.352561644000000000e+10 4.529600000000000000e+04
6.352567375200000000e+10 8.576000000000003638e+03
6.380782911200000000e+10 4.624100000000000000e+04
6.380789818400000000e+10 1.195200000000000000e+04
6.380807332000000000e+10 1.512899999999999272e+04
6.381557239200000000e+10 2.011100000000000728e+04
6.385399517600000000e+10 1.840900000000000000e+04
6.403914367200000000e+10 2.640200000000000000e+04
6.448143479200000000e+10 4.736500000000000000e+04
6.456249863200000000e+10 3.737400000000000000e+04
6.480858391200000000e+10 3.776000000000000000e+04
6.502684964000000000e+10 4.122300000000000000e+04
6.533386663200000000e+10 4.524000000000000000e+04
6.569792909600000000e+10 4.881600000000000000e+04
6.569808564000000000e+10 2.888800000000000000e+04
6.589996298400000000e+10 3.755900000000000000e+04
6.594433864800000000e+10 2.841500000000000728e+04
6.634435407200000000e+10 4.800300000000000000e+04
6.634442428000000000e+10 1.288100000000000364e+04
6.686610972000000000e+10 5.539300000000000000e+04
6.710193117600000000e+10 4.858000000000000000e+04
6.731978413600000000e+10 4.708800000000000000e+04
6.756039820000000000e+10 4.231100000000000000e+04
6.757423661600000000e+10 3.304100000000000000e+04
6.764901701600000000e+10 2.745700000000000000e+04
6.801145365600000000e+10 4.327900000000000000e+04
6.801150532000000000e+10 4.940999999999996362e+03
6.809723988000000000e+10 3.461300000000000000e+04
6.811641104800000000e+10 2.305800000000000000e+04
6.855848188000000000e+10 4.558300000000000000e+04
6.867268804000000000e+10 3.902800000000000000e+04
6.867286503200000000e+10 2.624900000000000000e+04
6.877111842400000000e+10 2.505900000000000000e+04
6.941446722400000000e+10 5.342400000000000000e+04
6.943537223200000000e+10 3.445199999999999272e+04
6.943546463200000000e+10 1.455699999999999636e+04
6.956110373600000000e+10 2.956200000000000000e+04
6.983050781600000000e+10 3.535099999999999272e+04
6.983065095200000000e+10 2.748000000000000000e+04
7.002403917600000000e+10 3.121500000000000000e+04
7.005189576800000000e+10 2.427899999999999272e+04
7.032818200800000000e+10 3.393500000000000728e+04
7.050218317600000000e+10 3.450500000000000000e+04
7.061069437600000000e+10 3.146700000000000728e+04
7.065879860000000000e+10 2.404100000000000000e+04
7.082721519200000000e+10 2.806100000000000000e+04
7.124575583200000000e+10 4.493100000000000000e+04
7.153656197600000000e+10 4.643700000000000000e+04
7.180857532000000000e+10 4.657900000000000000e+04
7.189713312800000000e+10 4.001600000000000000e+04
7.207245549600000000e+10 3.526300000000000728e+04
7.214142901600000000e+10 2.981300000000000000e+04
7.226804100000000000e+10 2.925500000000000000e+04
7.242549444000000000e+10 3.115199999999999272e+04
7.258628500000000000e+10 3.049200000000000000e+04
7.258646882400000000e+10 2.090800000000000000e+04
7.260603464800000000e+10 1.861600000000000000e+04
7.295498480800000000e+10 3.444400000000000728e+04
7.301975869600000000e+10 2.751800000000000728e+04
7.301998554400000000e+10 1.991200000000000728e+04
7.343137847200000000e+10 4.355100000000000000e+04
7.344918408800000000e+10 2.963200000000000000e+04
7.357350410400000000e+10 2.755800000000000000e+04
7.388506962400000000e+10 3.940800000000000000e+04
7.400804476000000000e+10 3.368800000000000000e+04
7.406100999200000000e+10 2.851900000000000000e+04
7.409053892000000000e+10 2.204800000000000000e+04
7.418970549600000000e+10 2.371300000000000000e+04
7.418978012000000000e+10 6.926999999999996362e+03
7.442573202400000000e+10 2.825499999999999272e+04
7.481943184800000000e+10 4.161600000000000000e+04
7.538339482400000000e+10 5.964900000000000000e+04
7.564919391200000000e+10 5.825700000000000000e+04
7.573903703200000000e+10 4.090900000000000000e+04
7.615245916000000000e+10 5.333600000000000000e+04
7.620577181600000000e+10 3.699200000000000000e+04
7.640609668000000000e+10 3.665200000000000000e+04
7.684694242400000000e+10 4.861800000000000000e+04
7.696717226400000000e+10 3.969500000000000000e+04
7.696722263200000000e+10 3.745000000000000000e+03
7.708223132000000000e+10 3.513600000000000000e+04
7.726482682400000000e+10 3.774400000000000000e+04
7.726488104800000000e+10 4.398999999999992724e+03
7.768838704800000000e+10 5.160000000000000000e+04
7.768847359200000000e+10 1.725799999999999272e+04
7.783220935200000000e+10 3.268699999999999272e+04
7.784427872800000000e+10 2.305600000000000000e+04
7.799180663200000000e+10 2.866500000000000000e+04
7.801905852000000000e+10 2.247100000000000000e+04
7.806904906400000000e+10 1.964000000000000000e+04
7.815782164000000000e+10 2.028500000000000000e+04
7.821539956000000000e+10 1.933900000000000000e+04
7.853151997600000000e+10 3.532800000000000728e+04
7.859128808800000000e+10 2.564000000000000000e+04
7.875160496800000000e+10 2.960200000000000000e+04
7.892019757600000000e+10 3.156700000000000728e+04
7.936355098400000000e+10 4.669400000000000000e+04
7.936363970400000000e+10 1.979300000000000728e+04
7.938044890400000000e+10 2.505900000000000000e+04
7.953540039200000000e+10 2.814300000000000728e+04
7.982229712800000000e+10 3.899000000000000000e+04
7.982241496800000000e+10 1.974900000000000000e+04
8.015450384800000000e+10 4.261000000000000000e+04
8.043548482400000000e+10 4.426400000000000000e+04
8.049600256800000000e+10 3.455900000000000000e+04
8.078977060000000000e+10 4.224400000000000000e+04
8.080161029600000000e+10 2.896300000000000000e+04
8.080169892000000000e+10 1.076800000000000364e+04
8.092651242400000000e+10 2.599700000000000000e+04
8.103746704800000000e+10 2.569900000000000000e+04
8.114246308000000000e+10 2.548200000000000000e+04
8.116158871200000000e+10 1.912000000000000000e+04
8.126572693600000000e+10 2.219400000000000000e+04
8.156873813600000000e+10 3.332600000000000000e+04
8.166797015200000000e+10 3.052500000000000000e+04
8.168916821600000000e+10 2.257200000000000000e+04
8.190558519200000000e+10 3.362700000000000000e+04
8.215340983200000000e+10 3.490499999999999272e+04
8.284969344800000000e+10 7.126900000000000000e+04
8.321564709600000000e+10 5.662500000000000000e+04
8.325618909600000000e+10 4.152600000000000000e+04
8.406513880800000000e+10 7.380799999999998545e+04
8.406531695200000000e+10 2.732000000000000000e+04
8.409676437600000000e+10 3.075999999999999272e+04
8.409682780000000000e+10 6.651000000000003638e+03
8.418817805600000000e+10 2.592699999999999272e+04
8.448868616800000000e+10 3.705200000000000000e+04
8.463041724000000000e+10 3.436500000000000000e+04
8.478708960800000000e+10 3.448099999999999272e+04
8.499350847200000000e+10 3.757700000000000000e+04
8.499368184800000000e+10 2.706199999999999272e+04
8.564634117600000000e+10 5.631200000000000000e+04
8.564641012000000000e+10 1.753300000000000728e+04
8.567069650400000000e+10 3.136800000000000000e+04
8.574043277600000000e+10 2.748000000000000000e+04
8.590173530400000000e+10 3.082400000000000000e+04
8.624959607200000000e+10 4.040000000000000000e+04
8.624969744800000000e+10 2.210500000000000000e+04
8.671677357600000000e+10 5.025800000000000000e+04
8.673319434400000000e+10 3.231500000000000728e+04
8.673339695200000000e+10 2.491200000000000000e+04
8.674570583200000000e+10 1.772800000000000728e+04
8.683725232800000000e+10 2.172200000000000000e+04
8.724258967200000000e+10 4.267100000000000000e+04
8.794034052000000000e+10 6.484300000000000000e+04
8.801822719200000000e+10 4.192200000000000000e+04
8.801831042400000000e+10 1.521600000000000000e+04
8.806602378400000000e+10 2.663300000000000000e+04
8.809741637600000000e+10 2.228900000000000000e+04
8.814720927200000000e+10 1.894799999999999272e+04
8.821315464800000000e+10 1.840000000000000000e+04
8.823060844000000000e+10 1.515600000000000728e+04
8.839607791200000000e+10 2.137000000000000000e+04
8.840221551200000000e+10 1.600600000000000728e+04
8.855341738400000000e+10 2.144000000000000000e+04
8.867100538400000000e+10 2.280200000000000000e+04
8.901414309600000000e+10 3.583100000000000728e+04
8.901429309600000000e+10 2.170400000000000000e+04
8.935673221600000000e+10 4.488200000000000000e+04
8.968113044000000000e+10 4.599100000000000000e+04
8.981081581600000000e+10 3.849000000000000000e+04
8.981088591200000000e+10 1.100700000000000000e+04
8.982086868000000000e+10 2.175200000000000000e+04
8.982097388000000000e+10 1.113300000000000364e+04
8.987254938400000000e+10 1.920500000000000000e+04
