# Timestamps in ns,Energies
1.161220560000000000e+08 2.386300000000000000e+04
5.218590960000000000e+08 4.035200000000000000e+04
5.560090160000000000e+08 2.850400000000000000e+04
5.561888880000000000e+08 1.990599999999999272e+04
7.255972400000000000e+08 2.759300000000000000e+04
7.256534800000000000e+08 3.346000000000000000e+03
7.844263120000000000e+08 2.273700000000000000e+04
9.883062960000000000e+08 3.024700000000000000e+04
1.088981384000000000e+09 2.600000000000000000e+04
1.107367176000000000e+09 2.095299999999999272e+04
1.107487704000000000e+09 1.074799999999999636e+04
1.128315672000000000e+09 1.468899999999999636e+04
1.197631944000000000e+09 1.615900000000000000e+04
1.231005192000000000e+09 1.437900000000000364e+04
1.363292664000000000e+09 1.867300000000000000e+04
1.456894472000000000e+09 1.926500000000000000e+04
1.616094424000000000e+09 2.464200000000000000e+04
1.616340808000000000e+09 1.667800000000000000e+04
1.616422856000000000e+09 4.406000000000000000e+03
1.977054968000000000e+09 3.364500000000000728e+04
2.197947336000000000e+09 3.863400000000000000e+04
2.203280504000000000e+09 2.344500000000000000e+04
2.221882344000000000e+09 2.006000000000000000e+04
2.326844296000000000e+09 2.215700000000000728e+04
2.414571192000000000e+09 2.159100000000000000e+04
2.488441544000000000e+09 2.007200000000000728e+04
2.541386456000000000e+09 1.849700000000000000e+04
2.594949496000000000e+09 1.772300000000000000e+04
2.988080984000000000e+09 3.662000000000000000e+04
2.988163512000000000e+09 1.269999999999999272e+04
3.366219704000000000e+09 4.329500000000000000e+04
3.450693048000000000e+09 3.353400000000000000e+04
3.507492936000000000e+09 2.800100000000000000e+04
3.601558904000000000e+09 2.535300000000000000e+04
4.397285800000000000e+09 6.192000000000000000e+04
4.430260440000000000e+09 3.842800000000000000e+04
4.457964664000000000e+09 2.778999999999999272e+04
4.479605496000000000e+09 2.258000000000000000e+04
4.633631480000000000e+09 2.764700000000000728e+04
4.793680104000000000e+09 2.935500000000000000e+04
4.807564680000000000e+09 2.169000000000000000e+04
5.024145672000000000e+09 2.843200000000000728e+04
5.024251784000000000e+09 1.487700000000000000e+04
5.124433384000000000e+09 2.387700000000000000e+04
5.225897144000000000e+09 2.424000000000000000e+04
5.310989400000000000e+09 2.336300000000000000e+04
5.311138952000000000e+09 1.479400000000000364e+04
5.432886328000000000e+09 2.156300000000000000e+04
5.517635944000000000e+09 2.031000000000000000e+04
5.544857880000000000e+09 1.725600000000000728e+04
5.969583672000000000e+09 3.696900000000000000e+04
6.011295992000000000e+09 2.998500000000000728e+04
6.012262600000000000e+09 1.886499999999999272e+04
6.235053256000000000e+09 3.248800000000000000e+04
6.437237544000000000e+09 3.487000000000000728e+04
6.469745400000000000e+09 2.496800000000000000e+04
6.557074696000000000e+09 2.408600000000000000e+04
6.856906232000000000e+09 3.699500000000000000e+04
6.952024616000000000e+09 3.063400000000000000e+04
7.187920600000000000e+09 3.731200000000000000e+04
7.308283912000000000e+09 3.158500000000000000e+04
7.438248824000000000e+09 3.164500000000000000e+04
7.438300600000000000e+09 2.078000000000007276e+03
7.537092824000000000e+09 2.621900000000000000e+04
7.622552520000000000e+09 2.502200000000000000e+04
7.622700824000000000e+09 1.543400000000000728e+04
7.848797080000000000e+09 2.903799999999999272e+04
8.072521240000000000e+09 3.529800000000000000e+04
8.072601096000000000e+09 1.331199999999999272e+04
8.332626840000000000e+09 3.725200000000000000e+04
8.332827848000000000e+09 2.391399999999999272e+04
8.440614360000000000e+09 2.711000000000000000e+04
8.514472312000000000e+09 2.513600000000000000e+04
8.655053848000000000e+09 2.584200000000000000e+04
8.655113304000000000e+09 4.181000000000007276e+03
8.786650808000000000e+09 2.464600000000000000e+04
8.891414776000000000e+09 2.471900000000000000e+04
9.301334840000000000e+09 4.313800000000000000e+04
9.393126840000000000e+09 3.269400000000000000e+04
9.658048120000000000e+09 3.757900000000000000e+04
1.001515208800000000e+10 4.913600000000000000e+04
1.009629375200000000e+10 3.552600000000000728e+04
1.009635074400000000e+10 6.710999999999996362e+03
1.028505640800000000e+10 3.308999999999999272e+04
1.044065631200000000e+10 3.366300000000000000e+04
1.044084500000000000e+10 2.136299999999999272e+04
1.057968200800000000e+10 2.785700000000000000e+04
1.059727234400000000e+10 2.091700000000000000e+04
1.143578578400000000e+10 6.444100000000000000e+04
1.143594348000000000e+10 2.261799999999999272e+04
1.156207540000000000e+10 3.612400000000000000e+04
1.177960303200000000e+10 3.807900000000000000e+04
1.183336106400000000e+10 3.040100000000000000e+04
1.208511328800000000e+10 3.651500000000000000e+04
1.226069626400000000e+10 3.505800000000000000e+04
1.226422532000000000e+10 2.425200000000000000e+04
1.237396216800000000e+10 2.615200000000000000e+04
1.251674528800000000e+10 2.849799999999999272e+04
1.256513301600000000e+10 2.368300000000000000e+04
1.317636335200000000e+10 4.956100000000000000e+04
1.326797869600000000e+10 3.938300000000000000e+04
1.354369682400000000e+10 4.369600000000000000e+04
1.356448788000000000e+10 3.005700000000000000e+04
1.365704252000000000e+10 2.897300000000000000e+04
1.377810272800000000e+10 2.789500000000000000e+04
1.400214468000000000e+10 3.411900000000000728e+04
1.405661757600000000e+10 2.700900000000000000e+04
1.405672197600000000e+10 1.337799999999999272e+04
1.487174098400000000e+10 6.989300000000000000e+04
1.517116988000000000e+10 5.306600000000000000e+04
1.521285976800000000e+10 4.233400000000000000e+04
1.535367032800000000e+10 3.517300000000000000e+04
1.558008060000000000e+10 3.606000000000000000e+04
1.561233703200000000e+10 2.911700000000000728e+04
1.562464279200000000e+10 2.058000000000000000e+04
1.571315274400000000e+10 2.209200000000000000e+04
1.584543157600000000e+10 2.510500000000000000e+04
1.591521424800000000e+10 2.255100000000000000e+04
1.628483084000000000e+10 3.926600000000000000e+04
1.628488344800000000e+10 4.051000000000000000e+03
1.651921461600000000e+10 3.858600000000000000e+04
1.672605722400000000e+10 3.854300000000000000e+04
1.672612759200000000e+10 1.077900000000000364e+04
1.675751183200000000e+10 2.431200000000000000e+04
1.687313492000000000e+10 2.614400000000000000e+04
1.691519648800000000e+10 2.185800000000000728e+04
1.710277690400000000e+10 2.935300000000000000e+04
1.722174890400000000e+10 2.915400000000000000e+04
1.724244909600000000e+10 2.108400000000000000e+04
1.737296015200000000e+10 2.435200000000000000e+04
1.749806792800000000e+10 2.599200000000000000e+04
1.782968140000000000e+10 4.078600000000000000e+04
1.805712304800000000e+10 3.969500000000000000e+04
1.805720428000000000e+10 1.317300000000000728e+04
1.819139290400000000e+10 2.973000000000000000e+04
1.819155684000000000e+10 2.174100000000000728e+04
1.832994220000000000e+10 2.615000000000000728e+04
1.857536684000000000e+10 3.485500000000000000e+04
1.890211016800000000e+10 4.285100000000000000e+04
1.903928738400000000e+10 3.855400000000000000e+04
1.919907900000000000e+10 3.623900000000000728e+04
1.928964732000000000e+10 3.170000000000000000e+04
1.939623596000000000e+10 2.967700000000000728e+04
1.952879647200000000e+10 3.085400000000000000e+04
1.957942578400000000e+10 2.583200000000000728e+04
1.959900880800000000e+10 1.863700000000000728e+04
1.985547924000000000e+10 3.131300000000000000e+04
1.985557932000000000e+10 7.825000000000007276e+03
2.011491762400000000e+10 3.481500000000000728e+04
2.013950037600000000e+10 2.543900000000000000e+04
2.019281973600000000e+10 2.304100000000000000e+04
2.030148848800000000e+10 2.240400000000000000e+04
2.031243453600000000e+10 1.791999999999999636e+04
2.045096088800000000e+10 2.293400000000000000e+04
2.054858948000000000e+10 2.196000000000000000e+04
2.077703327200000000e+10 3.066800000000000728e+04
2.089504359200000000e+10 2.853600000000000000e+04
2.107477535200000000e+10 3.203200000000000000e+04
2.120280648800000000e+10 2.934300000000000728e+04
2.144185204000000000e+10 3.843100000000000000e+04
2.144190160800000000e+10 1.885000000000007276e+03
2.147533346400000000e+10 2.717900000000000000e+04
2.153941624800000000e+10 2.245600000000000000e+04
2.157492632800000000e+10 2.000900000000000000e+04
2.170859540000000000e+10 2.290500000000000000e+04
2.172266716000000000e+10 1.799100000000000000e+04
2.181805653600000000e+10 1.964000000000000000e+04
2.187342050400000000e+10 1.774699999999999636e+04
2.192296079200000000e+10 1.612200000000000364e+04
2.215437032800000000e+10 2.454500000000000000e+04
2.223533021600000000e+10 2.367999999999999272e+04
2.234872288800000000e+10 2.456700000000000000e+04
2.235392776800000000e+10 1.716100000000000000e+04
2.244055330400000000e+10 1.961200000000000000e+04
2.264532357600000000e+10 2.736900000000000000e+04
2.282969090400000000e+10 2.959600000000000000e+04
2.304935996000000000e+10 3.574300000000000728e+04
2.310151085600000000e+10 2.680799999999999272e+04
2.313015376800000000e+10 2.152800000000000000e+04
2.332071740000000000e+10 2.893799999999999272e+04
2.364207263200000000e+10 3.755900000000000000e+04
2.374222068000000000e+10 3.355199999999999272e+04
2.382416560800000000e+10 2.904300000000000000e+04
2.398284157600000000e+10 2.936700000000000000e+04
2.408726517600000000e+10 2.815400000000000728e+04
2.434419661600000000e+10 3.866300000000000000e+04
2.434427317600000000e+10 1.079600000000000000e+04
2.436056780000000000e+10 2.094900000000000000e+04
2.481848156000000000e+10 4.814100000000000000e+04
2.494206300000000000e+10 3.695300000000000000e+04
2.498113188000000000e+10 2.585000000000000000e+04
2.517754204000000000e+10 3.378800000000000728e+04
2.532410316000000000e+10 3.282000000000000000e+04
2.538821884000000000e+10 2.653900000000000000e+04
2.576591904800000000e+10 4.038200000000000000e+04
2.585864101600000000e+10 3.507400000000000728e+04
2.633334524000000000e+10 5.417600000000000000e+04
2.633808172000000000e+10 2.859200000000000000e+04
2.653027418400000000e+10 3.636499999999999272e+04
2.653034092000000000e+10 9.123000000000007276e+03
2.654462735200000000e+10 2.377000000000000000e+04
2.672391988000000000e+10 2.948100000000000728e+04
2.674364213600000000e+10 2.305499999999999272e+04
2.690656940000000000e+10 2.629200000000000000e+04
2.700933176800000000e+10 2.621600000000000000e+04
2.725300181600000000e+10 3.361399999999999272e+04
2.725310124000000000e+10 1.230699999999999636e+04
2.725991180000000000e+10 1.843100000000000000e+04
2.745078272800000000e+10 2.638499999999999272e+04
2.745128847200000000e+10 1.865500000000000000e+04
2.749176700000000000e+10 1.760100000000000728e+04
2.753256866400000000e+10 1.638699999999999636e+04
2.775138836000000000e+10 2.624900000000000000e+04
2.786047381600000000e+10 2.564400000000000000e+04
2.805610148000000000e+10 3.097400000000000000e+04
2.823414189600000000e+10 3.162500000000000000e+04
2.824229132000000000e+10 2.321600000000000000e+04
2.848984287200000000e+10 3.247900000000000000e+04
2.867065640800000000e+10 3.508700000000000000e+04
2.905622189600000000e+10 4.597800000000000000e+04
2.905628044000000000e+10 8.676999999999992724e+03
2.920831522400000000e+10 3.508700000000000000e+04
2.945711002400000000e+10 4.131400000000000000e+04
2.950247263200000000e+10 3.077499999999999272e+04
2.955237956000000000e+10 2.591200000000000000e+04
2.969801488800000000e+10 2.846000000000000000e+04
2.972947052000000000e+10 2.226500000000000000e+04
2.999732208800000000e+10 3.287200000000000000e+04
3.006699039200000000e+10 2.729800000000000000e+04
3.006768775200000000e+10 1.858800000000000000e+04
3.006790242400000000e+10 1.459800000000000364e+04
3.028324258400000000e+10 2.432000000000000000e+04
3.045277594400000000e+10 2.840600000000000000e+04
3.079505720800000000e+10 3.988000000000000000e+04
3.082314528800000000e+10 2.824700000000000000e+04
3.088000325600000000e+10 2.519300000000000000e+04
3.088047962400000000e+10 1.786200000000000728e+04
3.092228613600000000e+10 1.755300000000000000e+04
3.117214196000000000e+10 2.902199999999999272e+04
3.153149567200000000e+10 4.053100000000000000e+04
3.153159660000000000e+10 1.859500000000000000e+04
3.153166484000000000e+10 3.872000000000000000e+03
3.153177580000000000e+10 5.930000000000007276e+03
3.153178042400000000e+10 3.880999999999992724e+03
3.153188319200000000e+10 7.394000000000003638e+03
3.156603124000000000e+10 1.740499999999999272e+04
3.164794389600000000e+10 1.949000000000000000e+04
3.164802151200000000e+10 5.478000000000007276e+03
3.176936575200000000e+10 1.988400000000000000e+04
3.199506880800000000e+10 2.789300000000000000e+04
3.199795892000000000e+10 1.976100000000000000e+04
3.203335192800000000e+10 1.772900000000000000e+04
3.205574192800000000e+10 1.459600000000000000e+04
3.237502989600000000e+10 3.152000000000000000e+04
3.242291597600000000e+10 2.329000000000000000e+04
3.243966061600000000e+10 1.866600000000000000e+04
3.248573668000000000e+10 1.712900000000000000e+04
3.260574296800000000e+10 2.048100000000000000e+04
3.263208581600000000e+10 1.687099999999999636e+04
3.304821508000000000e+10 3.755700000000000000e+04
3.319202160800000000e+10 3.874400000000000000e+04
3.344713160800000000e+10 4.319900000000000000e+04
3.371196823200000000e+10 4.141500000000000000e+04
3.374854994400000000e+10 2.889599999999999272e+04
3.378988589600000000e+10 2.400000000000000000e+04
3.391080279200000000e+10 2.472000000000000728e+04
3.392999074400000000e+10 2.025100000000000000e+04
3.395121119200000000e+10 1.587099999999999272e+04
3.403281768800000000e+10 1.718300000000000728e+04
3.406460996000000000e+10 1.525100000000000728e+04
3.416657560800000000e+10 1.732500000000000364e+04
3.447276725600000000e+10 3.237900000000000000e+04
3.468567210400000000e+10 3.488700000000000000e+04
3.472598079200000000e+10 2.576100000000000000e+04
3.475070306400000000e+10 1.991699999999999272e+04
3.477221120800000000e+10 1.709500000000000364e+04
3.491527976800000000e+10 2.216900000000000000e+04
3.503815288800000000e+10 2.400300000000000000e+04
3.503834005600000000e+10 1.650599999999999636e+04
3.549490407200000000e+10 3.983100000000000000e+04
3.550386936800000000e+10 2.590500000000000000e+04
3.552872700000000000e+10 2.179300000000000000e+04
3.555908693600000000e+10 1.959100000000000000e+04
3.566771445600000000e+10 2.088900000000000000e+04
3.568998208800000000e+10 1.767500000000000364e+04
3.587447002400000000e+10 2.518500000000000000e+04
3.614142792800000000e+10 3.537400000000000728e+04
3.614158677600000000e+10 1.994700000000000000e+04
3.635411464800000000e+10 3.215900000000000000e+04
3.638307125600000000e+10 2.416500000000000000e+04
3.646765231200000000e+10 2.247400000000000000e+04
3.647862096800000000e+10 1.697300000000000000e+04
3.652874871200000000e+10 1.691900000000000728e+04
3.671116690400000000e+10 2.441100000000000000e+04
3.677627956000000000e+10 2.119000000000000728e+04
3.681814450400000000e+10 1.870299999999999272e+04
3.681829184800000000e+10 1.129400000000000000e+04
3.685109580000000000e+10 1.364000000000000000e+04
3.687160250400000000e+10 1.193199999999999636e+04
3.694513120800000000e+10 1.418800000000000000e+04
3.705134940000000000e+10 1.631499999999999636e+04
3.705148333600000000e+10 1.035399999999999636e+04
3.711657386400000000e+10 1.461799999999999636e+04
3.727095196000000000e+10 1.898100000000000000e+04
3.733360148000000000e+10 1.849600000000000000e+04
3.741947122400000000e+10 1.934400000000000000e+04
3.748853581600000000e+10 1.848900000000000000e+04
3.760135420000000000e+10 2.092200000000000000e+04
3.762167560800000000e+10 1.638899999999999272e+04
3.808286717600000000e+10 3.887900000000000000e+04
3.826775343200000000e+10 3.677500000000000000e+04
3.830194026400000000e+10 2.602900000000000000e+04
3.835237055200000000e+10 2.232100000000000000e+04
3.844692997600000000e+10 2.320800000000000000e+04
3.853983762400000000e+10 2.301399999999999272e+04
3.856237533600000000e+10 1.924000000000000000e+04
3.864876314400000000e+10 1.944000000000000000e+04
3.869965578400000000e+10 1.792100000000000000e+04
3.880698674400000000e+10 1.993200000000000000e+04
3.880706124000000000e+10 5.409000000000003638e+03
3.901526373600000000e+10 2.514900000000000000e+04
3.919456463200000000e+10 2.765800000000000000e+04
3.932653621600000000e+10 2.942000000000000000e+04
3.932661175200000000e+10 9.177000000000007276e+03
3.932673237600000000e+10 8.380000000000003638e+03
3.935958578400000000e+10 1.748200000000000000e+04
3.940058391200000000e+10 1.628799999999999636e+04
3.959204173600000000e+10 2.291400000000000000e+04
3.962626343200000000e+10 1.967500000000000728e+04
3.988653685600000000e+10 2.918299999999999272e+04
4.038151229600000000e+10 5.120000000000000000e+04
4.054285792800000000e+10 4.150300000000000000e+04
4.054735452000000000e+10 2.694300000000000000e+04
4.068979767200000000e+10 3.072000000000000000e+04
4.068986768800000000e+10 8.049999999999996362e+03
4.082452458400000000e+10 2.676399999999999272e+04
4.089625348000000000e+10 2.591799999999999272e+04
4.090754863200000000e+10 1.893100000000000000e+04
4.105421375200000000e+10 2.399500000000000000e+04
4.132508578400000000e+10 3.423000000000000000e+04
4.132524021600000000e+10 1.343699999999999636e+04
4.132543301600000000e+10 1.376400000000000000e+04
4.132692388000000000e+10 1.323200000000000000e+04
4.139347764000000000e+10 1.660000000000000728e+04
4.160001538400000000e+10 2.459300000000000000e+04
4.213144431200000000e+10 5.166500000000000000e+04
4.230437207200000000e+10 4.317300000000000000e+04
4.236864020000000000e+10 3.058899999999999272e+04
4.245190060000000000e+10 2.751200000000000000e+04
4.251232933600000000e+10 2.344800000000000000e+04
4.254680020000000000e+10 1.927400000000000728e+04
4.260399348000000000e+10 1.824100000000000000e+04
4.274370468000000000e+10 2.256400000000000000e+04
4.298910639200000000e+10 3.049600000000000728e+04
4.319970066400000000e+10 3.463800000000000000e+04
4.361802740000000000e+10 5.332300000000000000e+04
4.361808658400000000e+10 9.004000000000000000e+03
4.375152152800000000e+10 3.875700000000000000e+04
4.375961636000000000e+10 2.416900000000000000e+04
4.384279082400000000e+10 2.511100000000000000e+04
4.405591727200000000e+10 3.096500000000000000e+04
4.406456760800000000e+10 2.188900000000000000e+04
4.415990520800000000e+10 2.298500000000000000e+04
4.492276576800000000e+10 5.639200000000000000e+04
4.509049730400000000e+10 4.600500000000000000e+04
4.520639919200000000e+10 3.574900000000000728e+04
4.520655663200000000e+10 2.268800000000000000e+04
4.551724522400000000e+10 3.944800000000000000e+04
4.590062420000000000e+10 5.087700000000000000e+04
4.613457773600000000e+10 4.736700000000000000e+04
4.626116898400000000e+10 4.000500000000000000e+04
4.626963092000000000e+10 2.531900000000000000e+04
4.630255488800000000e+10 2.145500000000000000e+04
4.655570250400000000e+10 3.139900000000000000e+04
4.663112098400000000e+10 2.735400000000000000e+04
4.663129692000000000e+10 1.784400000000000364e+04
4.663788821600000000e+10 1.562499999999999272e+04
4.664785296800000000e+10 1.301199999999999272e+04
4.686695128800000000e+10 2.408400000000000000e+04
4.726296600800000000e+10 3.806000000000000000e+04
4.741962092000000000e+10 3.730100000000000000e+04
4.768418968800000000e+10 4.010500000000000000e+04
4.768424860000000000e+10 7.788999999999992724e+03
4.769159943200000000e+10 2.537400000000000000e+04
4.771376012000000000e+10 2.054400000000000000e+04
4.783560573600000000e+10 2.312600000000000000e+04
4.786886509600000000e+10 1.951200000000000000e+04
4.796595479200000000e+10 2.063200000000000000e+04
4.814474296800000000e+10 2.664100000000000000e+04
4.822991100000000000e+10 2.473000000000000000e+04
4.824482128800000000e+10 1.854400000000000000e+04
4.842362919200000000e+10 2.433800000000000000e+04
4.842773045600000000e+10 1.805599999999999636e+04
4.879841589600000000e+10 3.473800000000000000e+04
4.890056157600000000e+10 3.188800000000000000e+04
4.907615909600000000e+10 3.190600000000000000e+04
4.925925354400000000e+10 3.323999999999999272e+04
4.936531664800000000e+10 3.068000000000000000e+04
4.946773775200000000e+10 2.704900000000000000e+04
4.949013402400000000e+10 2.281000000000000000e+04
4.958317575200000000e+10 2.248100000000000000e+04
4.969304567200000000e+10 2.391400000000000000e+04
4.974221660000000000e+10 2.007300000000000000e+04
4.975455133600000000e+10 1.623299999999999272e+04
4.988612783200000000e+10 2.070600000000000000e+04
5.002097320800000000e+10 2.273499999999999272e+04
5.014525575200000000e+10 2.393600000000000000e+04
5.025888412000000000e+10 2.496800000000000000e+04
5.029770690400000000e+10 2.046800000000000000e+04
5.033472514400000000e+10 1.844899999999999272e+04
5.034223866400000000e+10 1.397199999999999272e+04
5.046632597600000000e+10 1.888000000000000000e+04
5.077333464800000000e+10 2.950900000000000000e+04
5.078996804000000000e+10 2.378500000000000728e+04
5.114073424800000000e+10 4.144400000000000000e+04
5.127077469600000000e+10 3.570000000000000000e+04
5.146693034400000000e+10 3.551800000000000728e+04
5.165221175200000000e+10 3.558900000000000000e+04
5.185026591200000000e+10 3.886400000000000000e+04
5.193104773600000000e+10 2.960099999999999272e+04
5.199431572000000000e+10 2.718300000000000000e+04
5.200731930400000000e+10 1.937400000000000000e+04
5.200752512800000000e+10 1.456599999999999636e+04
5.203049108000000000e+10 1.384000000000000000e+04
5.210585919200000000e+10 1.611300000000000000e+04
5.224662184800000000e+10 1.994400000000000000e+04
5.234651301600000000e+10 2.152400000000000000e+04
5.264215439200000000e+10 3.266200000000000000e+04
5.274199860000000000e+10 2.926700000000000000e+04
5.274205125600000000e+10 2.010000000000007276e+03
5.291535260000000000e+10 2.961300000000000728e+04
5.300512871200000000e+10 2.625000000000000000e+04
5.313442431200000000e+10 2.668300000000000000e+04
5.321518778400000000e+10 2.472400000000000000e+04
5.321721356000000000e+10 1.756100000000000728e+04
5.369651469600000000e+10 4.033900000000000000e+04
5.372288829600000000e+10 2.752100000000000000e+04
5.372295885600000000e+10 7.624000000000007276e+03
5.373427805600000000e+10 1.856200000000000000e+04
5.398052093600000000e+10 3.079000000000000000e+04
5.399350823200000000e+10 2.152100000000000000e+04
5.408493610400000000e+10 2.170400000000000000e+04
5.412843416800000000e+10 1.940100000000000000e+04
5.412849823200000000e+10 3.111999999999996362e+03
5.421387984800000000e+10 1.908200000000000000e+04
5.469897384800000000e+10 3.919700000000000000e+04
5.469914156000000000e+10 2.702599999999999272e+04
5.480322808800000000e+10 2.772200000000000000e+04
5.520505479200000000e+10 4.562500000000000000e+04
5.526291240800000000e+10 3.263200000000000000e+04
5.526303042400000000e+10 1.646100000000000000e+04
5.528264997600000000e+10 2.016099999999999272e+04
5.543922085600000000e+10 2.472700000000000000e+04
5.566742047200000000e+10 3.225000000000000000e+04
5.566747266400000000e+10 2.370000000000007276e+03
5.577350917600000000e+10 2.664000000000000000e+04
5.580045780000000000e+10 2.193900000000000000e+04
5.598142575200000000e+10 2.756700000000000000e+04
5.598164952800000000e+10 2.068800000000000000e+04
5.598892100000000000e+10 1.490200000000000364e+04
5.610452557600000000e+10 1.920000000000000000e+04
5.610472056800000000e+10 1.454899999999999272e+04
5.634145701600000000e+10 2.664700000000000000e+04
5.634319212000000000e+10 1.720700000000000000e+04
5.654665052000000000e+10 2.516800000000000728e+04
5.663908533600000000e+10 2.528300000000000000e+04
5.663919815200000000e+10 1.232800000000000364e+04
5.673089244000000000e+10 2.088500000000000000e+04
5.695461173600000000e+10 2.872300000000000000e+04
5.761278829600000000e+10 5.956900000000000000e+04
5.762646588000000000e+10 3.538199999999999272e+04
5.774096052000000000e+10 3.332000000000000000e+04
5.815581973600000000e+10 5.023200000000000000e+04
5.823952850400000000e+10 3.780700000000000000e+04
5.831672413600000000e+10 2.972400000000000000e+04
5.845522037600000000e+10 3.102500000000000000e+04
5.845540232800000000e+10 2.327299999999999272e+04
5.849685908000000000e+10 1.976100000000000000e+04
5.849696500000000000e+10 9.851000000000003638e+03
5.854810300000000000e+10 1.652199999999999636e+04
5.857020311200000000e+10 1.424000000000000364e+04
5.865680876000000000e+10 1.584300000000000000e+04
5.895327444000000000e+10 2.850100000000000000e+04
5.914175213600000000e+10 3.140400000000000000e+04
5.914181064800000000e+10 5.518000000000007276e+03
5.950705503200000000e+10 4.010500000000000000e+04
5.956346799200000000e+10 3.311800000000000000e+04
5.957830623200000000e+10 2.274600000000000000e+04
5.975594277600000000e+10 2.820000000000000000e+04
5.990468008800000000e+10 2.838300000000000000e+04
5.993162164000000000e+10 2.352000000000000000e+04
6.002207458400000000e+10 2.368100000000000000e+04
6.024274831200000000e+10 2.926000000000000000e+04
6.034243565600000000e+10 2.769400000000000728e+04
6.079501676000000000e+10 4.843400000000000000e+04
6.082380338400000000e+10 3.066500000000000000e+04
6.122011711200000000e+10 4.907300000000000000e+04
6.127802428000000000e+10 3.493300000000000000e+04
6.138066589600000000e+10 3.152900000000000000e+04
6.153453410400000000e+10 3.121499999999999272e+04
6.160885191200000000e+10 2.896000000000000000e+04
6.162524498400000000e+10 2.096000000000000000e+04
6.194785316000000000e+10 3.430999999999999272e+04
6.201265551200000000e+10 2.856700000000000728e+04
6.221223183200000000e+10 3.212400000000000000e+04
6.235944736800000000e+10 3.332500000000000000e+04
6.237205956000000000e+10 2.306600000000000000e+04
6.244827312800000000e+10 2.294400000000000000e+04
6.274990304800000000e+10 3.508700000000000000e+04
6.280037386400000000e+10 2.661700000000000728e+04
6.280537708000000000e+10 1.956700000000000000e+04
6.286385165600000000e+10 1.957700000000000000e+04
6.347170220000000000e+10 5.829400000000000000e+04
6.347175528800000000e+10 7.335000000000007276e+03
6.347181791200000000e+10 2.228000000000007276e+03
6.364961524000000000e+10 3.495200000000000000e+04
6.364975711200000000e+10 2.163400000000000000e+04
6.384240981600000000e+10 3.672800000000000000e+04
6.403689629600000000e+10 3.331800000000000000e+04
6.403699783200000000e+10 1.558999999999999272e+04
6.408162676000000000e+10 2.396200000000000000e+04
6.439742124000000000e+10 3.622399999999999272e+04
6.439752132000000000e+10 1.262199999999999272e+04
6.439921477600000000e+10 1.835000000000000728e+04
6.444783583200000000e+10 1.919199999999999272e+04
6.446460228000000000e+10 1.581400000000000728e+04
6.451651213600000000e+10 1.615600000000000000e+04
6.456738863200000000e+10 1.541200000000000364e+04
6.510292487200000000e+10 4.033800000000000000e+04
6.511182183200000000e+10 2.857000000000000000e+04
6.512988695200000000e+10 2.200800000000000000e+04
6.534104218400000000e+10 3.052100000000000000e+04
6.569949308000000000e+10 4.190300000000000000e+04
6.599650111200000000e+10 4.791800000000000000e+04
6.600594117600000000e+10 3.015800000000000728e+04
6.603826548000000000e+10 2.400800000000000000e+04
6.624554504800000000e+10 2.984900000000000728e+04
6.627936546400000000e+10 2.492000000000000000e+04
6.657640530400000000e+10 3.635400000000000000e+04
6.681094060000000000e+10 4.125200000000000000e+04
6.696086407200000000e+10 3.707200000000000000e+04
6.701747496800000000e+10 2.790000000000000728e+04
6.703000068000000000e+10 2.126000000000000000e+04
6.707141792800000000e+10 1.976900000000000000e+04
6.724445752800000000e+10 2.480400000000000000e+04
6.751500530400000000e+10 3.463600000000000728e+04
6.789538525600000000e+10 4.569800000000000000e+04
6.789543359200000000e+10 3.516999999999996362e+03
6.863576512800000000e+10 7.351399999999998545e+04
6.863582544800000000e+10 1.381199999999999272e+04
6.863590162400000000e+10 9.127999999999996362e+03
6.863605788000000000e+10 1.540599999999999636e+04
6.866091775200000000e+10 2.273800000000000000e+04
6.870675578400000000e+10 2.118600000000000000e+04
6.898564656800000000e+10 3.279200000000000000e+04
6.899708757600000000e+10 2.484600000000000000e+04
6.909791570400000000e+10 2.464000000000000000e+04
6.939406980000000000e+10 3.406799999999999272e+04
6.967914156000000000e+10 3.918400000000000000e+04
6.967922472800000000e+10 1.582300000000000364e+04
6.968290492000000000e+10 2.281800000000000000e+04
6.979168018400000000e+10 2.497200000000000000e+04
6.982120304800000000e+10 2.136100000000000000e+04
6.995043788000000000e+10 2.316700000000000000e+04
6.995058247200000000e+10 1.371600000000000364e+04
7.002977596000000000e+10 2.002700000000000000e+04
7.016842516000000000e+10 2.282900000000000000e+04
7.026287674400000000e+10 2.187500000000000000e+04
7.071868892000000000e+10 4.081200000000000000e+04
7.106980060000000000e+10 4.714400000000000000e+04
7.123657351200000000e+10 4.379300000000000000e+04
7.123663749600000000e+10 9.768999999999992724e+03
7.159230992800000000e+10 4.421800000000000000e+04
7.177886645600000000e+10 4.112100000000000000e+04
7.200132796000000000e+10 4.153000000000000000e+04
7.217757492000000000e+10 4.316700000000000000e+04
7.229935399200000000e+10 3.400600000000000000e+04
7.242139269600000000e+10 3.154300000000000000e+04
7.242920754400000000e+10 2.186500000000000000e+04
7.244638440800000000e+10 1.813800000000000000e+04
7.267089975200000000e+10 2.856100000000000000e+04
7.268584000800000000e+10 2.158900000000000000e+04
7.273048447200000000e+10 1.993300000000000000e+04
7.276020261600000000e+10 1.647099999999999272e+04
7.278325306400000000e+10 1.422500000000000364e+04
7.299647504800000000e+10 2.235700000000000000e+04
7.315959191200000000e+10 2.636100000000000000e+04
7.315971815200000000e+10 1.497500000000000728e+04
7.322113368800000000e+10 1.960300000000000000e+04
7.337638143200000000e+10 2.301600000000000000e+04
7.350796476000000000e+10 2.473700000000000000e+04
7.363945922400000000e+10 2.736500000000000000e+04
7.373074000800000000e+10 2.616000000000000000e+04
7.373082736800000000e+10 9.297999999999996362e+03
7.389443581600000000e+10 2.551900000000000000e+04
7.391727477600000000e+10 1.964100000000000000e+04
7.391744970400000000e+10 1.766100000000000000e+04
7.396767053600000000e+10 1.561499999999999272e+04
7.397516228000000000e+10 1.267799999999999272e+04
7.407757592800000000e+10 1.582399999999999636e+04
7.437135434400000000e+10 2.733500000000000000e+04
7.440544856800000000e+10 2.227000000000000000e+04
7.463768311200000000e+10 2.899000000000000000e+04
7.475980330400000000e+10 3.069600000000000000e+04
7.488002509600000000e+10 2.777600000000000000e+04
7.488012800800000000e+10 1.006399999999999272e+04
7.489868252000000000e+10 1.862499999999999272e+04
7.517235682400000000e+10 3.104099999999999272e+04
7.537561343200000000e+10 3.302399999999999272e+04
7.554038904800000000e+10 3.384800000000000000e+04
7.559839031200000000e+10 2.734800000000000000e+04
7.567835671200000000e+10 2.583200000000000000e+04
7.574328895200000000e+10 2.289700000000000000e+04
7.605082912800000000e+10 3.812200000000000000e+04
7.605738292000000000e+10 2.368900000000000000e+04
7.607079933600000000e+10 1.884800000000000000e+04
7.611001834400000000e+10 1.762499999999999636e+04
7.618962904800000000e+10 1.881200000000000000e+04
7.627758927200000000e+10 2.107299999999999272e+04
7.634715058400000000e+10 1.808099999999999636e+04
7.644960768800000000e+10 2.042500000000000000e+04
7.652988236000000000e+10 1.952900000000000000e+04
7.676553512800000000e+10 2.848300000000000000e+04
7.679251346400000000e+10 2.112200000000000000e+04
7.679974935200000000e+10 1.572399999999999636e+04
7.680672412000000000e+10 1.334399999999999636e+04
7.684614711200000000e+10 1.356499999999999272e+04
7.688305144800000000e+10 1.298499999999999636e+04
7.690544032800000000e+10 1.173699999999999636e+04
7.690553618400000000e+10 4.267000000000003638e+03
7.712681252000000000e+10 1.978400000000000000e+04
7.718828074400000000e+10 1.829399999999999272e+04
7.741285709600000000e+10 2.638500000000000000e+04
7.741296679200000000e+10 1.255600000000000728e+04
7.750489484000000000e+10 2.176300000000000000e+04
7.767774684000000000e+10 2.664300000000000000e+04
7.784924018400000000e+10 3.007899999999999272e+04
7.784933420000000000e+10 1.319199999999999636e+04
7.787112368800000000e+10 1.852000000000000000e+04
7.788910820000000000e+10 1.564000000000000728e+04
7.788919751200000000e+10 5.587999999999992724e+03
7.791974120800000000e+10 1.301600000000000000e+04
7.800057127200000000e+10 1.520700000000000000e+04
7.812468415200000000e+10 1.870400000000000000e+04
7.846468616800000000e+10 3.294200000000000000e+04
7.855997976800000000e+10 2.895500000000000000e+04
7.856005066400000000e+10 7.781000000000000000e+03
7.875668996000000000e+10 3.074100000000000728e+04
7.875674876000000000e+10 5.349000000000007276e+03
7.906566064800000000e+10 3.707800000000000000e+04
7.906575429600000000e+10 1.564600000000000364e+04
7.922665431200000000e+10 3.500700000000000000e+04
7.929015076000000000e+10 2.490199999999999272e+04
7.936949852000000000e+10 2.343600000000000000e+04
7.940946791200000000e+10 2.156000000000000000e+04
7.940961749600000000e+10 1.303300000000000728e+04
7.951611647200000000e+10 1.954700000000000000e+04
7.955473354400000000e+10 1.717599999999999272e+04
7.972719261600000000e+10 2.214800000000000000e+04
7.972734300000000000e+10 1.223799999999999272e+04
8.012443596000000000e+10 3.623699999999999272e+04
8.043357255200000000e+10 4.222400000000000000e+04
8.064294008800000000e+10 3.963200000000000000e+04
8.086130234400000000e+10 4.420700000000000000e+04
8.087175439200000000e+10 2.962100000000000000e+04
8.090796840800000000e+10 2.379500000000000000e+04
8.104297197600000000e+10 2.518299999999999272e+04
8.119685797600000000e+10 2.833900000000000000e+04
8.121157664800000000e+10 2.028500000000000000e+04
8.130247586400000000e+10 2.236200000000000000e+04
8.151018732000000000e+10 2.854600000000000000e+04
8.151192927200000000e+10 1.940600000000000000e+04
8.151210117600000000e+10 1.336700000000000728e+04
8.158672799200000000e+10 1.810600000000000000e+04
8.166396040800000000e+10 1.783999999999999636e+04
8.178576095200000000e+10 2.071600000000000000e+04
8.178588119200000000e+10 1.775000000000000000e+03
8.206869722400000000e+10 2.870300000000000000e+04
8.210527429600000000e+10 2.408400000000000000e+04
8.223805533600000000e+10 2.632100000000000000e+04
8.234997388000000000e+10 2.562000000000000000e+04
8.248172239200000000e+10 2.575399999999999272e+04
8.250843130400000000e+10 2.172900000000000000e+04
8.254703698400000000e+10 1.845599999999999272e+04
8.274427160800000000e+10 2.489600000000000000e+04
8.278082229600000000e+10 2.131300000000000000e+04
8.314092911200000000e+10 3.692500000000000000e+04
8.347305389600000000e+10 4.631200000000000000e+04
8.347310204000000000e+10 1.607000000000007276e+03
8.357025228000000000e+10 3.417200000000000000e+04
8.371689359200000000e+10 3.167300000000000728e+04
8.371978765600000000e+10 2.354900000000000000e+04
8.377691512800000000e+10 2.208600000000000728e+04
8.388407938400000000e+10 2.262400000000000000e+04
8.394764010400000000e+10 2.215300000000000000e+04
8.435336468000000000e+10 3.850500000000000000e+04
8.435347800800000000e+10 1.261999999999999272e+04
8.460087501600000000e+10 3.542600000000000000e+04
8.472033376800000000e+10 3.299200000000000728e+04
8.482153533600000000e+10 3.210600000000000000e+04
8.484673989600000000e+10 2.385600000000000000e+04
8.496104156000000000e+10 2.493000000000000000e+04
8.512518826400000000e+10 2.751800000000000728e+04
8.513938586400000000e+10 2.203000000000000000e+04
8.535378308000000000e+10 2.879900000000000000e+04
8.537056764000000000e+10 2.168500000000000000e+04
8.554128882400000000e+10 2.633700000000000000e+04
8.561798244000000000e+10 2.355200000000000000e+04
8.574655624800000000e+10 2.595199999999999272e+04
8.583583599200000000e+10 2.344100000000000000e+04
8.587608018400000000e+10 2.007200000000000000e+04
8.657685824800000000e+10 5.473500000000000000e+04
8.657692247200000000e+10 1.294000000000000364e+04
8.686899261600000000e+10 5.176400000000000000e+04
8.691727418400000000e+10 3.344600000000000000e+04
8.693421122400000000e+10 2.560100000000000000e+04
8.710222706400000000e+10 2.984600000000000000e+04
8.711230924000000000e+10 2.089900000000000000e+04
8.735548864800000000e+10 3.198600000000000728e+04
8.738306845600000000e+10 2.403000000000000000e+04
8.766410125600000000e+10 3.480600000000000728e+04
8.781476743200000000e+10 3.335400000000000000e+04
8.798203740000000000e+10 3.265100000000000000e+04
8.798218186400000000e+10 1.989899999999999272e+04
8.802201999200000000e+10 2.084300000000000000e+04
8.810044320800000000e+10 2.055600000000000000e+04
8.814769588000000000e+10 1.927900000000000000e+04
8.820084725600000000e+10 1.830499999999999272e+04
8.837819263200000000e+10 2.378600000000000000e+04
8.842303924000000000e+10 1.976000000000000000e+04
8.865310704800000000e+10 2.921500000000000000e+04
8.865318708000000000e+10 9.507000000000000000e+03
8.866285346400000000e+10 1.720299999999999636e+04
8.868413839200000000e+10 1.511400000000000364e+04
8.868423888800000000e+10 6.632999999999992724e+03
8.888994596000000000e+10 2.249300000000000000e+04
8.900225644000000000e+10 2.406700000000000000e+04
8.902657612000000000e+10 1.874499999999999272e+04
8.905660223200000000e+10 1.637199999999999272e+04
8.949004472800000000e+10 3.775900000000000000e+04
8.960042383200000000e+10 3.243300000000000000e+04
8.978067040800000000e+10 3.255900000000000728e+04
8.982986029600000000e+10 2.743800000000000000e+04
8.999735522400000000e+10 2.967600000000000000e+04
