# Timestamps in ns,Energies
2.435098800000000000e+08 4.799500000000000000e+04
2.435634320000000000e+08 7.525000000000003638e+03
5.254622480000000000e+08 4.965100000000000000e+04
8.329603600000000000e+08 5.111900000000000000e+04
8.330780400000000000e+08 1.067999999999999272e+04
1.149340568000000000e+09 5.317500000000000000e+04
1.245230792000000000e+09 3.360500000000000000e+04
1.389920040000000000e+09 3.199000000000000000e+04
1.932972536000000000e+09 5.269800000000000000e+04
1.951131464000000000e+09 3.591100000000000000e+04
2.271101752000000000e+09 4.255700000000000000e+04
2.597112792000000000e+09 4.661600000000000000e+04
2.597190744000000000e+09 1.890700000000000000e+04
2.635391480000000000e+09 3.012400000000000000e+04
2.727891816000000000e+09 2.733900000000000728e+04
2.981097288000000000e+09 3.528400000000000000e+04
3.160589960000000000e+09 3.887900000000000000e+04
3.160682952000000000e+09 1.450800000000000364e+04
3.160793080000000000e+09 1.022200000000000728e+04
3.231448584000000000e+09 2.199900000000000000e+04
3.338407144000000000e+09 2.436400000000000000e+04
3.345307048000000000e+09 1.705700000000000000e+04
3.591468472000000000e+09 2.753499999999999272e+04
3.772805736000000000e+09 3.218300000000000000e+04
4.053391720000000000e+09 3.979000000000000000e+04
4.110880024000000000e+09 3.248900000000000000e+04
4.331967720000000000e+09 3.485800000000000728e+04
4.687590840000000000e+09 4.603900000000000000e+04
4.834014456000000000e+09 3.936500000000000000e+04
5.494092184000000000e+09 6.406500000000000000e+04
5.633755288000000000e+09 5.109900000000000000e+04
5.672433976000000000e+09 3.376100000000000000e+04
5.691943864000000000e+09 2.601100000000000000e+04
5.903089864000000000e+09 3.193999999999999272e+04
6.106872584000000000e+09 3.550000000000000000e+04
6.542512312000000000e+09 4.754000000000000000e+04
6.916457896000000000e+09 5.458500000000000000e+04
6.916541928000000000e+09 1.798900000000000000e+04
6.999586248000000000e+09 3.391900000000000000e+04
7.185959128000000000e+09 3.512100000000000728e+04
7.186012664000000000e+09 4.030000000000000000e+03
7.319933432000000000e+09 3.169399999999999272e+04
7.529431720000000000e+09 3.531400000000000728e+04
7.897059624000000000e+09 4.380200000000000000e+04
8.356903576000000000e+09 5.425600000000000000e+04
8.356982168000000000e+09 1.935100000000000000e+04
8.605396408000000000e+09 4.338400000000000000e+04
9.522546280000000000e+09 7.712100000000000000e+04
9.669128808000000000e+09 5.600100000000000000e+04
9.669181688000000000e+09 6.947000000000007276e+03
9.824111800000000000e+09 4.038300000000000000e+04
1.032313324000000000e+10 5.326000000000000000e+04
1.045811661600000000e+10 4.516400000000000000e+04
1.056679410400000000e+10 4.071300000000000000e+04
1.066567528800000000e+10 3.223100000000000000e+04
1.074938144800000000e+10 2.956800000000000000e+04
1.076566428000000000e+10 2.048100000000000000e+04
1.100305088800000000e+10 3.160000000000000000e+04
1.113155332000000000e+10 2.860499999999999272e+04
1.124437988000000000e+10 2.749000000000000000e+04
1.134348516000000000e+10 2.730100000000000000e+04
1.141792144800000000e+10 2.549600000000000000e+04
1.163916303200000000e+10 3.001300000000000728e+04
1.163921463200000000e+10 2.200000000000007276e+03
1.242759407200000000e+10 6.514400000000000000e+04
1.243763741600000000e+10 3.743100000000000000e+04
1.284728045600000000e+10 5.458400000000000000e+04
1.284737298400000000e+10 1.810200000000000364e+04
1.286372413600000000e+10 2.609300000000000000e+04
1.286379348000000000e+10 6.767000000000003638e+03
1.331513250400000000e+10 4.830400000000000000e+04
1.356018061600000000e+10 4.400100000000000000e+04
1.356025522400000000e+10 1.305099999999999636e+04
1.366665287200000000e+10 3.065300000000000000e+04
1.366677224800000000e+10 1.608100000000000000e+04
1.441779338400000000e+10 6.818900000000000000e+04
1.463505111200000000e+10 4.819600000000000000e+04
1.463516082400000000e+10 2.271099999999999272e+04
1.493820082400000000e+10 4.590300000000000000e+04
1.504487538400000000e+10 3.543399999999999272e+04
1.507240127200000000e+10 2.769200000000000000e+04
1.507247189600000000e+10 7.297000000000007276e+03
1.534361106400000000e+10 3.599900000000000000e+04
1.543663018400000000e+10 3.063800000000000728e+04
1.553125669600000000e+10 2.783900000000000000e+04
1.563152975200000000e+10 2.564800000000000000e+04
1.609241108000000000e+10 4.930100000000000000e+04
1.636389752800000000e+10 4.898400000000000000e+04
1.648237840800000000e+10 3.640100000000000000e+04
1.691927688800000000e+10 5.085600000000000000e+04
1.691933220000000000e+10 9.307000000000000000e+03
1.709548712800000000e+10 4.217400000000000000e+04
1.715330575200000000e+10 3.370200000000000000e+04
1.747058666400000000e+10 4.198200000000000000e+04
1.766283276000000000e+10 4.001300000000000000e+04
1.777928572000000000e+10 3.555200000000000000e+04
1.797651087200000000e+10 3.960800000000000000e+04
1.802280296800000000e+10 3.153700000000000000e+04
1.810214877600000000e+10 2.767600000000000000e+04
1.877078869600000000e+10 5.596400000000000000e+04
1.952485141600000000e+10 7.521000000000000000e+04
1.952489816800000000e+10 5.813000000000007276e+03
2.020392280800000000e+10 7.199200000000000000e+04
2.020403668000000000e+10 3.237000000000000000e+04
2.027108528800000000e+10 3.831600000000000000e+04
2.027121996000000000e+10 2.276000000000000000e+04
2.032697954400000000e+10 2.392100000000000000e+04
2.036524892000000000e+10 2.119500000000000728e+04
2.052329655200000000e+10 2.802500000000000000e+04
2.085739965600000000e+10 3.766200000000000000e+04
2.086239807200000000e+10 2.616100000000000000e+04
2.146169040800000000e+10 5.232200000000000000e+04
2.146180128800000000e+10 2.588800000000000000e+04
2.151218642400000000e+10 3.200400000000000000e+04
2.151224802400000000e+10 5.571000000000003638e+03
2.152744284000000000e+10 1.939200000000000728e+04
2.163330730400000000e+10 2.336000000000000000e+04
2.203795365600000000e+10 4.143300000000000000e+04
2.203800972000000000e+10 6.245000000000000000e+03
2.235581165600000000e+10 4.295600000000000000e+04
2.256247036000000000e+10 4.091400000000000000e+04
2.259030877600000000e+10 2.992700000000000000e+04
2.267458570400000000e+10 2.797800000000000000e+04
2.290048935200000000e+10 3.312700000000000728e+04
2.296086663200000000e+10 2.688800000000000000e+04
2.305950162400000000e+10 2.627600000000000000e+04
2.310334816800000000e+10 2.235300000000000000e+04
2.340473045600000000e+10 3.240599999999999272e+04
2.389011898400000000e+10 5.236300000000000000e+04
2.409354178400000000e+10 4.274100000000000000e+04
2.436351693600000000e+10 4.660800000000000000e+04
2.470698162400000000e+10 5.231300000000000000e+04
2.479101455200000000e+10 3.898200000000000000e+04
2.487201480800000000e+10 3.200900000000000000e+04
2.490929196000000000e+10 2.639600000000000000e+04
2.508625616800000000e+10 2.992000000000000000e+04
2.590271927200000000e+10 6.668300000000000000e+04
2.590276423200000000e+10 3.185999999999992724e+03
2.595568132000000000e+10 3.846300000000000000e+04
2.629942172000000000e+10 4.818500000000000000e+04
2.636740237600000000e+10 3.496900000000000728e+04
2.636753012000000000e+10 2.030500000000000000e+04
2.636760799200000000e+10 5.570999999999996362e+03
2.639228602400000000e+10 1.976000000000000000e+04
2.698287668000000000e+10 5.325600000000000000e+04
2.704926338400000000e+10 3.443999999999999272e+04
2.727188255200000000e+10 4.030300000000000000e+04
2.733131447200000000e+10 3.118300000000000000e+04
2.749665855200000000e+10 3.370500000000000000e+04
2.767237768800000000e+10 3.428899999999999272e+04
2.779145896800000000e+10 3.521300000000000000e+04
2.786984669600000000e+10 2.640200000000000000e+04
2.810477167200000000e+10 3.434300000000000000e+04
2.820484464800000000e+10 2.897600000000000000e+04
2.869138527200000000e+10 4.788200000000000000e+04
2.936393621600000000e+10 6.759700000000000000e+04
2.941537287200000000e+10 4.346500000000000000e+04
2.992068661600000000e+10 6.359200000000000000e+04
2.992082397600000000e+10 1.701199999999999636e+04
2.992088194400000000e+10 2.353000000000000000e+03
3.042137437600000000e+10 5.944800000000000000e+04
3.042145751200000000e+10 1.906800000000000000e+04
3.045339952800000000e+10 2.879300000000000000e+04
3.061081591200000000e+10 3.166100000000000728e+04
3.063875506400000000e+10 2.463100000000000000e+04
3.089698140000000000e+10 3.493400000000000000e+04
3.130716647200000000e+10 4.720000000000000000e+04
3.130726810400000000e+10 1.987400000000000000e+04
3.167081008800000000e+10 4.567300000000000000e+04
3.167085938400000000e+10 4.278000000000007276e+03
3.168172549600000000e+10 2.893600000000000000e+04
3.168181496800000000e+10 1.112300000000000000e+04
3.174166948000000000e+10 2.168800000000000000e+04
3.188019060000000000e+10 2.495400000000000000e+04
3.196259973600000000e+10 2.526300000000000000e+04
3.206098468000000000e+10 2.427300000000000000e+04
3.215826367200000000e+10 2.397500000000000000e+04
3.215839826400000000e+10 1.421799999999999272e+04
3.215852311200000000e+10 7.920000000000000000e+03
3.225404997600000000e+10 1.894799999999999272e+04
3.230773696800000000e+10 1.725900000000000000e+04
3.238749496800000000e+10 1.763400000000000000e+04
3.241509496800000000e+10 1.526299999999999636e+04
3.253014410400000000e+10 1.913700000000000000e+04
3.258773879200000000e+10 1.803200000000000728e+04
3.265062242400000000e+10 1.687199999999999272e+04
3.294106240800000000e+10 2.976100000000000000e+04
3.294128479200000000e+10 2.082700000000000728e+04
3.328001024800000000e+10 3.502400000000000000e+04
3.328011535200000000e+10 8.452999999999992724e+03
3.328019852000000000e+10 5.707999999999992724e+03
3.328446946400000000e+10 1.766399999999999636e+04
3.358916660000000000e+10 3.262999999999999272e+04
3.362782690400000000e+10 2.718500000000000000e+04
3.388013266400000000e+10 3.286999999999999272e+04
3.390103866400000000e+10 2.419300000000000000e+04
3.502780426400000000e+10 8.298400000000000000e+04
3.522239970400000000e+10 5.868900000000000000e+04
3.529820680800000000e+10 3.636199999999999272e+04
3.529835440800000000e+10 2.234400000000000000e+04
3.581203192800000000e+10 5.169800000000000000e+04
3.640121317600000000e+10 6.246600000000000000e+04
3.666079864800000000e+10 6.041000000000000000e+04
3.668257204000000000e+10 3.592700000000000000e+04
3.671725615200000000e+10 2.912000000000000000e+04
3.680475968800000000e+10 2.591800000000000728e+04
3.682042692000000000e+10 2.075500000000000000e+04
3.693760020000000000e+10 2.272200000000000000e+04
3.737341640800000000e+10 4.040000000000000000e+04
3.785950005600000000e+10 5.378000000000000000e+04
3.797715696800000000e+10 4.103200000000000000e+04
3.877552128800000000e+10 6.588300000000000000e+04
3.885106202400000000e+10 4.805300000000000000e+04
3.898256629600000000e+10 3.881400000000000000e+04
3.900485652000000000e+10 2.672700000000000000e+04
3.911210602400000000e+10 2.715000000000000728e+04
3.914857711200000000e+10 2.164900000000000000e+04
4.016092303200000000e+10 7.939900000000000000e+04
4.016099760800000000e+10 1.992200000000000000e+04
4.016112655200000000e+10 1.093200000000000728e+04
4.025915687200000000e+10 3.189200000000000000e+04
4.028262855200000000e+10 2.495400000000000000e+04
4.029521024800000000e+10 1.879100000000000000e+04
4.038351348000000000e+10 2.077600000000000000e+04
4.068164260000000000e+10 3.254400000000000000e+04
4.072919581600000000e+10 2.695700000000000728e+04
4.075034264800000000e+10 2.080100000000000000e+04
4.075047988000000000e+10 1.215899999999999272e+04
4.157583672800000000e+10 5.628400000000000000e+04
4.157597639200000000e+10 2.996599999999999272e+04
4.233536242400000000e+10 6.416100000000000000e+04
4.236623698400000000e+10 4.281500000000000000e+04
4.257773412000000000e+10 4.084000000000000000e+04
4.299147152800000000e+10 5.376200000000000000e+04
4.301236256800000000e+10 3.207700000000000728e+04
4.342821143200000000e+10 5.375500000000000000e+04
4.400890335200000000e+10 6.741800000000000000e+04
4.408411112800000000e+10 4.715700000000000000e+04
4.419233464800000000e+10 3.912000000000000000e+04
4.435072951200000000e+10 3.678400000000000000e+04
4.436997066400000000e+10 2.687200000000000000e+04
4.446232869600000000e+10 2.433100000000000000e+04
4.519619092000000000e+10 6.155200000000000000e+04
4.589571796000000000e+10 6.776900000000000000e+04
4.590336144800000000e+10 4.012400000000000000e+04
4.594603464800000000e+10 3.217800000000000000e+04
4.594610420000000000e+10 8.300000000000000000e+03
4.611031975200000000e+10 3.032100000000000000e+04
4.616148364000000000e+10 2.626200000000000000e+04
4.621069490400000000e+10 2.214100000000000000e+04
4.627611893600000000e+10 2.120400000000000000e+04
4.643352615200000000e+10 2.560100000000000000e+04
4.649056959200000000e+10 2.168000000000000000e+04
4.713559876000000000e+10 5.792000000000000000e+04
4.742328685600000000e+10 4.924900000000000000e+04
4.771404560800000000e+10 5.261500000000000000e+04
4.802344407200000000e+10 4.881100000000000000e+04
4.822552044000000000e+10 4.496800000000000000e+04
4.831962397600000000e+10 3.624100000000000728e+04
4.906276258400000000e+10 6.176200000000000000e+04
4.954464735200000000e+10 6.580000000000000000e+04
4.954470661600000000e+10 1.251299999999999636e+04
4.954478594400000000e+10 1.055300000000000728e+04
4.956952912800000000e+10 2.944000000000000000e+04
4.968188426400000000e+10 3.015999999999999272e+04
4.978152492000000000e+10 2.801800000000000000e+04
4.978325588000000000e+10 1.903300000000000000e+04
4.987296405600000000e+10 2.335400000000000000e+04
5.035739255200000000e+10 4.553400000000000000e+04
5.036675460000000000e+10 2.805000000000000000e+04
5.050578260000000000e+10 3.015300000000000000e+04
5.057283746400000000e+10 2.803600000000000000e+04
5.059355437600000000e+10 2.038500000000000000e+04
5.085884948000000000e+10 3.206900000000000728e+04
5.092006517600000000e+10 2.450400000000000000e+04
5.144868343200000000e+10 5.508600000000000000e+04
5.144875706400000000e+10 1.409800000000000728e+04
5.144891880800000000e+10 1.358899999999999272e+04
5.149197605600000000e+10 2.440100000000000000e+04
5.149204460000000000e+10 5.536000000000003638e+03
5.165326954400000000e+10 2.537000000000000000e+04
5.197693076000000000e+10 3.980600000000000000e+04
5.197914005600000000e+10 2.558200000000000000e+04
5.198694760800000000e+10 1.885200000000000000e+04
5.205521093600000000e+10 1.962400000000000000e+04
5.241567042400000000e+10 3.474400000000000000e+04
5.321032186400000000e+10 6.480800000000000000e+04
5.383506919200000000e+10 8.310900000000000000e+04
5.383513784800000000e+10 1.926500000000000000e+04
5.401203664800000000e+10 4.328200000000000000e+04
5.427877271200000000e+10 4.413000000000000000e+04
5.432976648800000000e+10 3.291899999999999272e+04
5.447863333600000000e+10 3.214600000000000728e+04
5.449375775200000000e+10 2.588800000000000000e+04
5.451108914400000000e+10 1.958700000000000000e+04
5.474908151200000000e+10 3.040200000000000000e+04
5.536477740000000000e+10 5.845200000000000000e+04
5.548859888800000000e+10 4.455700000000000000e+04
5.556738746400000000e+10 3.342199999999999272e+04
5.560068108000000000e+10 2.392000000000000000e+04
5.568803136800000000e+10 2.459100000000000000e+04
5.595380375200000000e+10 3.494200000000000000e+04
5.660704028000000000e+10 5.701500000000000000e+04
5.660718357600000000e+10 2.248300000000000728e+04
5.674103588000000000e+10 4.011200000000000000e+04
5.688209508000000000e+10 3.837600000000000000e+04
5.691370234400000000e+10 2.646400000000000000e+04
5.703739621600000000e+10 2.727500000000000000e+04
5.705988061600000000e+10 2.148000000000000000e+04
5.766337660000000000e+10 5.330500000000000000e+04
5.769279984800000000e+10 3.519500000000000000e+04
5.802945538400000000e+10 4.452800000000000000e+04
5.802951968800000000e+10 1.063100000000000364e+04
5.803944005600000000e+10 2.840800000000000000e+04
5.830049503200000000e+10 3.646800000000000000e+04
5.837217240800000000e+10 2.949800000000000728e+04
5.850492312800000000e+10 2.891399999999999272e+04
5.862543576800000000e+10 2.945200000000000000e+04
5.881608408800000000e+10 3.558600000000000000e+04
5.881616285600000000e+10 1.049299999999999636e+04
5.885263213600000000e+10 2.160400000000000000e+04
5.903903130400000000e+10 2.841400000000000728e+04
5.945250738400000000e+10 4.455900000000000000e+04
5.945267416800000000e+10 2.043500000000000000e+04
5.963833456800000000e+10 3.394900000000000000e+04
5.979625628000000000e+10 3.236700000000000000e+04
5.984734128800000000e+10 2.639399999999999272e+04
5.998201479200000000e+10 2.872800000000000000e+04
6.003778549600000000e+10 2.537000000000000000e+04
6.012584551200000000e+10 2.267600000000000000e+04
6.026992946400000000e+10 2.672200000000000000e+04
6.053420292000000000e+10 3.457500000000000000e+04
6.057837544800000000e+10 2.646500000000000000e+04
6.082850348000000000e+10 3.415799999999999272e+04
6.098973063200000000e+10 3.583100000000000000e+04
6.123891653600000000e+10 3.754100000000000000e+04
6.137505178400000000e+10 3.426000000000000728e+04
6.144688405600000000e+10 2.879100000000000000e+04
6.173449298400000000e+10 4.334000000000000000e+04
6.176010122400000000e+10 2.810600000000000000e+04
6.183167620000000000e+10 2.553600000000000000e+04
6.235455810400000000e+10 5.386400000000000000e+04
6.235461255200000000e+10 7.024999999999992724e+03
6.326912532000000000e+10 7.973699999999998545e+04
6.326916999200000000e+10 1.547000000000003638e+03
6.387322114400000000e+10 8.409100000000000000e+04
6.387795549600000000e+10 4.025500000000000000e+04
6.387801381600000000e+10 6.305999999999996362e+03
6.417427114400000000e+10 4.367200000000000000e+04
6.439191488800000000e+10 4.712000000000000000e+04
6.449590632800000000e+10 3.273600000000000000e+04
6.476035703200000000e+10 4.290600000000000000e+04
6.478627194400000000e+10 3.112500000000000000e+04
6.503738205600000000e+10 3.971200000000000000e+04
6.503748077600000000e+10 1.505200000000000728e+04
6.535019528800000000e+10 4.025000000000000000e+04
6.593360063200000000e+10 6.316000000000000000e+04
6.601326928800000000e+10 4.436700000000000000e+04
6.615223520800000000e+10 3.459100000000000000e+04
6.669850572000000000e+10 5.501600000000000000e+04
6.669858674400000000e+10 1.403800000000000728e+04
6.669866447200000000e+10 8.340000000000003638e+03
6.669881047200000000e+10 1.255900000000000364e+04
6.669888783200000000e+10 5.131999999999992724e+03
6.673958077600000000e+10 2.083500000000000000e+04
6.691258869600000000e+10 2.706200000000000728e+04
6.696519343200000000e+10 2.340900000000000000e+04
6.716745980000000000e+10 2.962700000000000000e+04
6.719721092000000000e+10 2.236000000000000000e+04
6.719935404000000000e+10 1.714600000000000728e+04
6.720657004000000000e+10 1.359200000000000728e+04
6.749114821600000000e+10 2.894700000000000000e+04
6.752124573600000000e+10 2.025600000000000000e+04
6.798606322400000000e+10 4.462700000000000000e+04
6.818318767200000000e+10 3.944500000000000000e+04
6.836939085600000000e+10 3.799300000000000000e+04
6.880284949600000000e+10 5.399200000000000000e+04
6.933564991200000000e+10 6.173600000000000000e+04
6.986959344800000000e+10 6.616000000000000000e+04
6.989671312800000000e+10 4.277200000000000000e+04
7.001212946400000000e+10 3.970100000000000000e+04
7.002629677600000000e+10 2.512100000000000000e+04
7.028907880800000000e+10 3.712000000000000000e+04
7.028913517600000000e+10 5.222000000000000000e+03
7.050544813600000000e+10 3.689500000000000000e+04
7.122566860000000000e+10 6.064000000000000000e+04
7.128837428000000000e+10 4.695900000000000000e+04
7.145640815200000000e+10 4.166900000000000000e+04
7.147777360800000000e+10 2.884200000000000000e+04
7.178849940000000000e+10 3.918800000000000000e+04
7.199804855200000000e+10 4.396900000000000000e+04
7.240712261600000000e+10 5.026000000000000000e+04
7.255923613600000000e+10 3.964900000000000000e+04
7.286653423200000000e+10 4.540100000000000000e+04
7.302365106400000000e+10 4.099900000000000000e+04
7.302370799200000000e+10 6.906000000000007276e+03
7.309580821600000000e+10 3.072000000000000000e+04
7.312416680800000000e+10 2.453100000000000000e+04
7.313963156000000000e+10 1.829900000000000000e+04
7.327960546400000000e+10 2.369600000000000000e+04
7.334204964000000000e+10 2.271500000000000000e+04
7.348323420000000000e+10 2.594500000000000000e+04
7.348342194400000000e+10 1.644499999999999636e+04
7.395196968800000000e+10 3.843400000000000000e+04
7.427666906400000000e+10 4.862400000000000000e+04
7.436131314400000000e+10 3.981900000000000000e+04
7.454153077600000000e+10 4.176300000000000000e+04
7.454179442400000000e+10 2.551900000000000000e+04
7.454505133600000000e+10 1.746100000000000364e+04
7.454522434400000000e+10 1.529400000000000000e+04
7.468021420000000000e+10 2.071200000000000000e+04
7.470567176800000000e+10 1.718700000000000728e+04
7.503670722400000000e+10 3.193200000000000728e+04
7.503675805600000000e+10 2.238000000000007276e+03
7.509834116000000000e+10 2.575400000000000000e+04
7.560545365600000000e+10 4.918600000000000000e+04
7.565691981600000000e+10 3.645700000000000000e+04
7.590023341600000000e+10 4.085400000000000000e+04
7.599101735200000000e+10 3.186000000000000000e+04
7.599108484000000000e+10 8.288999999999992724e+03
7.609641647200000000e+10 2.768200000000000000e+04
7.613883312800000000e+10 2.385300000000000000e+04
7.618665159200000000e+10 2.032300000000000000e+04
7.624109447200000000e+10 1.851700000000000000e+04
7.633272344800000000e+10 2.014400000000000000e+04
7.642671357600000000e+10 2.156199999999999272e+04
7.646845437600000000e+10 1.704500000000000000e+04
7.648711946400000000e+10 1.437800000000000364e+04
7.675208396000000000e+10 2.636800000000000000e+04
7.691486584800000000e+10 2.974400000000000000e+04
7.708798463200000000e+10 3.120400000000000000e+04
7.774406871200000000e+10 6.310300000000000000e+04
7.774436591200000000e+10 4.261800000000000000e+04
7.784452040800000000e+10 3.405700000000000000e+04
7.834121554400000000e+10 5.097600000000000000e+04
7.841760700000000000e+10 3.828300000000000000e+04
7.883798560800000000e+10 5.570500000000000000e+04
7.902028791200000000e+10 4.805200000000000000e+04
7.923752343200000000e+10 4.169600000000000000e+04
7.935821399200000000e+10 3.633800000000000000e+04
7.962373480800000000e+10 3.857800000000000000e+04
7.991426853600000000e+10 4.582500000000000000e+04
7.992375884000000000e+10 2.919400000000000000e+04
8.005585330400000000e+10 2.992099999999999272e+04
8.034707320800000000e+10 3.879000000000000000e+04
8.042771263200000000e+10 3.284499999999999272e+04
8.051297517600000000e+10 3.034500000000000000e+04
8.054610373600000000e+10 2.249000000000000728e+04
8.102274501600000000e+10 4.389800000000000000e+04
8.102282380000000000e+10 1.721399999999999272e+04
8.174519541600000000e+10 6.227500000000000000e+04
8.174525101600000000e+10 1.038599999999999636e+04
8.180719802400000000e+10 4.184000000000000000e+04
8.241328269600000000e+10 6.419300000000000000e+04
8.253517189600000000e+10 4.826200000000000000e+04
8.348131180000000000e+10 7.768000000000000000e+04
8.350099490400000000e+10 4.072900000000000000e+04
8.359755104800000000e+10 3.896000000000000000e+04
8.411070199200000000e+10 6.305900000000000000e+04
8.484004066400000000e+10 7.511500000000000000e+04
8.489106087200000000e+10 4.395000000000000000e+04
8.526616748000000000e+10 5.052800000000000000e+04
8.565792815200000000e+10 6.295800000000000000e+04
8.613669426400000000e+10 5.790700000000000000e+04
8.615563764000000000e+10 3.648600000000000000e+04
8.622733389600000000e+10 3.388900000000000000e+04
8.633646591200000000e+10 2.953700000000000000e+04
8.633654424800000000e+10 9.905000000000007276e+03
8.654247452000000000e+10 3.105700000000000000e+04
8.663132023200000000e+10 2.896100000000000000e+04
8.672751068000000000e+10 2.641100000000000000e+04
8.680548044000000000e+10 2.409000000000000000e+04
8.739426474400000000e+10 5.556000000000000000e+04
8.786703658400000000e+10 6.065700000000000000e+04
8.796727252000000000e+10 4.283100000000000000e+04
8.815802479200000000e+10 4.622500000000000000e+04
8.817573175200000000e+10 2.609300000000000728e+04
8.866395015200000000e+10 5.174400000000000000e+04
8.873622431200000000e+10 3.384899999999999272e+04
8.921568092000000000e+10 5.218900000000000000e+04
8.926355850400000000e+10 3.898900000000000000e+04
8.946234716000000000e+10 3.747700000000000000e+04
8.958705076000000000e+10 3.528800000000000000e+04
8.986323778400000000e+10 4.202400000000000000e+04
