# Timestamps in ns,Energies
1.060721360000000000e+08 4.585000000000000000e+04
1.093585040000000000e+08 2.884800000000000000e+04
1.351319760000000000e+08 2.352000000000000000e+04
2.278313360000000000e+08 2.489400000000000000e+04
3.907161520000000000e+08 2.758200000000000000e+04
3.908199440000000000e+08 1.250899999999999272e+04
3.909281360000000000e+08 7.075000000000007276e+03
8.023654000000000000e+08 3.643000000000000000e+04
1.192328488000000000e+09 4.694900000000000000e+04
1.192436840000000000e+09 2.315000000000000000e+04
1.355436056000000000e+09 3.630300000000000000e+04
1.786908136000000000e+09 4.731300000000000000e+04
1.940201864000000000e+09 4.044200000000000000e+04
2.079996440000000000e+09 3.702500000000000000e+04
2.127936328000000000e+09 3.088000000000000000e+04
2.128003048000000000e+09 7.139999999999992724e+03
2.213118424000000000e+09 2.567000000000000000e+04
2.291495192000000000e+09 2.457800000000000000e+04
2.487450088000000000e+09 2.672000000000000000e+04
2.600524696000000000e+09 2.664800000000000000e+04
2.986858680000000000e+09 4.274400000000000000e+04
3.146531112000000000e+09 3.973200000000000000e+04
3.500805928000000000e+09 5.430300000000000000e+04
3.545510744000000000e+09 3.303400000000000000e+04
3.545643192000000000e+09 1.551300000000000000e+04
3.711443672000000000e+09 3.107000000000000728e+04
3.742501672000000000e+09 2.315400000000000000e+04
3.934461624000000000e+09 2.905200000000000000e+04
3.934517688000000000e+09 4.104000000000000000e+03
3.974804664000000000e+09 2.310500000000000000e+04
4.105569544000000000e+09 2.567800000000000728e+04
4.134267304000000000e+09 1.973399999999999272e+04
4.200530904000000000e+09 1.885300000000000728e+04
4.447186536000000000e+09 2.948600000000000728e+04
4.469800536000000000e+09 2.189900000000000000e+04
4.562808168000000000e+09 2.182300000000000000e+04
4.599661720000000000e+09 1.922599999999999272e+04
4.876532952000000000e+09 2.897500000000000000e+04
5.264097928000000000e+09 4.201000000000000000e+04
5.326503304000000000e+09 3.531400000000000728e+04
5.654443368000000000e+09 4.770900000000000000e+04
6.181701224000000000e+09 5.773100000000000000e+04
6.233181752000000000e+09 4.171600000000000000e+04
6.402388072000000000e+09 3.712100000000000000e+04
6.540169880000000000e+09 3.609699999999999272e+04
6.690442168000000000e+09 3.361599999999999272e+04
6.728436600000000000e+09 2.655700000000000000e+04
6.922097096000000000e+09 3.025500000000000000e+04
7.008125448000000000e+09 2.668000000000000728e+04
7.781855608000000000e+09 6.381000000000000000e+04
7.950875608000000000e+09 4.595600000000000000e+04
7.950922648000000000e+09 2.611999999999996362e+03
7.982603384000000000e+09 3.215200000000000728e+04
8.015501928000000000e+09 2.708300000000000000e+04
8.489626840000000000e+09 4.449700000000000000e+04
8.693826920000000000e+09 4.163500000000000000e+04
8.736877128000000000e+09 3.568100000000000000e+04
8.886733176000000000e+09 3.229199999999999272e+04
8.886933144000000000e+09 2.292600000000000000e+04
9.136432888000000000e+09 3.566499999999999272e+04
9.172672712000000000e+09 2.601000000000000000e+04
9.497235048000000000e+09 3.964200000000000000e+04
9.785770904000000000e+09 4.393700000000000000e+04
9.785858152000000000e+09 1.754799999999999272e+04
9.921332856000000000e+09 3.301100000000000000e+04
9.966516136000000000e+09 2.548200000000000000e+04
9.978191496000000000e+09 2.061799999999999272e+04
1.036696762400000000e+10 3.747500000000000000e+04
1.052063194400000000e+10 3.497500000000000000e+04
1.056643216800000000e+10 2.832900000000000000e+04
1.066339200800000000e+10 2.700300000000000000e+04
1.069081608800000000e+10 2.104000000000000000e+04
1.093525173600000000e+10 3.196500000000000000e+04
1.095743196000000000e+10 2.352000000000000000e+04
1.106333930400000000e+10 2.394400000000000000e+04
1.125275728800000000e+10 2.722300000000000000e+04
1.150680136800000000e+10 3.491000000000000000e+04
1.163791842400000000e+10 3.378300000000000000e+04
1.180461820000000000e+10 3.452500000000000000e+04
1.187100880800000000e+10 2.844100000000000000e+04
1.188841728800000000e+10 2.116100000000000728e+04
1.188848429600000000e+10 4.128000000000003638e+03
1.210331892000000000e+10 2.799299999999999272e+04
1.239934170400000000e+10 3.560199999999999272e+04
1.241669848800000000e+10 2.576300000000000000e+04
1.281356991200000000e+10 4.685000000000000000e+04
1.305523768800000000e+10 4.254900000000000000e+04
1.350047919200000000e+10 6.124400000000000000e+04
1.368670455200000000e+10 4.280500000000000000e+04
1.378638597600000000e+10 3.513400000000000728e+04
1.384972672800000000e+10 2.955699999999999272e+04
1.394699100000000000e+10 2.863200000000000728e+04
1.395330637600000000e+10 1.958900000000000000e+04
1.395343466400000000e+10 1.098799999999999636e+04
1.401884778400000000e+10 1.784800000000000000e+04
1.401892469600000000e+10 5.115999999999992724e+03
1.406789983200000000e+10 1.535999999999999636e+04
1.432775674400000000e+10 2.595600000000000000e+04
1.443314071200000000e+10 2.634800000000000000e+04
1.446359703200000000e+10 2.004799999999999272e+04
1.452015101600000000e+10 1.884900000000000728e+04
1.494427213600000000e+10 3.914300000000000000e+04
1.522637903200000000e+10 4.219500000000000000e+04
1.534193874400000000e+10 3.519199999999999272e+04
1.546610140000000000e+10 3.343900000000000000e+04
1.551384053600000000e+10 2.815200000000000000e+04
1.558414976800000000e+10 2.352800000000000000e+04
1.565768791200000000e+10 2.389700000000000000e+04
1.567337309600000000e+10 1.861000000000000000e+04
1.573884592800000000e+10 1.780000000000000000e+04
1.575276466400000000e+10 1.439500000000000728e+04
1.579894876000000000e+10 1.445500000000000728e+04
1.617890989600000000e+10 3.262299999999999272e+04
1.640539760800000000e+10 3.628000000000000000e+04
1.640549930400000000e+10 1.566400000000000000e+04
1.642941816800000000e+10 2.100900000000000000e+04
1.645004890400000000e+10 1.759200000000000000e+04
1.646229695200000000e+10 1.459999999999999272e+04
1.676034296800000000e+10 2.894800000000000000e+04
1.694953530400000000e+10 3.078200000000000000e+04
1.706614175200000000e+10 3.087600000000000000e+04
1.717789957600000000e+10 2.798800000000000728e+04
1.725550258400000000e+10 2.412100000000000000e+04
1.725835285600000000e+10 1.812199999999999272e+04
1.730690100000000000e+10 1.731100000000000728e+04
1.744767144800000000e+10 2.103900000000000000e+04
1.744774410400000000e+10 5.607999999999992724e+03
1.758631421600000000e+10 2.273100000000000000e+04
1.770256431200000000e+10 2.374200000000000000e+04
1.770746930400000000e+10 1.715399999999999636e+04
1.856111554400000000e+10 6.498500000000000000e+04
1.870653026400000000e+10 4.544000000000000000e+04
1.884520418400000000e+10 3.657600000000000000e+04
1.893834226400000000e+10 3.503700000000000728e+04
1.899109823200000000e+10 2.570200000000000000e+04
1.924734536800000000e+10 3.340700000000000000e+04
1.931366960800000000e+10 3.270400000000000000e+04
1.931378026400000000e+10 1.500899999999999636e+04
1.941682156000000000e+10 2.385700000000000000e+04
1.943546874400000000e+10 1.824100000000000000e+04
1.987408202400000000e+10 4.291700000000000000e+04
1.987422530400000000e+10 2.130200000000000000e+04
1.999922303200000000e+10 2.816600000000000000e+04
2.011370975200000000e+10 2.968500000000000728e+04
2.031403716000000000e+10 3.292000000000000000e+04
2.031409445600000000e+10 5.330000000000000000e+03
2.034942039200000000e+10 2.345000000000000000e+04
2.054755752800000000e+10 2.880900000000000000e+04
2.067372210400000000e+10 2.863000000000000728e+04
2.073756511200000000e+10 2.488000000000000000e+04
2.084669444000000000e+10 2.474300000000000000e+04
2.117758604000000000e+10 3.792800000000000000e+04
2.137471608800000000e+10 3.830400000000000000e+04
2.157011236000000000e+10 3.631300000000000000e+04
2.196765941600000000e+10 4.683300000000000000e+04
2.204029855200000000e+10 3.708500000000000000e+04
2.216474864800000000e+10 3.507500000000000000e+04
2.242567413600000000e+10 3.986900000000000000e+04
2.246177037600000000e+10 2.854500000000000000e+04
2.255453496800000000e+10 2.732000000000000000e+04
2.269061508000000000e+10 2.762700000000000000e+04
2.311298284000000000e+10 4.313200000000000000e+04
2.328896688800000000e+10 3.951900000000000000e+04
2.335975804000000000e+10 3.001499999999999272e+04
2.340226917600000000e+10 2.465899999999999272e+04
2.347153402400000000e+10 2.432800000000000000e+04
2.366037199200000000e+10 2.929600000000000000e+04
2.366054460000000000e+10 1.830299999999999272e+04
2.379809437600000000e+10 2.584100000000000000e+04
2.382601896800000000e+10 1.954399999999999272e+04
2.406856405600000000e+10 2.833399999999999272e+04
2.416112052000000000e+10 2.650700000000000000e+04
2.424632047200000000e+10 2.488100000000000000e+04
2.424639178400000000e+10 6.560000000000003638e+03
2.431328239200000000e+10 2.048800000000000000e+04
2.431336274400000000e+10 6.490000000000003638e+03
2.469663903200000000e+10 3.404600000000000000e+04
2.493186415200000000e+10 3.835000000000000000e+04
2.502366311200000000e+10 3.215000000000000728e+04
2.565580068000000000e+10 5.816900000000000000e+04
2.565590088800000000e+10 2.662900000000000000e+04
2.582705813600000000e+10 4.252300000000000000e+04
2.582711628000000000e+10 6.738000000000007276e+03
2.606974237600000000e+10 4.547600000000000000e+04
2.623094701600000000e+10 3.587000000000000000e+04
2.625282679200000000e+10 2.648900000000000000e+04
2.641937012000000000e+10 3.041200000000000728e+04
2.670276724000000000e+10 4.158400000000000000e+04
2.671169885600000000e+10 2.568100000000000000e+04
2.698868052000000000e+10 3.565800000000000000e+04
2.712462056800000000e+10 3.627000000000000000e+04
2.731228060000000000e+10 3.859200000000000000e+04
2.739079058400000000e+10 3.082100000000000000e+04
2.753450224800000000e+10 3.112699999999999272e+04
2.774650317600000000e+10 3.296099999999999272e+04
2.795109429600000000e+10 4.017600000000000000e+04
2.799354160800000000e+10 2.773099999999999272e+04
2.807562432800000000e+10 2.622400000000000000e+04
2.812225983200000000e+10 2.240400000000000000e+04
2.873380372000000000e+10 5.206300000000000000e+04
2.873388684000000000e+10 1.768200000000000728e+04
2.873876008800000000e+10 2.491300000000000000e+04
2.890411250400000000e+10 3.145000000000000000e+04
2.914718138400000000e+10 3.961200000000000000e+04
2.914730834400000000e+10 1.880800000000000000e+04
2.930290392800000000e+10 2.908099999999999272e+04
2.976537701600000000e+10 4.593000000000000000e+04
2.978567780000000000e+10 3.070900000000000728e+04
2.982258599200000000e+10 2.745600000000000000e+04
2.989248090400000000e+10 2.575700000000000000e+04
3.053939802400000000e+10 5.631600000000000000e+04
3.086548407200000000e+10 5.137700000000000000e+04
3.100233930400000000e+10 4.254900000000000000e+04
3.100249812000000000e+10 1.999700000000000000e+04
3.100261503200000000e+10 8.808999999999996362e+03
3.103322224800000000e+10 2.101599999999999272e+04
3.111835332000000000e+10 2.191200000000000000e+04
3.136703754400000000e+10 3.401300000000000000e+04
3.186613957600000000e+10 4.960200000000000000e+04
3.186619165600000000e+10 6.430999999999992724e+03
3.198366279200000000e+10 3.531000000000000000e+04
3.202571693600000000e+10 2.768800000000000000e+04
3.225694543200000000e+10 3.625200000000000728e+04
3.225701000800000000e+10 8.074000000000007276e+03
3.243314511200000000e+10 3.329500000000000000e+04
3.244917085600000000e+10 2.456100000000000000e+04
3.244932373600000000e+10 1.525700000000000364e+04
3.252770365600000000e+10 2.104900000000000000e+04
3.278618520800000000e+10 3.065900000000000000e+04
3.299288906400000000e+10 3.452200000000000000e+04
3.323480424800000000e+10 4.463000000000000000e+04
3.323489589600000000e+10 8.863000000000007276e+03
3.354086772000000000e+10 3.831300000000000000e+04
3.357465032800000000e+10 2.848200000000000000e+04
3.357477399200000000e+10 1.617000000000000000e+04
3.377841887200000000e+10 3.064800000000000000e+04
3.378238602400000000e+10 2.235900000000000000e+04
3.390295642400000000e+10 2.574900000000000000e+04
3.391647540000000000e+10 1.799299999999999636e+04
3.399565250400000000e+10 1.984100000000000000e+04
3.405830704800000000e+10 1.843500000000000000e+04
3.408051074400000000e+10 1.488000000000000728e+04
3.409123770400000000e+10 1.227699999999999636e+04
3.427811997600000000e+10 2.008000000000000000e+04
3.444857415200000000e+10 2.445500000000000000e+04
3.477569778400000000e+10 3.820200000000000000e+04
3.489461650400000000e+10 3.126800000000000000e+04
3.500685208800000000e+10 3.087799999999999272e+04
3.508831735200000000e+10 2.784900000000000000e+04
3.545695293600000000e+10 3.938500000000000000e+04
3.545878008800000000e+10 2.573300000000000000e+04
3.547129080800000000e+10 2.104000000000000000e+04
3.554326668000000000e+10 2.184200000000000000e+04
3.577897644000000000e+10 3.041500000000000000e+04
3.584639749600000000e+10 2.688099999999999272e+04
3.586184837600000000e+10 2.040000000000000000e+04
3.588886154400000000e+10 1.700799999999999272e+04
3.594004176800000000e+10 1.616100000000000364e+04
3.598843066400000000e+10 1.578399999999999272e+04
3.598851882400000000e+10 5.399999999999996362e+03
3.604995794400000000e+10 1.463899999999999636e+04
3.615533999200000000e+10 1.726699999999999636e+04
3.635031960800000000e+10 2.439400000000000000e+04
3.637014772000000000e+10 1.887100000000000000e+04
3.641103455200000000e+10 1.748899999999999272e+04
3.647363076000000000e+10 1.655200000000000000e+04
3.672387538400000000e+10 2.612700000000000000e+04
3.679298509600000000e+10 2.417100000000000000e+04
3.703422104800000000e+10 3.206300000000000000e+04
3.713416346400000000e+10 2.928700000000000000e+04
3.714561648800000000e+10 2.065900000000000000e+04
3.714881416800000000e+10 1.556999999999999272e+04
3.715694877600000000e+10 1.347199999999999272e+04
3.759890240800000000e+10 3.541400000000000000e+04
3.763228557600000000e+10 2.720100000000000000e+04
3.765701816800000000e+10 2.039200000000000000e+04
3.797511696800000000e+10 3.422200000000000000e+04
3.805651898400000000e+10 2.838299999999999272e+04
3.805778111200000000e+10 2.017400000000000000e+04
3.820654188000000000e+10 2.547000000000000000e+04
3.844446292000000000e+10 3.313299999999999272e+04
3.858368567200000000e+10 3.319200000000000000e+04
3.866997117600000000e+10 2.720300000000000000e+04
3.878307466400000000e+10 2.625600000000000000e+04
3.903104773600000000e+10 3.332600000000000000e+04
3.938980460000000000e+10 4.242400000000000000e+04
3.959283944800000000e+10 4.280100000000000000e+04
3.959309740000000000e+10 3.959900000000000000e+04
3.967174229600000000e+10 2.632700000000000000e+04
3.983927436000000000e+10 2.794999999999999272e+04
4.005548063200000000e+10 3.277300000000000728e+04
4.013051853600000000e+10 2.767600000000000728e+04
4.031823373600000000e+10 3.298400000000000000e+04
4.031849119200000000e+10 2.263200000000000000e+04
4.031862266400000000e+10 1.304100000000000000e+04
4.037146802400000000e+10 1.728000000000000000e+04
4.039669138400000000e+10 1.454400000000000728e+04
4.045758380000000000e+10 1.562000000000000364e+04
4.086107197600000000e+10 3.578199999999999272e+04
4.094246018400000000e+10 2.927999999999999272e+04
4.094254775200000000e+10 1.069500000000000728e+04
4.097659016800000000e+10 1.947800000000000000e+04
4.121419063200000000e+10 2.896899999999999272e+04
4.136270431200000000e+10 3.041500000000000000e+04
4.158166626400000000e+10 3.390200000000000000e+04
4.165966357600000000e+10 2.894600000000000000e+04
4.174017506400000000e+10 2.584100000000000000e+04
4.178758146400000000e+10 2.229700000000000000e+04
4.229965509600000000e+10 4.489600000000000000e+04
4.233317788000000000e+10 3.244799999999999272e+04
4.265063168800000000e+10 4.225700000000000000e+04
4.265077439200000000e+10 2.127000000000000000e+04
4.320806186400000000e+10 6.067600000000000000e+04
4.320813442400000000e+10 1.561100000000000000e+04
4.320821082400000000e+10 7.351000000000000000e+03
4.322798252000000000e+10 2.551200000000000000e+04
4.326077365600000000e+10 2.168100000000000000e+04
4.335542272800000000e+10 2.249800000000000000e+04
4.335875309600000000e+10 1.669500000000000000e+04
4.341193135200000000e+10 1.684000000000000000e+04
4.351863484000000000e+10 1.943800000000000000e+04
4.351869482400000000e+10 2.530999999999992724e+03
4.362308568800000000e+10 2.038600000000000000e+04
4.390886624800000000e+10 3.103100000000000000e+04
4.437164184800000000e+10 4.941900000000000000e+04
4.450898576800000000e+10 4.066400000000000000e+04
4.453152869600000000e+10 2.746500000000000000e+04
4.457868138400000000e+10 2.363300000000000000e+04
4.457884520800000000e+10 1.628800000000000000e+04
4.466809536800000000e+10 1.984200000000000000e+04
4.501253712800000000e+10 3.591100000000000000e+04
4.501822924000000000e+10 2.439400000000000728e+04
4.515879156000000000e+10 2.816200000000000000e+04
4.533334882400000000e+10 3.006600000000000000e+04
4.556716520800000000e+10 3.775300000000000000e+04
4.566078623200000000e+10 3.053500000000000000e+04
4.581324493600000000e+10 3.012700000000000728e+04
4.593295514400000000e+10 2.996900000000000000e+04
4.593304549600000000e+10 1.198200000000000728e+04
4.616485151200000000e+10 3.102200000000000000e+04
4.650017632800000000e+10 4.334600000000000000e+04
4.662362879200000000e+10 3.714200000000000000e+04
4.672295959200000000e+10 3.128599999999999272e+04
4.684188629600000000e+10 3.336100000000000000e+04
4.691771584800000000e+10 2.656300000000000000e+04
4.691783148000000000e+10 1.414899999999999272e+04
4.692792927200000000e+10 1.666700000000000000e+04
4.695342695200000000e+10 1.435600000000000000e+04
4.700253084000000000e+10 1.539899999999999636e+04
4.708423749600000000e+10 1.602900000000000728e+04
4.734913639200000000e+10 2.735500000000000728e+04
4.766634191200000000e+10 3.972500000000000000e+04
4.774397866400000000e+10 3.023900000000000728e+04
4.859547751200000000e+10 6.488800000000000000e+04
4.890942042400000000e+10 6.385000000000000000e+04
4.933941940000000000e+10 6.120800000000000000e+04
4.933956724000000000e+10 2.225100000000000000e+04
4.986332016800000000e+10 6.252200000000000000e+04
4.986349647200000000e+10 3.348100000000000000e+04
4.986360010400000000e+10 1.636700000000000000e+04
5.005907442400000000e+10 3.697300000000000000e+04
5.005914383200000000e+10 1.056200000000000728e+04
5.010066269600000000e+10 2.354600000000000000e+04
5.062670416800000000e+10 4.764800000000000000e+04
5.062685032800000000e+10 1.740100000000000000e+04
5.072394090400000000e+10 3.043799999999999272e+04
5.076575592800000000e+10 2.415900000000000000e+04
5.076581767200000000e+10 4.382999999999996362e+03
5.106845247200000000e+10 3.395000000000000000e+04
5.113963736800000000e+10 2.788100000000000000e+04
5.122780389600000000e+10 2.729600000000000000e+04
5.150495621600000000e+10 3.797500000000000000e+04
5.175169636000000000e+10 4.380900000000000000e+04
5.213827200800000000e+10 4.716800000000000000e+04
5.217881741600000000e+10 3.525399999999999272e+04
5.217988364000000000e+10 2.352600000000000000e+04
5.226365629600000000e+10 2.482000000000000000e+04
5.238843519200000000e+10 2.515200000000000000e+04
5.265839917600000000e+10 3.703900000000000000e+04
5.265845396000000000e+10 5.072000000000000000e+03
5.281619751200000000e+10 3.072400000000000000e+04
5.282201151200000000e+10 2.305100000000000000e+04
5.302128719200000000e+10 2.850000000000000000e+04
5.320517919200000000e+10 3.143600000000000000e+04
5.323810266400000000e+10 2.562600000000000000e+04
5.340082180000000000e+10 2.894299999999999272e+04
5.355063684000000000e+10 3.024000000000000000e+04
5.355079018400000000e+10 1.865700000000000000e+04
5.372817437600000000e+10 2.737600000000000000e+04
5.373366194400000000e+10 1.986100000000000000e+04
5.380979290400000000e+10 2.140100000000000000e+04
5.383464341600000000e+10 1.742699999999999272e+04
5.390948378400000000e+10 1.789799999999999272e+04
5.396953967200000000e+10 1.731700000000000000e+04
5.415152188000000000e+10 2.318500000000000000e+04
5.419222452000000000e+10 1.908000000000000000e+04
5.473757141600000000e+10 4.891200000000000000e+04
5.485746335200000000e+10 3.683100000000000000e+04
5.498500687200000000e+10 3.230100000000000000e+04
5.525096298400000000e+10 4.197300000000000000e+04
5.525102120800000000e+10 7.070000000000003638e+03
5.529449754400000000e+10 2.625400000000000000e+04
5.553668104800000000e+10 3.374000000000000000e+04
5.555029372000000000e+10 2.302400000000000000e+04
5.578621893600000000e+10 3.392099999999999272e+04
5.579567295200000000e+10 2.391300000000000000e+04
5.587074175200000000e+10 2.276100000000000000e+04
5.593270826400000000e+10 2.022800000000000000e+04
5.623317308000000000e+10 3.266800000000000000e+04
5.647697026400000000e+10 4.094900000000000000e+04
5.649797594400000000e+10 2.697000000000000000e+04
5.650695808800000000e+10 1.996300000000000000e+04
5.676696295200000000e+10 3.043499999999999272e+04
5.756141613600000000e+10 6.445100000000000000e+04
5.778736863200000000e+10 5.410400000000000000e+04
5.789926618400000000e+10 3.842300000000000000e+04
5.822594701600000000e+10 4.575900000000000000e+04
5.830976226400000000e+10 3.802300000000000000e+04
5.870524634400000000e+10 5.490400000000000000e+04
5.876903053600000000e+10 3.465499999999999272e+04
5.905112997600000000e+10 4.370800000000000000e+04
5.929547887200000000e+10 4.851300000000000000e+04
5.944646863200000000e+10 3.565599999999999272e+04
5.948254044000000000e+10 2.849200000000000000e+04
5.950057348000000000e+10 2.185100000000000000e+04
5.963128860000000000e+10 2.433800000000000000e+04
5.972298834400000000e+10 2.528000000000000000e+04
5.985659154400000000e+10 2.587200000000000000e+04
5.987225812000000000e+10 2.056400000000000000e+04
6.016752730400000000e+10 3.400199999999999272e+04
6.035816100000000000e+10 3.330400000000000000e+04
6.035822935200000000e+10 9.053000000000003638e+03
6.041287552800000000e+10 2.562100000000000000e+04
6.143604695200000000e+10 7.186400000000000000e+04
6.155712157600000000e+10 4.648200000000000000e+04
6.168278676000000000e+10 4.660400000000000000e+04
6.169046552800000000e+10 2.586400000000000000e+04
6.185310287200000000e+10 3.076599999999999272e+04
6.217860437600000000e+10 4.297400000000000000e+04
6.230363724000000000e+10 3.596300000000000000e+04
6.230371381600000000e+10 1.230900000000000728e+04
6.299506536800000000e+10 6.132200000000000000e+04
6.299518772000000000e+10 3.288600000000000000e+04
6.307331175200000000e+10 3.367600000000000000e+04
6.329830655200000000e+10 3.769500000000000000e+04
6.353413783200000000e+10 3.944600000000000000e+04
6.363469940000000000e+10 3.364600000000000000e+04
6.363475999200000000e+10 6.719000000000007276e+03
6.369741152800000000e+10 2.709600000000000000e+04
6.383977597600000000e+10 2.810000000000000000e+04
6.385307818400000000e+10 2.093600000000000000e+04
6.388333218400000000e+10 1.776000000000000000e+04
6.426513544800000000e+10 3.500700000000000728e+04
6.437419352800000000e+10 3.560000000000000000e+04
6.462177060000000000e+10 3.502299999999999272e+04
6.477052048800000000e+10 3.427800000000000000e+04
6.477059992800000000e+10 1.386099999999999272e+04
6.485752930400000000e+10 2.760900000000000000e+04
6.490605709600000000e+10 2.352100000000000000e+04
6.506977600800000000e+10 2.691200000000000000e+04
6.517045168800000000e+10 2.676300000000000000e+04
6.520241108000000000e+10 1.974500000000000000e+04
6.538260404000000000e+10 2.819600000000000000e+04
6.562346679200000000e+10 3.362799999999999272e+04
6.564102876000000000e+10 2.355400000000000000e+04
6.586768132000000000e+10 3.348499999999999272e+04
6.590613141600000000e+10 2.489700000000000000e+04
6.593398191200000000e+10 2.109600000000000000e+04
6.594170277600000000e+10 1.554300000000000728e+04
6.629571618400000000e+10 3.483600000000000000e+04
6.649717157600000000e+10 3.388900000000000728e+04
6.649724602400000000e+10 6.309000000000003638e+03
6.709576216800000000e+10 5.329300000000000000e+04
6.714629956000000000e+10 3.797900000000000000e+04
6.716933941600000000e+10 2.880800000000000000e+04
6.729150229600000000e+10 3.047800000000000000e+04
6.738269551200000000e+10 2.649600000000000000e+04
6.755716732000000000e+10 3.059200000000000000e+04
6.762370616800000000e+10 2.624200000000000000e+04
6.779285095200000000e+10 2.817700000000000000e+04
6.802412618400000000e+10 3.442200000000000000e+04
6.810912088800000000e+10 3.010200000000000000e+04
6.836372893600000000e+10 3.769400000000000000e+04
6.839721981600000000e+10 2.784100000000000000e+04
6.839730922400000000e+10 1.081300000000000728e+04
6.884052154400000000e+10 4.280200000000000000e+04
6.893858693600000000e+10 3.359799999999999272e+04
6.893864872800000000e+10 7.338000000000000000e+03
6.924234138400000000e+10 3.878300000000000000e+04
6.924240956000000000e+10 1.081500000000000000e+04
6.935591356000000000e+10 3.342100000000000000e+04
6.938119543200000000e+10 2.306900000000000000e+04
6.938128890400000000e+10 9.669999999999996362e+03
6.939250199200000000e+10 1.592000000000000000e+04
6.969373005600000000e+10 2.947100000000000000e+04
7.014783320800000000e+10 4.952300000000000000e+04
7.014797285600000000e+10 1.866900000000000000e+04
7.022998405600000000e+10 2.848600000000000728e+04
7.026927245600000000e+10 2.320700000000000000e+04
7.059250416800000000e+10 3.930700000000000000e+04
7.066751976800000000e+10 2.938700000000000000e+04
7.069227770400000000e+10 2.428900000000000000e+04
7.108735685600000000e+10 4.199200000000000000e+04
7.108744008800000000e+10 1.424400000000000000e+04
7.122740698400000000e+10 3.094100000000000000e+04
7.125154260000000000e+10 2.509000000000000000e+04
7.142780026400000000e+10 3.077500000000000000e+04
7.146310944800000000e+10 2.328800000000000000e+04
7.149222773600000000e+10 1.966800000000000000e+04
7.183535168800000000e+10 3.308900000000000000e+04
7.187921557600000000e+10 2.640200000000000000e+04
7.190929165600000000e+10 2.165500000000000000e+04
7.214722930400000000e+10 2.915300000000000000e+04
7.229169080800000000e+10 3.019900000000000000e+04
7.234550324000000000e+10 2.529900000000000000e+04
7.255254770400000000e+10 3.328800000000000000e+04
7.273794826400000000e+10 3.217900000000000000e+04
7.288999146400000000e+10 3.349100000000000728e+04
7.318547733600000000e+10 4.157900000000000000e+04
7.364302332000000000e+10 5.040200000000000000e+04
7.364308932000000000e+10 1.527900000000000000e+04
7.373116983200000000e+10 3.514900000000000728e+04
7.378405442400000000e+10 2.689500000000000728e+04
7.384565498400000000e+10 2.627900000000000000e+04
7.408340154400000000e+10 3.235700000000000728e+04
7.422680804000000000e+10 3.158600000000000000e+04
7.426552668000000000e+10 2.452500000000000000e+04
7.430646778400000000e+10 2.136800000000000000e+04
7.479257111200000000e+10 4.629500000000000000e+04
7.497222976800000000e+10 4.114700000000000000e+04
7.499333677600000000e+10 2.735299999999999272e+04
7.528073053600000000e+10 4.557600000000000000e+04
7.528078480800000000e+10 5.425999999999992724e+03
7.535759941600000000e+10 2.943399999999999272e+04
7.597448447200000000e+10 5.359600000000000000e+04
7.610050036000000000e+10 3.954000000000000000e+04
7.611381983200000000e+10 2.785100000000000000e+04
7.612252114400000000e+10 2.098400000000000000e+04
7.613350106400000000e+10 1.819999999999999636e+04
7.620962357600000000e+10 1.984000000000000000e+04
7.629146429600000000e+10 1.945600000000000000e+04
7.675481492000000000e+10 3.972400000000000000e+04
7.708539944800000000e+10 4.447500000000000000e+04
7.752386477600000000e+10 5.248500000000000000e+04
7.752394919200000000e+10 1.963000000000000000e+04
7.812251469600000000e+10 6.936200000000000000e+04
7.812531076000000000e+10 3.949100000000000000e+04
7.837175535200000000e+10 3.951200000000000000e+04
7.842005612000000000e+10 3.013300000000000728e+04
7.910588682400000000e+10 6.484900000000000000e+04
7.910599461600000000e+10 2.723200000000000000e+04
7.912646946400000000e+10 2.880000000000000000e+04
7.931937063200000000e+10 3.440199999999999272e+04
7.936586610400000000e+10 2.736100000000000000e+04
7.947829280800000000e+10 2.703999999999999272e+04
7.959129642400000000e+10 2.736400000000000000e+04
7.975598196000000000e+10 3.132900000000000000e+04
7.980237242400000000e+10 2.529800000000000000e+04
7.987928781600000000e+10 2.385800000000000000e+04
7.993654698400000000e+10 2.033800000000000000e+04
7.993670276000000000e+10 1.398300000000000000e+04
7.996640437600000000e+10 1.389900000000000364e+04
8.015426559200000000e+10 2.144000000000000000e+04
8.016051415200000000e+10 1.641799999999999272e+04
8.022231712800000000e+10 1.645600000000000000e+04
8.044806194400000000e+10 2.550400000000000000e+04
8.075730445600000000e+10 3.656500000000000000e+04
8.078553076000000000e+10 2.784000000000000000e+04
8.105192468000000000e+10 3.643100000000000000e+04
8.106241727200000000e+10 2.460800000000000000e+04
8.108091568800000000e+10 1.975200000000000000e+04
8.127097173600000000e+10 2.525200000000000728e+04
8.127103431200000000e+10 5.140000000000003638e+03
8.136107189600000000e+10 2.298400000000000000e+04
8.143560116000000000e+10 2.253900000000000000e+04
8.143567949600000000e+10 7.013000000000003638e+03
8.163715362400000000e+10 2.591500000000000000e+04
8.164485896800000000e+10 1.929600000000000000e+04
8.165442380000000000e+10 1.497699999999999636e+04
8.185968672800000000e+10 2.360700000000000000e+04
8.207163346400000000e+10 3.013000000000000000e+04
8.236089855200000000e+10 3.758200000000000000e+04
8.241535138400000000e+10 2.950600000000000000e+04
8.245948821600000000e+10 2.574400000000000000e+04
8.246673781600000000e+10 1.820800000000000000e+04
8.274671572000000000e+10 3.235500000000000728e+04
8.274695471200000000e+10 2.156000000000000000e+04
8.290776194400000000e+10 2.660700000000000000e+04
8.313836805600000000e+10 3.362300000000000000e+04
8.328758584800000000e+10 3.363200000000000000e+04
8.328763789600000000e+10 2.268000000000000000e+03
8.330378605600000000e+10 2.151500000000000000e+04
8.338323978400000000e+10 2.091500000000000000e+04
8.343796746400000000e+10 1.923400000000000000e+04
8.368771632800000000e+10 2.913900000000000000e+04
8.414959637600000000e+10 5.016900000000000000e+04
8.416648360800000000e+10 3.084599999999999272e+04
8.424988836000000000e+10 2.803000000000000000e+04
8.452347901600000000e+10 3.624800000000000000e+04
8.469904119200000000e+10 3.619199999999999272e+04
8.472218834400000000e+10 2.548800000000000000e+04
8.495467480800000000e+10 3.352000000000000000e+04
8.550513978400000000e+10 5.821300000000000000e+04
8.560425463200000000e+10 3.894700000000000000e+04
8.601195295200000000e+10 5.056900000000000000e+04
8.640256077600000000e+10 6.241100000000000000e+04
8.643708530400000000e+10 3.803700000000000000e+04
8.648870466400000000e+10 2.954500000000000000e+04
8.648888072800000000e+10 1.919400000000000728e+04
8.679043167200000000e+10 3.527000000000000000e+04
8.704173706400000000e+10 3.994700000000000000e+04
8.711060015200000000e+10 3.298899999999999272e+04
8.718805772000000000e+10 2.789100000000000000e+04
8.730984090400000000e+10 2.897700000000000000e+04
8.755888476000000000e+10 3.543600000000000000e+04
8.766246669600000000e+10 2.962600000000000000e+04
8.796076751200000000e+10 4.198700000000000000e+04
8.796083312800000000e+10 1.141200000000000364e+04
8.799833509600000000e+10 2.768600000000000000e+04
8.803721557600000000e+10 2.128000000000000000e+04
8.803727458400000000e+10 2.213000000000007276e+03
8.804356765600000000e+10 1.490000000000000000e+04
8.813201863200000000e+10 1.809600000000000000e+04
8.849259356000000000e+10 3.549400000000000000e+04
8.849269794400000000e+10 1.751800000000000000e+04
8.864035269600000000e+10 2.997599999999999272e+04
8.901769799200000000e+10 4.432000000000000000e+04
8.907625136800000000e+10 3.279900000000000000e+04
8.920184650400000000e+10 3.016300000000000000e+04
8.931667317600000000e+10 3.084800000000000000e+04
8.942317205600000000e+10 2.692400000000000000e+04
8.950516448800000000e+10 2.736900000000000000e+04
8.952614930400000000e+10 2.038799999999999272e+04
8.969525367200000000e+10 2.447700000000000000e+04
8.973811716000000000e+10 2.132100000000000728e+04
8.983451412000000000e+10 2.098300000000000728e+04
8.985981821600000000e+10 1.803200000000000364e+04
8.986001794400000000e+10 1.311800000000000000e+04
8.994458106400000000e+10 1.589400000000000000e+04
8.996974660000000000e+10 1.442200000000000364e+04
