0	0	
1	45	
2	45	
3	54	
4	52	
5	48	
6	48	
7	55	
8	58	
9	66	
10	69	
11	80	
12	84	
13	94	
14	113	
15	100	
16	95	
17	87	
18	101	
19	97	
20	124	
21	126	
22	113	
23	83	
24	53	
25	55	
26	54	
27	58	
28	57	
29	50	
30	41	
31	51	
32	58	
33	53	
34	45	
35	38	
36	41	
37	42	
38	38	
39	30	
40	41	
41	43	
42	39	
43	46	
44	47	
45	42	
46	46	
47	41	
48	41	
49	52	
50	42	
51	37	
52	38	
53	39	
54	51	
55	35	
56	30	
57	39	
58	47	
59	50	
60	35	
61	34	
62	55	
63	71	
64	87	
65	80	
66	74	
67	94	
68	93	
69	117	
70	124	
71	136	
72	105	
73	126	
74	154	
75	145	
76	218	
77	210	
78	174	
79	138	
80	129	
81	109	
82	61	
83	46	
84	66	
85	75	
86	73	
87	68	
88	68	
89	66	
90	72	
91	70	
92	68	
93	61	
94	75	
95	62	
96	81	
97	93	
98	108	
99	75	
100	67	
101	59	
102	61	
103	47	
104	70	
105	56	
106	58	
107	49	
108	72	
109	63	
110	72	
111	71	
112	60	
113	80	
114	70	
115	57	
116	62	
117	38	
118	45	
119	40	
120	36	
121	42	
122	45	
123	49	
124	44	
125	57	
126	65	
127	66	
128	59	
129	61	
130	51	
131	59	
132	49	
133	52	
134	45	
135	50	
136	47	
137	51	
138	78	
139	59	
140	65	
141	61	
142	79	
143	69	
144	68	
145	48	
146	43	
147	39	
148	43	
149	44	
150	41	
151	52	
152	41	
153	57	
154	50	
155	38	
156	47	
157	33	
158	40	
159	34	
160	36	
161	36	
162	40	
163	44	
164	37	
165	42	
166	47	
167	42	
168	43	
169	38	
170	38	
171	42	
172	40	
173	36	
174	40	
175	36	
176	36	
177	38	
178	33	
179	39	
180	40	
181	38	
182	38	
183	46	
184	34	
185	38	
186	35	
187	44	
188	40	
189	43	
190	49	
191	42	
192	38	
193	37	
194	42	
195	37	
196	33	
197	40	
198	51	
199	52	
200	46	
201	51	
202	50	
203	50	
204	38	
205	46	
206	67	
207	55	
208	53	
209	47	
210	48	
211	82	
212	108	
213	82	
214	78	
215	88	
216	105	
217	66	
218	54	
219	55	
220	46	
221	45	
222	57	
223	54	
224	91	
225	110	
226	98	
227	93	
228	79	
229	151	
230	207	
231	198	
232	196	
233	183	
234	185	
235	237	
236	204	
237	117	
238	101	
239	108	
240	125	
241	105	
242	110	
243	104	
244	120	
245	142	
246	147	
247	119	
248	155	
249	138	
250	155	
251	159	
252	146	
253	70	
254	56	
255	62	
256	51	
257	43	
258	39	
259	43	
260	43	
261	54	
262	72	
263	103	
264	69	
265	64	
266	75	
267	48	
268	53	
269	39	
270	48	
271	44	
272	44	
273	40	
274	46	
275	36	
276	47	
277	48	
278	60	
279	69	
280	59	
281	74	
282	60	
283	88	
284	63	
285	65	
286	57	
287	41	
288	40	
289	47	
290	46	
291	45	
292	38	
293	41	
294	36	
295	41	
296	40	
297	44	
298	39	
299	46	
300	38	
301	48	
302	48	
303	45	
304	44	
305	42	
306	48	
307	38	
308	44	
309	52	
310	51	
311	50	
312	55	
313	49	
314	45	
315	51	
316	50	
317	57	
318	47	
319	52	
320	51	
321	47	
322	63	
323	60	
324	58	
325	79	
326	95	
327	87	
328	86	
329	94	
330	107	
331	97	
332	83	
333	80	
334	71	
335	60	
336	50	
337	47	
338	49	
339	49	
340	46	
341	53	
342	63	
343	53	
344	46	
345	45	
346	49	
347	60	
348	66	
349	59	
350	56	
351	54	
352	50	
353	43	
354	40	
355	43	
356	51	
357	52	
358	57	
359	59	
360	59	
361	56	
362	51	
363	63	
364	71	
365	67	
366	55	
367	54	
368	57	
369	61	
370	59	
371	54	
372	59	
373	50	
374	46	
375	44	
376	50	
377	62	
378	42	
379	47	
380	42	
381	38	
382	44	
383	41	
384	40	
385	42	
386	53	
387	52	
388	48	
389	46	
390	50	
391	49	
392	65	
393	72	
394	81	
395	78	
396	71	
397	70	
398	63	
399	59	
400	51	
401	52	
402	55	
403	42	
404	47	
405	51	
406	40	
407	46	
408	51	
409	66	
410	58	
411	46	
412	38	
413	36	
414	34	
415	36	
416	46	
417	47	
418	71	
419	46	
420	46	
421	60	
422	62	
423	57	
424	91	
425	59	
426	51	
427	53	
428	60	
429	51	
430	58	
431	59	
432	51	
433	46	
434	45	
435	49	
436	47	
437	45	
438	46	
439	39	
440	48	
441	68	
442	67	
443	58	
444	81	
445	101	
446	99	
447	109	
448	129	
449	95	
450	88	
451	67	
452	92	
453	72	
454	60	
455	62	
456	73	
457	68	
458	113	
459	131	
460	130	
461	141	
462	153	
463	147	
464	104	
465	114	
466	120	
467	82	
468	62	
469	77	
470	89	
471	126	
472	174	
473	255	
474	255	
475	255	
476	255	
477	255	
478	255	
479	255	
480	255	
481	255	
482	255	
483	213	
484	203	
485	159	
486	201	
487	255	
488	238	
489	140	
490	192	
491	124	
492	145	
493	152	
494	147	
495	150	
496	126	
497	117	
498	135	
499	100	
500	100	
501	89	
502	61	
503	79	
504	75	
505	57	
506	51	
507	47	
508	51	
509	46	
510	47	
511	51	
512	71	
513	61	
514	59	
515	76	
516	91	
517	70	
518	77	
519	62	
520	64	
521	69	
522	52	
523	50	
524	62	
525	59	
526	48	
527	56	
528	51	
529	36	
530	42	
531	42	
532	43	
533	37	
534	39	
535	37	
536	35	
537	40	
538	34	
539	35	
540	46	
541	46	
542	65	
543	49	
544	55	
545	59	
546	54	
547	55	
548	52	
549	56	
550	54	
551	70	
552	56	
553	52	
554	50	
555	63	
556	57	
557	55	
558	54	
559	82	
560	69	
561	62	
562	58	
563	58	
564	52	
565	63	
566	53	
567	43	
568	42	
569	55	
570	41	
571	36	
572	39	
573	38	
574	43	
575	37	
576	37	
577	34	
578	38	
579	34	
580	40	
581	34	
582	37	
583	42	
584	54	
585	36	
586	40	
587	44	
588	46	
589	34	
590	42	
591	43	
592	43	
593	41	
594	58	
595	40	
596	50	
597	52	
598	55	
599	44	
600	65	
601	56	
602	59	
603	52	
604	48	
605	67	
606	55	
607	65	
608	57	
609	49	
610	55	
611	70	
612	52	
613	54	
614	57	
615	52	
616	68	
617	69	
618	53	
619	48	
620	49	
621	41	
622	37	
623	44	
624	40	
625	53	
626	49	
627	46	
628	47	
629	54	
630	56	
631	51	
632	51	
633	60	
634	49	
635	46	
636	51	
637	49	
638	47	
639	44	
640	47	
641	34	
642	40	
643	38	
644	40	
645	43	
646	42	
647	41	
648	40	
649	36	
650	46	
651	44	
652	35	
653	46	
654	50	
655	42	
656	39	
657	44	
658	44	
659	43	
660	36	
661	40	
662	37	
663	39	
664	67	
665	42	
666	49	
667	45	
668	44	
669	40	
670	43	
671	44	
672	38	
673	44	
674	40	
675	40	
676	36	
677	39	
678	44	
679	37	
680	45	
681	43	
682	51	
683	54	
684	42	
685	45	
686	42	
687	50	
688	55	
689	47	
690	48	
691	53	
692	57	
693	57	
694	42	
695	40	
696	48	
697	44	
698	43	
699	61	
700	63	
701	54	
702	57	
703	59	
704	61	
705	45	
706	48	
707	39	
708	38	
709	39	
710	39	
711	37	
712	38	
713	41	
714	34	
715	34	
716	35	
717	39	
718	32	
719	35	
720	35	
721	38	
722	33	
723	34	
724	31	
725	35	
726	41	
727	35	
728	35	
729	39	
730	38	
731	37	
732	42	
733	39	
734	41	
735	38	
736	39	
737	42	
738	55	
739	45	
740	82	
741	57	
742	49	
743	46	
744	53	
745	59	
746	50	
747	52	
748	54	
749	59	
750	54	
751	48	
752	52	
753	49	
754	55	
755	48	
756	44	
757	62	
758	45	
759	54	
760	59	
761	52	
762	52	
763	57	
764	59	
765	40	
766	41	
767	46	
768	53	
769	44	
770	36	
771	35	
772	45	
773	57	
774	44	
775	40	
776	46	
777	44	
778	46	
779	46	
780	49	
781	46	
782	55	
783	52	
784	49	
785	53	
786	64	
787	49	
788	47	
789	49	
790	55	
791	53	
792	59	
793	66	
794	71	
795	87	
796	74	
797	65	
798	66	
799	86	
800	74	
801	82	
802	107	
803	126	
804	110	
805	105	
806	109	
807	113	
808	113	
809	109	
810	123	
811	104	
812	94	
813	86	
814	70	
815	56	
816	60	
817	62	
818	64	
819	71	
820	53	
821	46	
822	39	
823	55	
824	53	
825	52	
826	59	
827	54	
828	54	
829	40	
830	53	
831	53	
832	65	
833	64	
834	78	
835	67	
836	70	
837	85	
838	98	
839	133	
840	175	
841	215	
842	255	
843	221	
844	206	
845	183	
846	213	
847	162	
848	167	
849	166	
850	145	
851	127	
852	109	
853	119	
854	123	
855	106	
856	112	
857	97	
858	108	
859	112	
860	121	
861	154	
862	151	
863	142	
864	159	
865	140	
866	101	
867	102	
868	108	
869	79	
870	103	
871	140	
872	155	
873	93	
874	78	
875	86	
876	86	
877	68	
878	87	
879	59	
880	67	
881	74	
882	56	
883	63	
884	68	
885	86	
886	90	
887	119	
888	69	
889	80	
890	73	
891	65	
892	67	
893	79	
894	56	
895	49	
896	64	
897	55	
898	45	
899	52	
900	43	
901	49	
902	50	
903	37	
904	46	
905	39	
906	39	
907	46	
908	47	
909	71	
910	59	
911	63	
912	46	
913	44	
914	47	
915	52	
916	54	
917	63	
918	44	
919	51	
920	45	
921	44	
922	52	
923	49	
924	43	
925	42	
926	40	
927	37	
928	33	
929	31	
930	44	
931	38	
932	36	
933	45	
934	42	
935	41	
936	41	
937	38	
938	43	
939	46	
940	40	
941	39	
942	41	
943	43	
944	41	
945	49	
946	51	
947	53	
948	50	
949	47	
950	41	
951	45	
952	39	
953	44	
954	48	
955	45	
956	40	
957	47	
958	40	
959	50	
960	50	
961	52	
962	56	
963	63	
964	72	
965	76	
966	82	
967	104	
968	104	
969	123	
970	120	
971	105	
972	101	
973	87	
974	77	
975	65	
976	58	
977	44	
978	50	
979	58	
980	58	
981	62	
982	58	
983	52	
984	48	
985	51	
986	54	
987	53	
988	56	
989	50	
990	53	
991	59	
992	61	
993	70	
994	77	
995	73	
996	75	
997	59	
998	53	
999	59	
1000	59	
1001	58	
1002	55	
1003	51	
1004	46	
1005	51	
1006	45	
1007	52	
1008	59	
1009	52	
1010	51	
1011	48	
1012	42	
1013	42	
1014	44	
1015	39	
1016	41	
1017	44	
1018	43	
1019	49	
1020	45	
1021	58	
1022	44	
1023	53	
1024	54	
1025	48	
1026	40	
1027	46	
1028	49	
1029	39	
1030	41	
1031	35	
1032	39	
1033	40	
1034	34	
1035	36	
1036	43	
1037	48	
1038	52	
1039	44	
1040	41	
1041	44	
1042	56	
1043	48	
1044	57	
1045	44	
1046	41	
1047	44	
1048	39	
1049	47	
1050	54	
1051	48	
1052	58	
1053	63	
1054	69	
1055	64	
1056	78	
1057	67	
1058	55	
1059	60	
1060	48	
1061	54	
1062	55	
1063	59	
1064	67	
1065	57	
1066	63	
1067	58	
1068	62	
1069	52	
1070	54	
1071	52	
1072	46	
1073	47	
1074	47	
1075	58	
1076	49	
1077	47	
1078	50	
1079	64	
1080	68	
1081	85	
1082	121	
1083	162	
1084	200	
1085	184	
1086	223	
1087	255	
1088	255	
1089	255	
1090	255	
1091	255	
1092	249	
1093	248	
1094	213	
1095	192	
1096	157	
1097	105	
1098	59	
1099	51	
1100	52	
1101	52	
1102	54	
1103	60	
1104	56	
1105	67	
1106	72	
1107	53	
1108	48	
1109	48	
1110	52	
1111	56	
1112	51	
1113	42	
1114	40	
1115	39	
1116	42	
1117	40	
1118	34	
1119	34	
1120	34	
1121	37	
1122	37	
1123	30	
1124	40	
1125	50	
1126	42	
1127	45	
1128	41	
1129	39	
1130	49	
1131	39	
1132	46	
1133	40	
1134	36	
1135	40	
1136	43	
1137	46	
1138	42	
1139	42	
1140	39	
1141	40	
1142	41	
1143	38	
1144	38	
1145	30	
1146	38	
1147	40	
1148	44	
1149	43	
1150	51	
1151	52	
1152	56	
1153	52	
1154	50	
1155	43	
1156	41	
1157	46	
1158	47	
1159	46	
1160	45	
1161	44	
1162	48	
1163	53	
1164	55	
1165	48	
1166	56	
1167	42	
1168	38	
1169	40	
1170	41	
1171	44	
1172	46	
1173	52	
1174	50	
1175	56	
1176	55	
1177	56	
1178	51	
1179	54	
1180	44	
1181	42	
1182	45	
1183	44	
1184	41	
1185	43	
1186	44	
1187	48	
1188	48	
1189	44	
1190	48	
1191	39	
1192	48	
1193	49	
1194	59	
1195	46	
1196	40	
1197	40	
1198	63	
1199	41	
1200	49	
1201	45	
1202	39	
1203	41	
1204	55	
1205	39	
1206	45	
1207	40	
1208	40	
1209	49	
1210	51	
1211	66	
1212	67	
1213	68	
1214	37	
1215	46	
1216	45	
1217	43	
1218	41	
1219	51	
1220	67	
1221	59	
1222	43	
1223	48	
1224	77	
1225	72	
1226	67	
1227	99	
1228	133	
1229	149	
1230	184	
1231	182	
1232	183	
1233	121	
1234	122	
1235	129	
1236	167	
1237	216	
1238	246	
1239	216	
1240	204	
1241	195	
1242	138	
1243	101	
1244	59	
1245	54	
1246	42	
1247	40	
1248	48	
1249	45	
1250	45	
1251	52	
1252	45	
1253	38	
1254	40	
1255	33	
1256	33	
1257	41	
1258	46	
1259	36	
1260	31	
1261	36	
1262	38	
1263	33	
1264	37	
1265	35	
1266	35	
1267	41	
1268	38	
1269	38	
1270	34	
1271	37	
1272	42	
1273	34	
1274	43	
1275	40	
1276	38	
1277	39	
1278	36	
1279	41	
1280	45	
1281	40	
1282	43	
1283	43	
1284	40	
1285	33	
1286	37	
1287	36	
1288	38	
1289	40	
1290	42	
1291	47	
1292	41	
1293	48	
1294	46	
1295	46	
1296	51	
1297	61	
1298	60	
1299	60	
1300	66	
1301	77	
1302	76	
1303	74	
1304	58	
1305	51	
1306	54	
1307	49	
1308	37	
1309	47	
1310	39	
1311	36	
1312	41	
1313	39	
1314	47	
1315	35	
1316	39	
1317	42	
1318	38	
1319	41	
1320	44	
1321	40	
1322	38	
1323	43	
1324	38	
1325	44	
1326	41	
1327	45	
1328	60	
1329	46	
1330	43	
1331	51	
1332	55	
1333	63	
1334	53	
1335	52	
1336	65	
1337	53	
1338	49	
1339	67	
1340	78	
1341	85	
1342	84	
1343	124	
1344	146	
1345	134	
1346	137	
1347	171	
1348	143	
1349	109	
1350	130	
1351	127	
1352	112	
